"FID_","ID","NAME","X","Y"
,1,121.336269,31.198042
,1,121.337135,31.182054
,2,121.331562,31.214118
,2,121.333290,31.182250
,3,121.333226,31.183429
,3,121.337054,31.183559
,4,121.333226,31.183429
,4,121.329924,31.183358
,5,121.331624,31.212966
,5,121.335454,31.213073
,6,121.331624,31.212966
,6,121.329401,31.212866
,6,121.329244,31.212858
,6,121.329198,31.212867
,6,121.329099,31.212897
,6,121.329002,31.212946
,6,121.328907,31.213042
,6,121.328841,31.213176
,7,121.333136,31.213008
,7,121.333273,31.212980
,7,121.333362,31.212935
,7,121.333464,31.212857
,7,121.333529,31.212758
,7,121.333562,31.212655
,7,121.335114,31.183846
,7,121.335086,31.183741
,7,121.335036,31.183662
,7,121.334949,31.183576
,7,121.334828,31.183515
,7,121.334710,31.183479
,8,121.335114,31.183846
,8,121.335179,31.183717
,8,121.335237,31.183643
,8,121.335335,31.183584
,8,121.335467,31.183524
,8,121.335596,31.183509
,9,121.333562,31.212655
,9,121.333582,31.212790
,9,121.333659,31.212900
,9,121.333756,31.212972
,9,121.333897,31.213029
,10,121.328841,31.213176
,10,121.328370,31.217200
,10,121.328393,31.217467
,10,121.328472,31.217653
,10,121.328641,31.217846
,10,121.328891,31.217982
,10,121.333386,31.218910
,10,121.337309,31.219046
,10,121.337649,31.218938
,10,121.337932,31.218763
,10,121.338085,31.218480
,10,121.338130,31.218146
,10,121.338118,31.212968
,11,121.328841,31.213176
,11,121.329381,31.203559
,11,121.330476,31.183369
,12,121.330476,31.183369
,12,121.330457,31.179537
,12,121.330481,31.179395
,12,121.330532,31.179257
,12,121.330585,31.179176
,12,121.331673,31.177817
,12,121.331831,31.177677
,12,121.331931,31.177621
,12,121.332086,31.177559
,12,121.332295,31.177513
,12,121.337857,31.177728
,12,121.338130,31.177789
,12,121.338391,31.177940
,12,121.339966,31.179229
,12,121.340089,31.179563
,13,121.328879,31.212480
,13,121.328907,31.212607
,13,121.328962,31.212693
,13,121.329040,31.212765
,13,121.329145,31.212823
,13,121.329244,31.212858
,14,121.329401,31.212866
,14,121.329535,31.212810
,14,121.329695,31.212661
,14,121.329738,31.212523
,14,121.331305,31.183670
,14,121.331278,31.183569
,14,121.331221,31.183483
,14,121.331146,31.183407
,14,121.331053,31.183382
,15,121.329738,31.212523
,15,121.329786,31.212664
,15,121.329851,31.212761
,15,121.329942,31.212822
,15,121.330105,31.212895
,16,121.331031,31.212938
,16,121.331246,31.212904
,16,121.331382,31.212841
,16,121.331495,31.212752
,16,121.331586,31.212616
,16,121.331653,31.212441
,17,121.331653,31.212441
,17,121.331692,31.212633
,17,121.331783,31.212756
,17,121.331891,31.212856
,17,121.332016,31.212934
,17,121.332181,31.212982
,18,121.333571,31.212494
,18,121.333654,31.212098
,18,121.333769,31.211817
,18,121.333938,31.211554
,18,121.335681,31.208889
,19,121.333964,31.211515
,19,121.333855,31.211604
,19,121.333728,31.211660
,19,121.333614,31.211674
,20,121.333614,31.211674
,20,121.331699,31.211597
,21,121.331699,31.211597
,21,121.329792,31.211524
,22,121.329792,31.211524
,22,121.329425,31.211505
,23,121.333594,31.212050
,23,121.333564,31.211919
,23,121.333514,31.211825
,23,121.333445,31.211769
,23,121.333347,31.211707
,23,121.333200,31.211657
,24,121.333200,31.211657
,24,121.333334,31.211623
,24,121.333452,31.211575
,24,121.333521,31.211520
,24,121.333575,31.211447
,24,121.333634,31.211307
,25,121.333679,31.210480
,25,121.333703,31.210573
,25,121.333755,31.210664
,25,121.333811,31.210722
,25,121.333889,31.210782
,25,121.333995,31.210827
,25,121.334100,31.210841
,25,121.334289,31.210837
,25,121.334433,31.210798
,26,121.333762,31.208930
,26,121.333808,31.208628
,26,121.333879,31.208380
,26,121.334035,31.208097
,26,121.334608,31.207257
,26,121.335869,31.205413
,27,121.333873,31.206873
,27,121.333909,31.206995
,27,121.333961,31.207069
,27,121.334035,31.207142
,27,121.334135,31.207205
,27,121.334213,31.207229
,27,121.334348,31.207248
,27,121.334486,31.207235
,27,121.334642,31.207209
,28,121.333935,31.205725
,28,121.334022,31.205348
,28,121.334166,31.204999
,28,121.334815,31.204046
,28,121.336045,31.202176
,29,121.332047,31.205169
,29,121.333551,31.205228
,29,121.333682,31.205237
,29,121.333824,31.205233
,29,121.333854,31.205225
,30,121.332047,31.205169
,30,121.330228,31.205094
,31,121.330142,31.205090
,31,121.329645,31.205071
,31,121.329555,31.205094
,31,121.329445,31.205146
,31,121.329376,31.205200
,31,121.329312,31.205297
,31,121.329276,31.205421
,32,121.333965,31.205176
,32,121.334166,31.204999
,33,121.332273,31.201000
,33,121.332326,31.201706
,33,121.332399,31.202133
,33,121.332535,31.202601
,33,121.332729,31.203059
,33,121.333219,31.203936
,33,121.333854,31.205225
,33,121.333935,31.205725
,34,121.333206,31.203912
,34,121.333334,31.204003
,34,121.333441,31.204052
,34,121.333587,31.204061
,34,121.333782,31.204024
,34,121.333885,31.203957
,34,121.334001,31.203851
,34,121.334043,31.203732
,35,121.334043,31.203732
,35,121.334092,31.203872
,35,121.334178,31.203970
,35,121.334314,31.204058
,35,121.334473,31.204091
,35,121.334643,31.204076
,35,121.334768,31.204009
,35,121.334915,31.203894
,36,121.334291,31.199111
,36,121.334326,31.198969
,36,121.334392,31.198856
,36,121.334490,31.198787
,36,121.334726,31.198736
,36,121.336231,31.198745
,37,121.334726,31.198736
,37,121.334552,31.198671
,37,121.334461,31.198602
,37,121.334377,31.198482
,37,121.334333,31.198333
,38,121.334631,31.192810
,38,121.334695,31.192661
,38,121.334769,31.192577
,38,121.334842,31.192519
,38,121.334939,31.192486
,38,121.335075,31.192465
,38,121.335273,31.192488
,38,121.335425,31.192569
,38,121.336459,31.194529
,39,121.335425,31.192569
,39,121.335005,31.191782
,39,121.334827,31.191333
,39,121.334738,31.190819
,40,121.334797,31.189731
,40,121.334843,31.189558
,40,121.334919,31.189450
,40,121.335013,31.189375
,40,121.335137,31.189332
,40,121.335286,31.189321
,40,121.335513,31.189365
,40,121.335688,31.189495
,40,121.336340,31.190808
,40,121.336620,31.191561
,41,121.335688,31.189495
,41,121.335177,31.188594
,41,121.335051,31.188343
,41,121.334992,31.188147
,41,121.334925,31.187798
,41,121.334911,31.187611
,42,121.334991,31.186127
,42,121.335033,31.185951
,42,121.335101,31.185851
,42,121.335219,31.185774
,42,121.335356,31.185724
,42,121.335563,31.185715
,42,121.335688,31.185774
,42,121.336536,31.187126
,42,121.336723,31.187424
,42,121.336829,31.187702
,43,121.335688,31.185774
,43,121.335454,31.185147
,43,121.335244,31.184763
,43,121.335144,31.184461
,43,121.335101,31.184080
,44,121.334320,31.198572
,44,121.334248,31.198419
,44,121.334156,31.198330
,44,121.333946,31.198255
,44,121.332425,31.198201
,45,121.333946,31.198255
,45,121.334124,31.198195
,45,121.334210,31.198132
,45,121.334297,31.198043
,45,121.334358,31.197882
,46,121.332425,31.198201
,46,121.330911,31.198123
,46,121.330776,31.198155
,46,121.330646,31.198224
,46,121.330551,31.198321
,46,121.330502,31.198469
,47,121.330911,31.198123
,47,121.330747,31.198074
,47,121.330652,31.197997
,47,121.330592,31.197913
,47,121.330540,31.197758
,48,121.332588,31.195193
,48,121.332768,31.194393
,48,121.332932,31.193968
,48,121.333126,31.193589
,48,121.333801,31.192574
,48,121.334569,31.191417
,48,121.334738,31.190819
,49,121.334631,31.192810
,49,121.334556,31.192594
,49,121.334410,31.192490
,49,121.334271,31.192438
,49,121.334093,31.192438
,49,121.333933,31.192480
,49,121.333801,31.192574
,50,121.334624,31.191223
,50,121.334407,31.191164
,50,121.332810,31.191092
,51,121.332810,31.191092
,51,121.330905,31.191029
,52,121.330905,31.191029
,52,121.330062,31.190995
,53,121.330062,31.190995
,53,121.326097,31.190841
,53,121.326005,31.190867
,53,121.325867,31.190934
,53,121.325791,31.191017
,53,121.325757,31.191094
,53,121.325717,31.191927
,53,121.325733,31.192029
,53,121.325810,31.192153
,53,121.325886,31.192216
,53,121.325990,31.192260
,53,121.326097,31.192280
,53,121.329984,31.192439
,54,121.331669,31.212143
,54,121.331639,31.211966
,54,121.331596,31.211872
,54,121.331506,31.211765
,54,121.331399,31.211668
,54,121.331136,31.211576
,55,121.331136,31.211576
,55,121.331319,31.211540
,55,121.331461,31.211476
,55,121.331532,31.211419
,55,121.331623,31.211316
,55,121.331683,31.211224
,55,121.331727,31.211066
,56,121.331727,31.211066
,56,121.331760,31.211242
,56,121.331829,31.211366
,56,121.331905,31.211453
,56,121.331983,31.211510
,56,121.332091,31.211569
,56,121.332259,31.211620
,57,121.332259,31.211620
,57,121.332132,31.211645
,57,121.332033,31.211684
,57,121.331932,31.211724
,57,121.331841,31.211799
,57,121.331772,31.211884
,57,121.331713,31.211987
,57,121.331669,31.212143
,58,121.331901,31.205163
,58,121.331657,31.205782
,58,121.331260,31.206427
,58,121.330858,31.206978
,58,121.330277,31.207836
,58,121.330139,31.208115
,58,121.330012,31.208370
,58,121.329950,31.208620
,59,121.330858,31.206978
,59,121.330670,31.207082
,59,121.330476,31.207097
,59,121.330343,31.207065
,59,121.330193,31.206988
,59,121.330114,31.206899
,59,121.330053,31.206724
,60,121.332588,31.195193
,60,121.332489,31.194387
,60,121.332310,31.193760
,60,121.331636,31.192428
,60,121.331025,31.191312
,60,121.330970,31.191031
,61,121.331670,31.192496
,61,121.331534,31.192377
,61,121.331389,31.192337
,61,121.331256,31.192334
,61,121.331061,31.192367
,61,121.330916,31.192440
,61,121.330828,31.192457
,62,121.331061,31.192367
,62,121.330931,31.192449
,62,121.330873,31.192513
,62,121.330818,31.192636
,63,121.331390,31.191978
,63,121.331298,31.191871
,63,121.331158,31.191790
,63,121.331023,31.191759
,63,121.330866,31.191753
,64,121.332754,31.192123
,64,121.332632,31.191086
,65,121.332632,31.191086
,65,121.332492,31.190634
,65,121.331809,31.189293
,65,121.331256,31.188279
,65,121.331168,31.188036
,65,121.331091,31.187614
,66,121.331820,31.189314
,66,121.331647,31.189194
,66,121.331450,31.189170
,66,121.331267,31.189198
,66,121.331119,31.189289
,66,121.331034,31.189377
,66,121.330989,31.189497
,67,121.335454,31.185147
,67,121.335339,31.184984
,67,121.335231,31.184909
,67,121.335099,31.184866
,67,121.335059,31.184863
,68,121.335059,31.184863
,68,121.333152,31.184783
,69,121.333152,31.184783
,69,121.331249,31.184700
,70,121.335041,31.185198
,70,121.335011,31.185086
,70,121.334966,31.185018
,70,121.334899,31.184955
,70,121.334783,31.184881
,70,121.334669,31.184846
,71,121.334669,31.184846
,71,121.334836,31.184795
,71,121.334925,31.184744
,71,121.335006,31.184664
,71,121.335056,31.184575
,71,121.335079,31.184501
,72,121.333123,31.185316
,72,121.333177,31.185127
,72,121.333256,31.185010
,72,121.333340,31.184937
,72,121.333458,31.184872
,72,121.333698,31.184806
,73,121.333698,31.184806
,73,121.333491,31.184728
,73,121.333365,31.184641
,73,121.333282,31.184534
,73,121.333214,31.184420
,73,121.333183,31.184216
,74,121.333183,31.184216
,74,121.333144,31.184379
,74,121.333082,31.184494
,74,121.332990,31.184596
,74,121.332817,31.184699
,74,121.332573,31.184758
,75,121.332573,31.184758
,75,121.332699,31.184780
,75,121.332821,31.184828
,75,121.332906,31.184887
,75,121.333004,31.184978
,75,121.333052,31.185052
,75,121.333097,31.185166
,75,121.333123,31.185316
,76,121.331249,31.184700
,76,121.330764,31.184682
,76,121.330698,31.184694
,76,121.330610,31.184726
,76,121.330533,31.184766
,76,121.330470,31.184831
,76,121.330413,31.184908
,76,121.330387,31.185006
,77,121.330764,31.184682
,77,121.330649,31.184648
,77,121.330554,31.184587
,77,121.330474,31.184505
,77,121.330435,31.184386
,77,121.330425,31.184314
,78,121.330869,31.184686
,78,121.330985,31.184716
,78,121.331066,31.184768
,78,121.331155,31.184855
,78,121.331209,31.184972
,78,121.331230,31.185061
,79,121.331230,31.185061
,79,121.331256,31.184976
,79,121.331304,31.184904
,79,121.331364,31.184838
,79,121.331445,31.184779
,79,121.331542,31.184740
,79,121.331662,31.184718
,80,121.331662,31.184718
,80,121.331543,31.184682
,80,121.331445,31.184627
,80,121.331347,31.184538
,80,121.331298,31.184452
,80,121.331268,31.184345
,81,121.331268,31.184345
,81,121.331237,31.184455
,81,121.331157,31.184558
,81,121.331074,31.184618
,81,121.330968,31.184664
,81,121.330869,31.184686
,82,121.331305,31.183670
,82,121.331355,31.183560
,82,121.331441,31.183475
,82,121.331520,31.183422
,82,121.331629,31.183394
,83,121.333197,31.183966
,83,121.333174,31.183803
,83,121.333120,31.183679
,83,121.333006,31.183569
,83,121.332878,31.183477
,83,121.332694,31.183417
,84,121.333197,31.183966
,84,121.333261,31.183755
,84,121.333337,31.183646
,84,121.333450,31.183551
,84,121.333770,31.183447
,85,121.330461,31.183645
,85,121.330400,31.183506
,85,121.330344,31.183440
,85,121.330174,31.183363
,86,121.330461,31.183645
,86,121.330494,31.183541
,86,121.330548,31.183474
,86,121.330610,31.183418
,86,121.330730,31.183375
,87,121.330174,31.183363
,87,121.330325,31.183291
,87,121.330411,31.183208
,87,121.330474,31.183057
,88,121.330474,31.183057
,88,121.330564,31.183214
,88,121.330651,31.183295
,88,121.330730,31.183375
,89,121.335044,31.213061
,89,121.335180,31.213027
,89,121.335330,31.212885
,89,121.335480,31.212598
,90,121.335480,31.212598
,90,121.335521,31.212813
,90,121.335605,31.212984
,90,121.335715,31.213065
,90,121.335877,31.213120
,90,121.336048,31.213114
,90,121.336193,31.213059
,90,121.337461,31.212164
,91,121.335528,31.211710
,91,121.335588,31.211939
,91,121.335721,31.212080
,91,121.335883,31.212170
,91,121.336037,31.212214
,91,121.336969,31.212254
,91,121.337198,31.212243
,91,121.337461,31.212164
,91,121.337618,31.212060
,91,121.337829,31.211878
,91,121.337991,31.211672
,91,121.338069,31.211487
,91,121.339533,31.184650
,91,121.339511,31.184421
,91,121.339421,31.184181
,91,121.339202,31.183908
,91,121.339038,31.183786
,92,121.338232,31.208500
,92,121.338001,31.207557
,92,121.336443,31.205071
,92,121.336277,31.204639
,92,121.336130,31.204142
,92,121.335984,31.203292
,93,121.337558,31.206850
,93,121.337683,31.206909
,93,121.337878,31.206932
,93,121.338030,31.206905
,93,121.338205,31.206822
,93,121.338288,31.206734
,93,121.338339,31.206548
,94,121.337054,31.183559
,94,121.338452,31.183639
,94,121.338886,31.183748
,94,121.340227,31.184084
,94,121.340341,31.184181
,94,121.340391,31.184296
,94,121.340411,31.184392
,94,121.339618,31.198918
,95,121.339511,31.184421
,95,121.339602,31.184237
,95,121.339721,31.184117
,95,121.339921,31.184050
,95,121.340092,31.184050
,96,121.336631,31.191354
,96,121.336814,31.190492
,96,121.337090,31.189806
,96,121.338694,31.187633
,96,121.339320,31.186784
,96,121.339438,31.186389
,97,121.339352,31.187970
,97,121.339256,31.187793
,97,121.339092,31.187684
,97,121.338918,31.187646
,97,121.338771,31.187675
,97,121.338515,31.187875
,98,121.336465,31.194418
,98,121.336632,31.193678
,98,121.336799,31.193225
,98,121.337015,31.192771
,98,121.338381,31.190902
,98,121.339147,31.189936
,98,121.339262,31.189624
,99,121.339174,31.191235
,99,121.339051,31.190944
,99,121.338892,31.190848
,99,121.338718,31.190831
,99,121.338343,31.190953
,100,121.336201,31.199288
,100,121.336285,31.199059
,100,121.336442,31.198934
,100,121.336630,31.198849
,100,121.336778,31.198826
,100,121.338757,31.198884
,101,121.336778,31.198826
,101,121.336546,31.198735
,101,121.336437,31.198624
,101,121.336320,31.198505
,101,121.336253,31.198337
,102,121.338757,31.198884
,102,121.344047,31.199093
,103,121.338735,31.199272
,103,121.338671,31.199103
,103,121.338612,31.199007
,103,121.338518,31.198920
,103,121.338370,31.198873
,104,121.338370,31.198873
,104,121.338556,31.198782
,104,121.338640,31.198701
,104,121.338775,31.198546
,105,121.338735,31.199272
,105,121.338817,31.199069
,105,121.338902,31.198990
,105,121.339057,31.198896
,106,121.339057,31.198896
,106,121.338955,31.198813
,106,121.338862,31.198712
,106,121.338775,31.198546
,107,121.336187,31.199556
,107,121.336624,31.200827
,107,121.337846,31.202861
,107,121.338263,31.203645
,107,121.338392,31.203975
,107,121.338450,31.204509
,108,121.337846,31.202861
,108,121.338036,31.202903
,108,121.338268,31.202869
,108,121.338422,31.202762
,108,121.338556,31.202559
,109,121.337081,31.183060
,109,121.337167,31.182874
,109,121.337290,31.182757
,109,121.337466,31.182694
,109,121.337697,31.182722
,109,121.337873,31.182814
,109,121.339038,31.183786
,110,121.329774,31.211859
,110,121.329743,31.211727
,110,121.329686,31.211641
,110,121.329603,31.211571
,110,121.329425,31.211505
,111,121.329774,31.211859
,111,121.329815,31.211753
,111,121.329894,31.211662
,111,121.329983,31.211600
,111,121.330186,31.211539
,112,121.330186,31.211539
,112,121.330021,31.211478
,112,121.329937,31.211421
,112,121.329880,31.211342
,112,121.329811,31.211186
,113,121.329811,31.211186
,113,121.329760,31.211299
,113,121.329686,31.211394
,113,121.329559,31.211471
,113,121.329425,31.211505
,114,121.329425,31.211505
,114,121.329276,31.211501
,114,121.329143,31.211540
,114,121.329043,31.211614
,114,121.328981,31.211696
,114,121.328915,31.211846
,115,121.329276,31.211501
,115,121.329122,31.211423
,115,121.329045,31.211356
,115,121.328995,31.211277
,115,121.328956,31.211110
,116,121.328904,31.212042
,116,121.328859,31.211950
,116,121.328793,31.211875
,116,121.328695,31.211819
,116,121.328550,31.211781
,116,121.327269,31.211732
,117,121.328550,31.211781
,117,121.328663,31.211764
,117,121.328794,31.211708
,117,121.328890,31.211631
,117,121.328932,31.211539
,118,121.328932,31.211539
,118,121.328864,31.211454
,118,121.328794,31.211404
,118,121.328699,31.211355
,118,121.328576,31.211319
,118,121.327304,31.211267
,119,121.328576,31.211319
,119,121.328698,31.211299
,119,121.328810,31.211251
,119,121.328889,31.211181
,119,121.328956,31.211110
,120,121.328958,31.211087
,120,121.328937,31.211007
,120,121.328868,31.210900
,120,121.328794,31.210835
,120,121.328607,31.210785
,120,121.327321,31.210730
,121,121.328607,31.210785
,121,121.328756,31.210752
,121,121.328881,31.210687
,121,121.328987,31.210571
,122,121.328989,31.210529
,122,121.328916,31.210446
,122,121.328818,31.210372
,122,121.328634,31.210318
,122,121.327344,31.210271
,123,121.328634,31.210318
,123,121.328729,31.210302
,123,121.328825,31.210262
,123,121.328948,31.210188
,123,121.329011,31.210141
,124,121.329011,31.210141
,124,121.328932,31.210067
,124,121.328820,31.210005
,124,121.328654,31.209960
,124,121.327363,31.209907
,125,121.328654,31.209960
,125,121.328803,31.209922
,125,121.328914,31.209868
,125,121.329032,31.209772
,126,121.329037,31.209682
,126,121.328970,31.209580
,126,121.328892,31.209504
,126,121.328794,31.209459
,126,121.328685,31.209439
,126,121.327390,31.209381
,127,121.328685,31.209439
,127,121.328843,31.209403
,127,121.328973,31.209336
,127,121.329062,31.209236
,128,121.329069,31.209100
,128,121.329026,31.209007
,128,121.328955,31.208931
,128,121.328856,31.208877
,128,121.328719,31.208839
,128,121.327421,31.208786
,129,121.328719,31.208839
,129,121.328815,31.208825
,129,121.328920,31.208796
,129,121.329043,31.208712
,129,121.329098,31.208600
,130,121.329099,31.208570
,130,121.329064,31.208475
,130,121.328985,31.208398
,130,121.328907,31.208348
,130,121.328750,31.208302
,130,121.327449,31.208250
,131,121.328750,31.208302
,131,121.328832,31.208287
,131,121.328928,31.208254
,131,121.329013,31.208202
,131,121.329085,31.208142
,131,121.329126,31.208087
,132,121.329129,31.208039
,132,121.329096,31.207940
,132,121.329015,31.207863
,132,121.328928,31.207808
,132,121.328781,31.207761
,132,121.327477,31.207709
,133,121.328781,31.207761
,133,121.328865,31.207747
,133,121.328963,31.207715
,133,121.329066,31.207652
,133,121.329154,31.207582
,134,121.329158,31.207522
,134,121.329059,31.207416
,134,121.328955,31.207349
,134,121.328808,31.207301
,134,121.327501,31.207247
,135,121.328808,31.207301
,135,121.328933,31.207275
,135,121.329059,31.207220
,135,121.329180,31.207128
,136,121.329186,31.207031
,136,121.329128,31.206934
,136,121.329059,31.206871
,136,121.328967,31.206811
,136,121.328838,31.206773
,136,121.327528,31.206723
,137,121.328838,31.206773
,137,121.328940,31.206753
,137,121.329036,31.206713
,137,121.329123,31.206653
,137,121.329212,31.206561
,138,121.329220,31.206422
,138,121.329183,31.206321
,138,121.329101,31.206236
,138,121.329013,31.206183
,138,121.328875,31.206138
,138,121.327562,31.206079
,139,121.328875,31.206138
,139,121.329021,31.206103
,139,121.329154,31.206045
,139,121.329246,31.205951
,140,121.329246,31.205951
,140,121.329194,31.205872
,140,121.329066,31.205804
,140,121.328896,31.205767
,140,121.327581,31.205715
,141,121.328896,31.205767
,141,121.329063,31.205727
,141,121.329153,31.205667
,141,121.329271,31.205516
,142,121.329645,31.205071
,142,121.329512,31.205021
,142,121.329427,31.204959
,142,121.329367,31.204881
,142,121.329315,31.204724
,143,121.330123,31.205438
,143,121.330084,31.205284
,143,121.330021,31.205193
,143,121.329924,31.205120
,143,121.329809,31.205078
,144,121.329809,31.205078
,144,121.329952,31.205036
,144,121.330058,31.204957
,144,121.330125,31.204875
,144,121.330158,31.204782
,145,121.330146,31.205016
,145,121.330192,31.204987
,145,121.330332,31.204839
,146,121.331063,31.203779
,146,121.330955,31.203877
,146,121.330765,31.203934
,146,121.330206,31.203915
,147,121.330206,31.203915
,147,121.329681,31.203899
,147,121.329581,31.203934
,147,121.329462,31.204011
,147,121.329381,31.204115
,147,121.329343,31.204219
,148,121.329681,31.203899
,148,121.329554,31.203838
,148,121.329480,31.203769
,148,121.329420,31.203685
,148,121.329381,31.203559
,149,121.329862,31.203905
,149,121.329996,31.203870
,149,121.330093,31.203803
,149,121.330159,31.203729
,149,121.330223,31.203593
,150,121.330223,31.203593
,150,121.330281,31.203744
,150,121.330384,31.203838
,150,121.330557,31.203927
,151,121.329862,31.203905
,151,121.329986,31.203949
,151,121.330063,31.204003
,151,121.330162,31.204110
,151,121.330189,31.204215
,152,121.329459,31.202110
,152,121.325510,31.201945
,152,121.325359,31.201878
,152,121.325249,31.201773
,152,121.325197,31.201654
,152,121.325246,31.200754
,152,121.325347,31.200610
,152,121.325531,31.200518
,152,121.329537,31.200672
,153,121.329936,31.202130
,153,121.329459,31.202110
,154,121.330282,31.202504
,154,121.330272,31.202408
,154,121.330239,31.202328
,154,121.330188,31.202262
,154,121.330122,31.202204
,154,121.330024,31.202156
,154,121.329936,31.202130
,155,121.329936,31.202130
,155,121.330027,31.202111
,155,121.330125,31.202069
,155,121.330219,31.202008
,155,121.330265,31.201948
,155,121.330318,31.201853
,156,121.329441,31.202439
,156,121.329414,31.202323
,156,121.329372,31.202256
,156,121.329316,31.202202
,156,121.329243,31.202146
,156,121.329099,31.202095
,157,121.329099,31.202095
,157,121.329231,31.202067
,157,121.329299,31.202035
,157,121.329365,31.201986
,157,121.329408,31.201928
,157,121.329476,31.201796
,158,121.329476,31.201796
,158,121.329505,31.201897
,158,121.329551,31.201975
,158,121.329612,31.202037
,158,121.329741,31.202103
,158,121.329815,31.202124
,159,121.329815,31.202124
,159,121.329703,31.202150
,159,121.329630,31.202184
,159,121.329579,31.202222
,159,121.329533,31.202270
,159,121.329503,31.202300
,159,121.329469,31.202359
,159,121.329441,31.202439
,160,121.328024,31.203031
,160,121.328241,31.202467
,160,121.328256,31.202366
,160,121.328269,31.202060
,161,121.328269,31.202060
,161,121.328283,31.201668
,161,121.328322,31.201571
,161,121.328403,31.201461
,161,121.328522,31.201395
,161,121.328706,31.201358
,162,121.328256,31.202366
,162,121.328183,31.202201
,162,121.328090,31.202127
,162,121.327880,31.202044
,163,121.327363,31.203004
,163,121.327400,31.202330
,163,121.327416,31.202025
,164,121.327416,31.202025
,164,121.327441,31.201620
,164,121.327468,31.201520
,164,121.327581,31.201410
,164,121.327800,31.201329
,165,121.327400,31.202330
,165,121.327344,31.202188
,165,121.327268,31.202108
,165,121.327168,31.202047
,165,121.327024,31.202008
,166,121.326650,31.202976
,166,121.326682,31.202298
,166,121.326697,31.201995
,167,121.326697,31.201995
,167,121.326717,31.201610
,167,121.326748,31.201515
,167,121.326836,31.201400
,167,121.326936,31.201341
,167,121.327085,31.201298
,168,121.326682,31.202298
,168,121.326636,31.202171
,168,121.326516,31.202054
,168,121.326355,31.201980
,169,121.326033,31.202950
,169,121.326087,31.201969
,170,121.326087,31.201969
,170,121.326111,31.201527
,170,121.326150,31.201410
,170,121.326219,31.201329
,170,121.326370,31.201263
,171,121.326070,31.202274
,171,121.326050,31.202154
,171,121.326002,31.202061
,171,121.325921,31.201993
,171,121.325828,31.201959
,172,121.325613,31.202933
,172,121.325648,31.202262
,172,121.325664,31.201952
,173,121.325664,31.201952
,173,121.325692,31.201446
,173,121.325740,31.201361
,173,121.325826,31.201288
,173,121.325987,31.201249
,174,121.325648,31.202262
,174,121.325628,31.202113
,174,121.325594,31.202030
,174,121.325510,31.201945
,175,121.325204,31.201517
,175,121.325261,31.201382
,175,121.325431,31.201256
,175,121.325581,31.201227
,175,121.329498,31.201388
,176,121.329498,31.201388
,176,121.330020,31.201418
,176,121.330095,31.201440
,176,121.330165,31.201485
,176,121.330228,31.201543
,176,121.330281,31.201616
,176,121.330324,31.201726
,177,121.329844,31.201408
,177,121.329762,31.201423
,177,121.329656,31.201472
,177,121.329583,31.201526
,177,121.329506,31.201636
,177,121.329481,31.201701
,178,121.329481,31.201701
,178,121.329449,31.201597
,178,121.329399,31.201519
,178,121.329340,31.201465
,178,121.329243,31.201413
,178,121.329128,31.201373
,179,121.329128,31.201373
,179,121.329246,31.201354
,179,121.329310,31.201326
,179,121.329372,31.201289
,179,121.329440,31.201235
,179,121.329494,31.201139
,179,121.329516,31.201067
,180,121.329516,31.201067
,180,121.329546,31.201182
,180,121.329589,31.201248
,180,121.329658,31.201321
,180,121.329731,31.201361
,180,121.329844,31.201408
,181,121.329996,31.201416
,181,121.330095,31.201389
,181,121.330187,31.201346
,181,121.330259,31.201281
,181,121.330318,31.201208
,181,121.330358,31.201107
,182,121.330361,31.201048
,182,121.330328,31.200911
,182,121.330265,31.200823
,182,121.330184,31.200753
,182,121.330079,31.200706
,182,121.329967,31.200694
,182,121.329537,31.200672
,183,121.329871,31.200689
,183,121.329790,31.200706
,183,121.329697,31.200747
,183,121.329623,31.200807
,183,121.329570,31.200874
,183,121.329520,31.200990
,184,121.329520,31.200990
,184,121.329493,31.200885
,184,121.329453,31.200821
,184,121.329384,31.200750
,184,121.329285,31.200684
,184,121.329220,31.200659
,185,121.329220,31.200659
,185,121.329334,31.200616
,185,121.329402,31.200576
,185,121.329477,31.200510
,185,121.329522,31.200445
,185,121.329555,31.200343
,186,121.329555,31.200343
,186,121.329574,31.200455
,186,121.329627,31.200529
,186,121.329691,31.200589
,186,121.329777,31.200646
,186,121.329871,31.200689
,187,121.330074,31.200705
,187,121.330164,31.200656
,187,121.330258,31.200603
,187,121.330338,31.200524
,187,121.330397,31.200393
,188,121.325249,31.201773
,188,121.325197,31.202917
,189,121.325197,31.201654
,189,121.325174,31.201862
,189,121.325109,31.202003
,189,121.324350,31.202579
,190,121.325109,31.202003
,190,121.324975,31.202072
,190,121.324058,31.202244
,191,121.325197,31.201654
,191,121.325098,31.201794
,191,121.324995,31.201859
,191,121.324848,31.201873
,191,121.324082,31.201834
,192,121.325208,31.201441
,192,121.325145,31.201490
,192,121.325037,31.201510
,192,121.324107,31.201475
,193,121.325581,31.201227
,193,121.325366,31.201166
,193,121.325224,31.201157
,194,121.325224,31.201157
,194,121.324131,31.201111
,195,121.325366,31.201166
,195,121.325235,31.200947
,196,121.325235,31.200947
,196,121.325142,31.200819
,196,121.325090,31.200795
,196,121.324156,31.200750
,197,121.325239,31.200873
,197,121.325166,31.200741
,197,121.324184,31.200337
,198,121.325246,31.200754
,198,121.325243,31.200486
,198,121.325012,31.199629
,199,121.325213,31.200376
,199,121.325127,31.200236
,199,121.324443,31.200051
,200,121.325581,31.201227
,200,121.325431,31.201078
,200,121.325408,31.200949
,200,121.325423,31.200572
,201,121.325423,31.200572
,201,121.325478,31.199526
,202,121.326154,31.201250
,202,121.326022,31.201197
,202,121.325909,31.201111
,202,121.325844,31.200980
,202,121.325839,31.200843
,202,121.325860,31.200531
,203,121.325860,31.200531
,203,121.325910,31.199541
,204,121.325531,31.200518
,204,121.325692,31.200484
,204,121.325777,31.200437
,204,121.325834,31.200337
,204,121.325877,31.200187
,205,121.326761,31.201275
,205,121.326580,31.201189
,205,121.326475,31.201091
,205,121.326433,31.200946
,205,121.326459,31.200554
,206,121.326459,31.200554
,206,121.326477,31.200215
,206,121.326512,31.199561
,207,121.326089,31.200539
,207,121.326232,31.200504
,207,121.326363,31.200430
,207,121.326477,31.200215
,208,121.327506,31.201306
,208,121.327370,31.201258
,208,121.327271,31.201198
,208,121.327203,31.201111
,208,121.327157,31.201005
,208,121.327177,31.200581
,209,121.327177,31.200581
,209,121.327197,31.200243
,209,121.327237,31.199584
,210,121.327197,31.200243
,210,121.327142,31.200389
,210,121.327076,31.200457
,210,121.326971,31.200515
,210,121.326817,31.200567
,211,121.328329,31.201340
,211,121.328233,31.201307
,211,121.328143,31.201240
,211,121.328089,31.201173
,211,121.328054,31.201086
,211,121.328079,31.200616
,212,121.328079,31.200616
,212,121.328094,31.200284
,212,121.327915,31.199607
,213,121.328094,31.200284
,213,121.328061,31.200415
,213,121.328002,31.200490
,213,121.327908,31.200559
,213,121.327752,31.200603
,214,121.328451,31.200630
,214,121.328595,31.200578
,214,121.328683,31.200501
,214,121.328720,31.200368
,214,121.328744,31.199885
,214,121.328704,31.199755
,214,121.328651,31.199691
,215,121.329557,31.200311
,215,121.329518,31.200187
,215,121.329449,31.200127
,215,121.328651,31.199691
,215,121.328209,31.199450
,216,121.329181,31.199981
,216,121.329302,31.199983
,216,121.329392,31.199967
,216,121.329490,31.199924
,216,121.329550,31.199835
,216,121.329589,31.199721
,217,121.330443,31.199550
,217,121.330428,31.199377
,217,121.330381,31.199288
,217,121.329729,31.198659
,217,121.329682,31.198582
,217,121.329658,31.198434
,218,121.329602,31.199472
,218,121.329634,31.199360
,218,121.329684,31.199269
,218,121.330049,31.198967
,219,121.330049,31.198967
,219,121.330403,31.198692
,219,121.330452,31.198631
,219,121.330502,31.198469
,220,121.329598,31.199562
,220,121.329543,31.199424
,220,121.329454,31.199363
,220,121.329286,31.199318
,220,121.328279,31.199085
,221,121.329286,31.199318
,221,121.329423,31.199301
,221,121.329550,31.199229
,221,121.329622,31.199106
,222,121.328909,31.199599
,222,121.328922,31.199234
,223,121.328922,31.199234
,223,121.328947,31.198959
,223,121.329033,31.198835
,223,121.329194,31.198781
,223,121.329416,31.198791
,223,121.329517,31.198838
,223,121.329593,31.198908
,223,121.329628,31.198993
,224,121.329416,31.198791
,224,121.329520,31.198738
,224,121.329585,31.198680
,224,121.329629,31.198613
,224,121.329658,31.198450
,225,121.329194,31.198781
,225,121.328343,31.198744
,226,121.329194,31.198781
,226,121.329078,31.198727
,226,121.329018,31.198675
,226,121.328982,31.198608
,226,121.328968,31.198533
,226,121.328976,31.198348
,227,121.328968,31.198533
,227,121.328926,31.198625
,227,121.328853,31.198698
,227,121.328780,31.198733
,227,121.328666,31.198758
,228,121.329664,31.198331
,228,121.329618,31.198233
,228,121.329532,31.198168
,228,121.329414,31.198125
,228,121.329341,31.198116
,228,121.328418,31.198355
,229,121.329341,31.198116
,229,121.329520,31.198060
,229,121.329597,31.198012
,229,121.329672,31.197912
,229,121.329691,31.197831
,230,121.328836,31.198247
,230,121.328935,31.198165
,230,121.328989,31.198074
,230,121.329014,31.197435
,230,121.328970,31.197340
,230,121.328894,31.197272
,230,121.328805,31.197237
,231,121.328989,31.198074
,231,121.329039,31.198128
,231,121.329147,31.198167
,232,121.330547,31.197623
,232,121.330493,31.197477
,232,121.330409,31.197380
,232,121.330271,31.197307
,232,121.329722,31.197271
,233,121.330033,31.197292
,233,121.329934,31.197321
,233,121.329867,31.197366
,233,121.329799,31.197428
,233,121.329748,31.197497
,233,121.329705,31.197587
,234,121.330168,31.197300
,234,121.330299,31.197273
,234,121.330405,31.197226
,234,121.330485,31.197167
,234,121.330533,31.197101
,234,121.330582,31.196979
,235,121.330033,31.197292
,235,121.329942,31.197257
,235,121.329852,31.197179
,235,121.329785,31.197103
,235,121.329760,31.197030
,235,121.329739,31.196958
,236,121.329722,31.197271
,236,121.326950,31.197166
,236,121.326854,31.197144
,236,121.326738,31.197093
,236,121.326641,31.197012
,236,121.326596,31.196937
,236,121.326569,31.196832
,236,121.326609,31.196049
,236,121.326647,31.195926
,236,121.326723,31.195827
,236,121.326820,31.195759
,236,121.326989,31.195720
,236,121.329800,31.195833
,237,121.329705,31.197587
,237,121.329676,31.197478
,237,121.329624,31.197398
,237,121.329527,31.197311
,237,121.329367,31.197258
,238,121.328100,31.198189
,238,121.328553,31.197550
,238,121.328568,31.197228
,239,121.328553,31.197550
,239,121.328530,31.197407
,239,121.328477,31.197312
,239,121.328404,31.197251
,239,121.328329,31.197218
,240,121.327511,31.198156
,240,121.327539,31.197512
,240,121.327554,31.197189
,241,121.327539,31.197512
,241,121.327502,31.197370
,241,121.327438,31.197290
,241,121.327323,31.197216
,241,121.327206,31.197176
,242,121.330236,31.196574
,242,121.329761,31.196553
,243,121.329761,31.196553
,243,121.326962,31.196439
,243,121.326803,31.196473
,243,121.326701,31.196533
,243,121.326634,31.196608
,243,121.326575,31.196706
,244,121.327554,31.197189
,244,121.327586,31.196757
,244,121.327614,31.196681
,244,121.327666,31.196613
,244,121.327771,31.196534
,244,121.327963,31.196480
,245,121.328568,31.197228
,245,121.328594,31.196741
,245,121.328608,31.196695
,245,121.328636,31.196645
,245,121.328688,31.196589
,245,121.328764,31.196541
,245,121.328887,31.196517
,246,121.329367,31.197258
,246,121.329443,31.197241
,246,121.329511,31.197217
,246,121.329597,31.197170
,246,121.329653,31.197118
,246,121.329702,31.197060
,246,121.329739,31.196958
,247,121.326844,31.198119
,247,121.326901,31.197154
,248,121.326785,31.198115
,248,121.326854,31.197144
,249,121.326854,31.197144
,249,121.326868,31.196740
,249,121.326898,31.196655
,249,121.326976,31.196556
,249,121.327052,31.196499
,249,121.327256,31.196451
,250,121.326831,31.197476
,250,121.326816,31.197248
,250,121.326773,31.197134
,250,121.326738,31.197093
,251,121.326320,31.198089
,251,121.326369,31.197216
,252,121.325945,31.198068
,252,121.326369,31.197216
,252,121.326571,31.196783
,253,121.325813,31.198061
,253,121.326126,31.197420
,253,121.326369,31.197216
,254,121.325255,31.197658
,254,121.326519,31.196759
,254,121.326575,31.196706
,255,121.326634,31.196608
,255,121.326578,31.196644
,256,121.326578,31.196644
,256,121.326492,31.196693
,256,121.326389,31.196717
,256,121.326251,31.196717
,256,121.325289,31.196669
,257,121.326962,31.196439
,257,121.326810,31.196393
,257,121.326720,31.196332
,257,121.326655,31.196258
,257,121.326603,31.196149
,258,121.326603,31.196149
,258,121.326484,31.196029
,258,121.326366,31.195982
,258,121.326234,31.195967
,258,121.325315,31.195930
,259,121.326609,31.196049
,259,121.326522,31.195915
,259,121.325481,31.195051
,260,121.326609,31.196049
,260,121.326268,31.194797
,261,121.327353,31.196455
,261,121.327237,31.196409
,261,121.327152,31.196356
,261,121.327068,31.196272
,261,121.327036,31.196193
,261,121.327024,31.196131
,261,121.327038,31.195722
,262,121.327038,31.195722
,262,121.327050,31.195462
,262,121.327090,31.194812
,263,121.327050,31.195462
,263,121.326997,31.195613
,263,121.326945,31.195689
,263,121.326820,31.195759
,264,121.327429,31.196458
,264,121.327288,31.196387
,264,121.327209,31.196306
,264,121.327188,31.196196
,264,121.327183,31.195727
,265,121.327183,31.195727
,265,121.327182,31.195468
,265,121.327189,31.194814
,266,121.327182,31.195468
,266,121.327138,31.195609
,266,121.327086,31.195675
,266,121.327038,31.195722
,267,121.328225,31.196490
,267,121.328058,31.196428
,267,121.327961,31.196355
,267,121.327909,31.196277
,267,121.327876,31.196186
,267,121.327892,31.195756
,268,121.327898,31.195499
,268,121.327825,31.195595
,268,121.327755,31.195650
,268,121.327647,31.195712
,268,121.327522,31.195741
,269,121.328887,31.196517
,269,121.328731,31.196448
,269,121.328686,31.196410
,269,121.328638,31.196344
,269,121.328626,31.196249
,269,121.328652,31.195787
,270,121.328665,31.195531
,270,121.328628,31.195630
,270,121.328575,31.195697
,270,121.328508,31.195737
,270,121.328385,31.195776
,271,121.328807,31.195793
,271,121.328954,31.195763
,271,121.329027,31.195730
,271,121.329080,31.195691
,271,121.329117,31.195641
,271,121.329126,31.195551
,272,121.329126,31.195551
,272,121.329166,31.194917
,272,121.329126,31.194829
,272,121.329021,31.194726
,273,121.329783,31.196141
,273,121.329764,31.196049
,273,121.329718,31.195977
,273,121.329651,31.195909
,273,121.329572,31.195856
,273,121.329447,31.195819
,274,121.329447,31.195819
,274,121.329571,31.195786
,274,121.329647,31.195751
,274,121.329717,31.195690
,274,121.329774,31.195620
,274,121.329817,31.195519
,275,121.329800,31.195833
,275,121.330122,31.195846
,275,121.330321,31.195864
,275,121.330416,31.195897
,275,121.330480,31.195940
,275,121.330553,31.196017
,275,121.330593,31.196086
,275,121.330626,31.196176
,276,121.330621,31.196262
,276,121.330568,31.196384
,276,121.330519,31.196456
,276,121.330435,31.196512
,276,121.330352,31.196550
,276,121.330236,31.196574
,277,121.330236,31.196574
,277,121.330369,31.196611
,277,121.330450,31.196662
,277,121.330520,31.196740
,277,121.330558,31.196810
,277,121.330585,31.196925
,278,121.329743,31.196877
,278,121.329773,31.196786
,278,121.329819,31.196707
,278,121.329888,31.196644
,278,121.329979,31.196597
,278,121.330095,31.196567
,279,121.329743,31.196877
,279,121.329714,31.196756
,279,121.329669,31.196681
,279,121.329604,31.196620
,279,121.329529,31.196576
,279,121.329401,31.196538
,280,121.329401,31.196538
,280,121.329507,31.196516
,280,121.329602,31.196471
,280,121.329699,31.196385
,280,121.329778,31.196239
,281,121.330095,31.196567
,281,121.329986,31.196520
,281,121.329896,31.196460
,281,121.329838,31.196394
,281,121.329802,31.196328
,281,121.329778,31.196239
,282,121.329783,31.196139
,282,121.329829,31.196036
,282,121.329867,31.195987
,282,121.329926,31.195933
,282,121.330004,31.195885
,282,121.330059,31.195863
,282,121.330122,31.195846
,283,121.329817,31.195519
,283,121.329864,31.195662
,283,121.329919,31.195725
,283,121.330017,31.195797
,283,121.330122,31.195846
,284,121.330234,31.195856
,284,121.330346,31.195837
,284,121.330421,31.195815
,284,121.330489,31.195779
,284,121.330549,31.195732
,284,121.330616,31.195660
,284,121.330660,31.195552
,285,121.328652,31.195787
,285,121.328665,31.195531
,285,121.328682,31.195215
,285,121.328667,31.195147
,285,121.328396,31.194837
,286,121.327892,31.195756
,286,121.327898,31.195499
,286,121.327902,31.195349
,286,121.327754,31.194825
,287,121.330828,31.192457
,287,121.329984,31.192439
,288,121.328685,31.194606
,288,121.329021,31.194726
,288,121.329503,31.194899
,288,121.329629,31.194944
,288,121.329749,31.195006
,288,121.329810,31.195071
,288,121.329834,31.195190
,289,121.329511,31.194900
,289,121.329654,31.194882
,289,121.329753,31.194843
,289,121.329818,31.194773
,289,121.329864,31.194654
,290,121.329864,31.194654
,290,121.329928,31.194488
,290,121.330152,31.194301
,290,121.330670,31.193894
,290,121.330731,31.193798
,290,121.330760,31.193697
,291,121.330706,31.194703
,291,121.330668,31.194559
,291,121.330589,31.194443
,291,121.330305,31.194181
,292,121.330305,31.194181
,292,121.330005,31.193901
,292,121.329936,31.193793
,292,121.329917,31.193675
,293,121.328690,31.194220
,293,121.329537,31.194253
,293,121.329625,31.194257
,293,121.329738,31.194293
,293,121.329794,31.194346
,293,121.329844,31.194410
,293,121.329872,31.194498
,294,121.329625,31.194257
,294,121.329769,31.194213
,294,121.329847,31.194152
,294,121.329896,31.194060
,295,121.329170,31.194689
,295,121.329185,31.194469
,295,121.329159,31.194375
,295,121.329098,31.194303
,295,121.329030,31.194258
,295,121.328932,31.194230
,296,121.329185,31.194469
,296,121.329228,31.194368
,296,121.329292,31.194310
,296,121.329346,31.194281
,296,121.329449,31.194250
,297,121.329449,31.194250
,297,121.329326,31.194202
,297,121.329260,31.194126
,297,121.329216,31.194032
,297,121.329222,31.193793
,298,121.329900,31.193974
,298,121.329851,31.193864
,298,121.329769,31.193793
,298,121.329635,31.193743
,298,121.329222,31.193793
,298,121.328695,31.193842
,299,121.328987,31.193815
,299,121.329104,31.193765
,299,121.329186,31.193697
,299,121.329234,31.193593
,300,121.329222,31.193793
,300,121.329234,31.193593
,300,121.329246,31.193385
,301,121.329635,31.193743
,301,121.329755,31.193713
,301,121.329853,31.193653
,301,121.329925,31.193525
,302,121.328700,31.193434
,302,121.329536,31.193048
,302,121.329849,31.192904
,302,121.329933,31.192820
,302,121.329967,31.192744
,303,121.329536,31.193048
,303,121.329672,31.193048
,303,121.329761,31.193072
,303,121.329849,31.193122
,303,121.329917,31.193197
,303,121.329937,31.193297
,304,121.328962,31.193313
,304,121.329081,31.193202
,304,121.329111,31.193107
,304,121.329140,31.192601
,304,121.329089,31.192490
,304,121.329023,31.192434
,304,121.328891,31.192394
,305,121.329967,31.192744
,305,121.329926,31.192609
,305,121.329858,31.192535
,305,121.329799,31.192492
,305,121.329731,31.192450
,305,121.329638,31.192425
,306,121.329638,31.192425
,306,121.329722,31.192401
,306,121.329796,31.192367
,306,121.329850,31.192332
,306,121.329910,31.192282
,306,121.329962,31.192215
,306,121.330001,31.192124
,307,121.330001,31.192124
,307,121.330029,31.192221
,307,121.330064,31.192287
,307,121.330115,31.192342
,307,121.330182,31.192394
,307,121.330291,31.192445
,308,121.330291,31.192445
,308,121.330211,31.192473
,308,121.330138,31.192513
,308,121.330079,31.192560
,308,121.330022,31.192628
,308,121.329967,31.192744
,309,121.330810,31.192788
,309,121.330762,31.192658
,309,121.330715,31.192590
,309,121.330649,31.192527
,309,121.330558,31.192483
,309,121.330420,31.192448
,310,121.330420,31.192448
,310,121.330570,31.192432
,310,121.330664,31.192382
,310,121.330748,31.192318
,310,121.330806,31.192251
,310,121.330848,31.192093
,311,121.330006,31.192025
,311,121.329953,31.191878
,311,121.329890,31.191807
,311,121.329808,31.191751
,311,121.329666,31.191700
,312,121.330023,31.191719
,312,121.329666,31.191700
,312,121.326096,31.191556
,312,121.325958,31.191582
,312,121.325835,31.191654
,312,121.325723,31.191812
,313,121.330367,31.191736
,313,121.330235,31.191769
,313,121.330119,31.191835
,313,121.330061,31.191917
,313,121.330006,31.192025
,314,121.330848,31.192093
,314,121.330819,31.191968
,314,121.330715,31.191835
,314,121.330541,31.191742
,315,121.330541,31.191742
,315,121.330658,31.191704
,315,121.330743,31.191650
,315,121.330810,31.191566
,315,121.330884,31.191425
,316,121.330884,31.191425
,316,121.330866,31.191261
,316,121.330773,31.191130
,316,121.330646,31.191048
,316,121.330539,31.191014
,317,121.330431,31.191010
,317,121.330293,31.191039
,317,121.330178,31.191104
,317,121.330077,31.191224
,317,121.330044,31.191334
,318,121.330040,31.191401
,318,121.330074,31.191523
,318,121.330156,31.191631
,318,121.330267,31.191702
,318,121.330367,31.191736
,319,121.329666,31.191700
,319,121.329772,31.191673
,319,121.329875,31.191626
,319,121.329958,31.191565
,319,121.330016,31.191477
,319,121.330040,31.191401
,320,121.330044,31.191334
,320,121.330023,31.191217
,320,121.329978,31.191141
,320,121.329882,31.191046
,320,121.329725,31.190982
,321,121.329725,31.190982
,321,121.329847,31.190952
,321,121.329953,31.190891
,321,121.330047,31.190792
,321,121.330078,31.190696
,322,121.330078,31.190696
,322,121.330129,31.190808
,322,121.330199,31.190903
,322,121.330281,31.190963
,322,121.330431,31.191010
,323,121.330899,31.191141
,323,121.330827,31.191089
,323,121.330662,31.191019
,324,121.330539,31.191014
,324,121.330662,31.190991
,324,121.330789,31.190917
,324,121.330867,31.190840
,324,121.330921,31.190750
,325,121.328251,31.193375
,325,121.328554,31.192761
,325,121.328564,31.192644
,325,121.328585,31.192380
,326,121.328564,31.192644
,326,121.328528,31.192533
,326,121.328469,31.192462
,326,121.328395,31.192406
,326,121.328291,31.192370
,327,121.326839,31.193320
,327,121.326877,31.192606
,327,121.326893,31.192313
,328,121.327557,31.193348
,328,121.327590,31.192631
,328,121.327603,31.192342
,329,121.327590,31.192631
,329,121.327573,31.192562
,329,121.327528,31.192492
,329,121.327478,31.192434
,329,121.327374,31.192359
,329,121.327285,31.192329
,330,121.326877,31.192606
,330,121.326833,31.192496
,330,121.326779,31.192410
,330,121.326705,31.192359
,330,121.326541,31.192299
,331,121.326253,31.193298
,331,121.326304,31.192289
,332,121.326293,31.192509
,332,121.326258,31.192410
,332,121.326214,31.192361
,332,121.326151,31.192314
,332,121.326093,31.192280
,333,121.325783,31.193279
,333,121.325998,31.192375
,333,121.326024,31.192264
,334,121.326024,31.192264
,334,121.326150,31.191765
,334,121.326205,31.191662
,334,121.326299,31.191607
,334,121.326415,31.191569
,335,121.325998,31.192375
,335,121.325970,31.192295
,335,121.325939,31.192248
,335,121.325886,31.192216
,336,121.325363,31.193131
,336,121.325603,31.192351
,336,121.325717,31.191927
,337,121.325603,31.192351
,337,121.325525,31.192455
,337,121.325372,31.192519
,337,121.324844,31.192690
,338,121.324653,31.192365
,338,121.325570,31.192060
,338,121.325652,31.191996
,338,121.325697,31.191928
,338,121.325720,31.191863
,339,121.325723,31.191812
,339,121.325678,31.191895
,339,121.325591,31.191953
,339,121.325490,31.191973
,339,121.324663,31.191950
,340,121.324672,31.191585
,340,121.325732,31.191616
,341,121.326096,31.191556
,341,121.325948,31.191504
,341,121.325832,31.191415
,341,121.325793,31.191352
,341,121.325760,31.191267
,341,121.325751,31.191214
,342,121.325793,31.191352
,342,121.325747,31.191307
,343,121.325747,31.191307
,343,121.325629,31.191259
,343,121.324680,31.191225
,344,121.324689,31.190850
,344,121.325530,31.190896
,344,121.325622,31.190930
,344,121.325689,31.190990
,344,121.325746,31.191062
,344,121.325757,31.191094
,345,121.325764,31.191076
,345,121.325755,31.190974
,345,121.325701,31.190884
,345,121.325613,31.190821
,345,121.324733,31.190449
,346,121.325120,31.190197
,346,121.325662,31.190706
,346,121.325723,31.190762
,346,121.325776,31.190871
,347,121.325764,31.191076
,347,121.325776,31.190871
,347,121.325795,31.189952
,348,121.326304,31.192289
,348,121.326331,31.191818
,348,121.326359,31.191724
,348,121.326422,31.191649
,348,121.326501,31.191602
,348,121.326600,31.191576
,349,121.326893,31.192313
,349,121.326917,31.191869
,349,121.326945,31.191792
,349,121.327030,31.191699
,349,121.327234,31.191602
,350,121.327603,31.192342
,350,121.327633,31.191929
,350,121.327675,31.191829
,350,121.327739,31.191744
,350,121.327827,31.191683
,350,121.327978,31.191632
,351,121.328585,31.192380
,351,121.328601,31.191923
,351,121.328639,31.191830
,351,121.328707,31.191756
,351,121.328893,31.191669
,352,121.329396,31.191689
,352,121.329278,31.191657
,352,121.329192,31.191600
,352,121.329129,31.191533
,352,121.329088,31.191437
,352,121.329107,31.190958
,353,121.329107,31.190958
,353,121.329122,31.190659
,353,121.329109,31.190528
,353,121.329063,31.190448
,353,121.328767,31.190043
,354,121.329122,31.190659
,354,121.329087,31.190773
,354,121.328996,31.190859
,354,121.328808,31.190947
,355,121.328529,31.191654
,355,121.328373,31.191615
,355,121.328290,31.191546
,355,121.328209,31.191447
,355,121.328179,31.191363
,355,121.328175,31.191296
,355,121.328192,31.190923
,356,121.328192,31.190923
,356,121.328210,31.190625
,356,121.328209,31.190490
,356,121.328066,31.190021
,357,121.328210,31.190625
,357,121.328158,31.190724
,357,121.328079,31.190814
,357,121.328000,31.190864
,357,121.327825,31.190908
,358,121.327650,31.191619
,358,121.327482,31.191561
,358,121.327387,31.191490
,358,121.327325,31.191384
,358,121.327303,31.191291
,358,121.327318,31.190889
,359,121.327318,31.190889
,359,121.327332,31.190586
,359,121.327361,31.190000
,360,121.327332,31.190586
,360,121.327300,31.190670
,360,121.327231,31.190750
,360,121.327168,31.190795
,360,121.327080,31.190843
,360,121.326972,31.190875
,361,121.326960,31.191591
,361,121.326720,31.191499
,361,121.326619,31.191390
,361,121.326583,31.191274
,361,121.326607,31.190861
,362,121.326607,31.190861
,362,121.326619,31.190556
,362,121.326643,31.189978
,363,121.326619,31.190556
,363,121.326550,31.190684
,363,121.326436,31.190781
,363,121.326221,31.190846
,364,121.326415,31.191569
,364,121.326237,31.191496
,364,121.326164,31.191378
,364,121.326147,31.191262
,364,121.326176,31.190844
,365,121.326176,31.190844
,365,121.326193,31.190536
,365,121.326225,31.189965
,366,121.326193,31.190536
,366,121.326165,31.190708
,366,121.326075,31.190804
,366,121.326005,31.190867
,367,121.330989,31.189497
,367,121.330961,31.189354
,367,121.330888,31.189253
,367,121.330779,31.189172
,367,121.330661,31.189135
,367,121.330463,31.189131
,367,121.330372,31.189158
,367,121.330297,31.189205
,367,121.330227,31.189276
,367,121.330182,31.189346
,367,121.330146,31.189443
,368,121.330146,31.189443
,368,121.330066,31.189280
,368,121.329965,31.189208
,368,121.329870,31.189162
,368,121.329793,31.189150
,368,121.328790,31.189099
,369,121.330127,31.189794
,369,121.330039,31.189646
,369,121.329946,31.189573
,369,121.329775,31.189514
,369,121.328770,31.189471
,370,121.329793,31.189150
,370,121.329971,31.189102
,370,121.330099,31.189007
,370,121.330177,31.188875
,371,121.329775,31.189514
,371,121.329958,31.189466
,371,121.330146,31.189443
,372,121.330463,31.189131
,372,121.330322,31.189061
,372,121.330242,31.188966
,372,121.330177,31.188875
,373,121.330661,31.189134
,373,121.330814,31.189096
,373,121.330903,31.189032
,373,121.331024,31.188850
,374,121.328810,31.188724
,374,121.329811,31.188770
,374,121.329979,31.188805
,374,121.330177,31.188875
,375,121.329811,31.188770
,375,121.329951,31.188737
,375,121.330095,31.188672
,375,121.330192,31.188598
,376,121.330193,31.188581
,376,121.330074,31.188484
,376,121.329932,31.188427
,376,121.329829,31.188404
,376,121.328829,31.188367
,377,121.329829,31.188404
,377,121.330033,31.188350
,377,121.330212,31.188236
,378,121.330213,31.188211
,378,121.330054,31.188115
,378,121.329941,31.188047
,378,121.329847,31.188030
,378,121.328849,31.187991
,379,121.329847,31.188030
,379,121.330025,31.187997
,379,121.330175,31.187918
,379,121.330233,31.187840
,380,121.328523,31.187136
,380,121.329888,31.187188
,380,121.330035,31.187238
,380,121.330177,31.187333
,380,121.330254,31.187452
,381,121.329888,31.187188
,381,121.329987,31.187182
,381,121.330101,31.187142
,381,121.330210,31.187069
,381,121.330279,31.186996
,382,121.330280,31.186974
,382,121.330147,31.186823
,382,121.330037,31.186755
,382,121.329910,31.186728
,382,121.328551,31.186673
,383,121.330267,31.187221
,383,121.330298,31.187098
,383,121.330367,31.187003
,383,121.330457,31.186937
,383,121.330593,31.186896
,383,121.330787,31.186893
,383,121.330891,31.186935
,383,121.330986,31.186999
,383,121.331059,31.187077
,383,121.331111,31.187240
,384,121.330302,31.186576
,384,121.330354,31.186703
,384,121.330446,31.186810
,384,121.330593,31.186896
,385,121.330787,31.186893
,385,121.330899,31.186860
,385,121.330993,31.186810
,385,121.331081,31.186737
,385,121.331147,31.186573
,386,121.329910,31.186728
,386,121.330027,31.186710
,386,121.330114,31.186671
,386,121.330205,31.186614
,386,121.330305,31.186510
,387,121.329939,31.186137
,387,121.330057,31.186117
,387,121.330131,31.186089
,387,121.330247,31.186012
,387,121.330337,31.185915
,388,121.329964,31.185611
,388,121.330098,31.185586
,388,121.330221,31.185537
,388,121.330290,31.185470
,388,121.330367,31.185374
,389,121.330290,31.185470
,389,121.330356,31.185573
,390,121.329981,31.185322
,390,121.330090,31.185301
,390,121.330216,31.185257
,390,121.330308,31.185185
,390,121.330384,31.185062
,391,121.330360,31.185508
,391,121.330319,31.185434
,392,121.330319,31.185434
,392,121.330270,31.185370
,392,121.330136,31.185285
,393,121.329982,31.185248
,393,121.330073,31.185237
,393,121.330199,31.185189
,393,121.330288,31.185126
,393,121.330387,31.185006
,394,121.330005,31.184785
,394,121.330117,31.184772
,394,121.330245,31.184723
,394,121.330321,31.184657
,394,121.330411,31.184560
,395,121.330034,31.184187
,395,121.330170,31.184172
,395,121.330268,31.184130
,395,121.330389,31.184029
,395,121.330444,31.183955
,396,121.330059,31.183664
,396,121.330175,31.183651
,396,121.330277,31.183614
,396,121.330372,31.183556
,396,121.330405,31.183518
,397,121.328585,31.186090
,397,121.329939,31.186137
,397,121.330062,31.186165
,397,121.330160,31.186215
,397,121.330254,31.186296
,397,121.330310,31.186415
,398,121.328616,31.185562
,398,121.329964,31.185611
,398,121.330080,31.185634
,398,121.330180,31.185686
,398,121.330269,31.185774
,398,121.330339,31.185890
,399,121.328633,31.185274
,399,121.329981,31.185322
,399,121.330123,31.185351
,399,121.330204,31.185395
,399,121.330290,31.185470
,400,121.330136,31.185285
,400,121.329982,31.185248
,400,121.328638,31.185192
,401,121.330416,31.184472
,401,121.330321,31.184316
,401,121.330223,31.184249
,401,121.330124,31.184200
,401,121.330034,31.184187
,401,121.328700,31.184128
,402,121.330387,31.184995
,402,121.330268,31.184891
,402,121.330133,31.184813
,402,121.330005,31.184785
,402,121.328665,31.184727
,403,121.330445,31.183941
,403,121.330341,31.183786
,403,121.330228,31.183711
,403,121.330136,31.183676
,403,121.330059,31.183664
,403,121.328731,31.183611
,404,121.329924,31.183358
,404,121.328748,31.183321
,405,121.339605,31.199153
,405,121.339681,31.199042
,405,121.339782,31.198960
,405,121.339888,31.198929
,406,121.338442,31.204661
,406,121.338513,31.204822
,406,121.338587,31.204914
,406,121.338699,31.204994
,407,121.338398,31.205458
,407,121.338464,31.205179
,407,121.338526,31.205075
,407,121.338699,31.204994
,407,121.339263,31.205006
,407,121.339968,31.204364
,407,121.340690,31.203488
,407,121.340940,31.198971
,408,121.338314,31.207011
,408,121.338352,31.206865
,408,121.338444,31.206773
,408,121.338680,31.206670
,408,121.339058,31.206647
,408,121.339564,31.206452
,408,121.339670,31.206303
,408,121.339789,31.204527
,409,121.339191,31.206067
,409,121.339722,31.205537
,410,121.339198,31.205492
,410,121.339761,31.204938
,411,121.340286,31.206589
,411,121.339693,31.205969
,412,121.339725,31.205478
,412,121.340307,31.206009
,413,121.339765,31.204882
,413,121.340330,31.205392
,414,121.339840,31.204480
,414,121.339906,31.204463
,414,121.339967,31.204474
,414,121.340228,31.204786
,415,121.339967,31.204474
,415,121.339956,31.204418
,415,121.339968,31.204364
,416,121.340012,31.204310
,416,121.340100,31.204306
,416,121.340172,31.204341
,416,121.340460,31.204610
,417,121.340172,31.204341
,417,121.340129,31.204279
,417,121.340109,31.204193
,418,121.339555,31.203680
,418,121.339448,31.203566
,418,121.339393,31.203491
,418,121.339357,31.203396
,419,121.339330,31.203858
,419,121.339449,31.203714
,419,121.339555,31.203680
,419,121.340160,31.203678
,420,121.339631,31.202956
,420,121.339509,31.202882
,420,121.339446,31.202811
,420,121.339395,31.202739
,421,121.339700,31.202572
,421,121.339546,31.202602
,421,121.339451,31.202671
,421,121.339395,31.202739
,422,121.339672,31.202210
,422,121.339552,31.202145
,422,121.339473,31.202067
,422,121.339441,31.201953
,423,121.339767,31.201824
,423,121.339636,31.201780
,423,121.339544,31.201733
,423,121.339463,31.201586
,424,121.339369,31.203192
,424,121.339414,31.203083
,424,121.339463,31.203027
,424,121.339537,31.202980
,424,121.339631,31.202956
,424,121.340200,31.202963
,425,121.339417,31.202361
,425,121.339498,31.202465
,425,121.339603,31.202532
,425,121.339700,31.202572
,425,121.340221,31.202596
,426,121.339417,31.202361
,426,121.339485,31.202267
,426,121.339570,31.202218
,426,121.339696,31.202208
,426,121.340243,31.202218
,427,121.339441,31.201953
,427,121.339542,31.201879
,427,121.339646,31.201835
,427,121.339767,31.201824
,427,121.340265,31.201830
,428,121.338595,31.201843
,428,121.338702,31.201542
,428,121.338796,31.201431
,428,121.338946,31.201362
,428,121.339476,31.201362
,429,121.339476,31.201362
,429,121.340289,31.201408
,430,121.340289,31.201408
,430,121.340625,31.201423
,430,121.340688,31.201455
,430,121.340742,31.201505
,430,121.340794,31.201608
,431,121.340625,31.201423
,431,121.340701,31.201395
,431,121.340763,31.201351
,431,121.340812,31.201293
,432,121.339463,31.201586
,432,121.339426,31.201506
,432,121.339382,31.201454
,432,121.339305,31.201394
,432,121.339204,31.201362
,433,121.339204,31.201362
,433,121.339318,31.201321
,433,121.339368,31.201283
,433,121.339440,31.201216
,433,121.339488,31.201151
,434,121.339488,31.201151
,434,121.339521,31.201217
,434,121.339577,31.201281
,434,121.339628,31.201322
,434,121.339721,31.201376
,435,121.339721,31.201376
,435,121.339655,31.201404
,435,121.339598,31.201437
,435,121.339546,31.201480
,435,121.339463,31.201586
,436,121.338946,31.201362
,436,121.338770,31.201252
,436,121.338673,31.201139
,436,121.338638,31.201057
,437,121.340772,31.202006
,437,121.340811,31.201904
,437,121.340864,31.201832
,437,121.340928,31.201780
,437,121.341072,31.201744
,437,121.343621,31.201871
,437,121.345231,31.203353
,437,121.345277,31.203481
,437,121.345241,31.204364
,438,121.341072,31.201744
,438,121.340943,31.201641
,438,121.340866,31.201551
,438,121.340804,31.201426
,439,121.340835,31.200864
,439,121.340906,31.200756
,439,121.340975,31.200684
,439,121.341144,31.200608
,439,121.343649,31.200723
,440,121.341144,31.200608
,440,121.341053,31.200539
,440,121.340949,31.200460
,440,121.340864,31.200348
,441,121.343137,31.201847
,441,121.343277,31.201942
,441,121.343321,31.202035
,441,121.343329,31.202113
,441,121.343314,31.202487
,442,121.342629,31.201822
,442,121.342732,31.201923
,442,121.342779,31.202023
,442,121.342782,31.202092
,442,121.342773,31.202463
,443,121.342060,31.201793
,443,121.342187,31.201902
,443,121.342230,31.202071
,443,121.342209,31.202439
,444,121.341676,31.202415
,444,121.341685,31.202050
,444,121.341647,31.201906
,444,121.341574,31.201829
,444,121.341513,31.201783
,444,121.341448,31.201763
,445,121.341448,31.201763
,445,121.341581,31.201735
,445,121.341651,31.201686
,445,121.341712,31.201597
,445,121.341722,31.201467
,445,121.341735,31.201302
,446,121.341883,31.201784
,446,121.342010,31.201749
,446,121.342103,31.201668
,446,121.342137,31.201598
,446,121.342140,31.201481
,446,121.342145,31.201313
,447,121.342348,31.201807
,447,121.342468,31.201762
,447,121.342541,31.201679
,447,121.342568,31.201588
,447,121.342568,31.201497
,447,121.342580,31.201326
,448,121.342715,31.201826
,448,121.342886,31.201775
,448,121.342959,31.201702
,448,121.342986,31.201615
,448,121.342989,31.201511
,448,121.342995,31.201338
,449,121.343113,31.201845
,449,121.343283,31.201799
,449,121.343363,31.201725
,449,121.343410,31.201625
,449,121.343417,31.201527
,449,121.343428,31.201350
,450,121.343477,31.201864
,450,121.343681,31.201802
,450,121.343784,31.201709
,450,121.343805,31.201525
,450,121.343806,31.201361
,451,121.345471,31.204132
,451,121.345335,31.204081
,451,121.345255,31.204015
,452,121.345482,31.203904
,452,121.345345,31.203852
,452,121.345264,31.203805
,453,121.345492,31.203682
,453,121.345367,31.203628
,453,121.345273,31.203567
,454,121.345501,31.203491
,454,121.345348,31.203456
,454,121.345254,31.203418
,455,121.345244,31.204298
,455,121.345327,31.204180
,455,121.345471,31.204132
,455,121.345973,31.204155
,456,121.345256,31.203988
,456,121.345340,31.203932
,456,121.345482,31.203904
,456,121.345982,31.203912
,457,121.345266,31.203756
,457,121.345363,31.203707
,457,121.345492,31.203682
,457,121.345989,31.203686
,458,121.345274,31.203544
,458,121.345344,31.203505
,458,121.345501,31.203491
,458,121.345996,31.203496
,459,121.341525,31.200626
,459,121.341629,31.200658
,459,121.341710,31.200717
,459,121.341743,31.200784
,459,121.341738,31.201184
,460,121.342373,31.200665
,460,121.342496,31.200704
,460,121.342563,31.200752
,460,121.342598,31.200816
,460,121.342586,31.201210
,461,121.343649,31.200723
,461,121.343744,31.200782
,461,121.343808,31.200861
,461,121.343789,31.201245
,462,121.343241,31.200705
,462,121.343313,31.200725
,462,121.343383,31.200774
,462,121.343441,31.200848
,462,121.343433,31.201234
,463,121.342802,31.200684
,463,121.342897,31.200718
,463,121.342961,31.200763
,463,121.342997,31.200831
,463,121.342999,31.201222
,464,121.341995,31.200647
,464,121.342099,31.200700
,464,121.342156,31.200763
,464,121.342167,31.200800
,464,121.342149,31.201197
,465,121.341686,31.200434
,465,121.341722,31.200482
,465,121.341762,31.200550
,465,121.341839,31.200640
,466,121.342144,31.200452
,466,121.342170,31.200541
,466,121.342217,31.200596
,466,121.342278,31.200631
,466,121.342331,31.200663
,467,121.342544,31.200469
,467,121.342582,31.200546
,467,121.342634,31.200614
,467,121.342728,31.200681
,468,121.342993,31.200487
,468,121.343021,31.200552
,468,121.343064,31.200608
,468,121.343126,31.200666
,468,121.343192,31.200702
,469,121.343412,31.200504
,469,121.343448,31.200587
,469,121.343494,31.200649
,469,121.343550,31.200689
,469,121.343608,31.200721
,470,121.343649,31.200723
,470,121.343729,31.200673
,470,121.343786,31.200612
,470,121.343816,31.200520
,470,121.343832,31.200146
,471,121.343217,31.200703
,471,121.343313,31.200668
,471,121.343376,31.200623
,471,121.343406,31.200559
,471,121.343412,31.200504
,471,121.343438,31.200131
,472,121.342802,31.200684
,472,121.342898,31.200650
,472,121.342957,31.200592
,472,121.342992,31.200533
,472,121.342993,31.200487
,472,121.343005,31.200115
,473,121.342373,31.200665
,473,121.342442,31.200637
,473,121.342501,31.200581
,473,121.342537,31.200519
,473,121.342544,31.200469
,473,121.342554,31.200099
,474,121.341943,31.200645
,474,121.342020,31.200629
,474,121.342086,31.200584
,474,121.342130,31.200518
,474,121.342144,31.200452
,474,121.342166,31.200084
,475,121.341525,31.200626
,475,121.341648,31.200531
,475,121.341685,31.200457
,475,121.341686,31.200434
,475,121.341689,31.200067
,476,121.341803,31.199005
,476,121.341904,31.199051
,476,121.341965,31.199121
,476,121.341989,31.199180
,476,121.341989,31.199257
,476,121.341981,31.199543
,477,121.341989,31.199257
,477,121.342012,31.199169
,477,121.342052,31.199110
,477,121.342118,31.199055
,477,121.342199,31.199020
,478,121.342425,31.199272
,478,121.342464,31.199160
,478,121.342528,31.199094
,478,121.342620,31.199037
,479,121.342854,31.199286
,479,121.342872,31.199196
,479,121.342929,31.199129
,479,121.343001,31.199052
,480,121.343266,31.199300
,480,121.343283,31.199251
,480,121.343326,31.199165
,480,121.343393,31.199107
,480,121.343436,31.199069
,481,121.343700,31.199315
,481,121.343715,31.199247
,481,121.343727,31.199189
,481,121.343769,31.199143
,481,121.343836,31.199108
,481,121.343894,31.199087
,482,121.343498,31.199072
,482,121.343556,31.199093
,482,121.343648,31.199142
,482,121.343692,31.199196
,482,121.343700,31.199251
,482,121.343700,31.199315
,482,121.343688,31.199602
,483,121.343076,31.199055
,483,121.343162,31.199099
,483,121.343228,31.199168
,483,121.343266,31.199252
,483,121.343266,31.199300
,483,121.343264,31.199588
,484,121.342698,31.199040
,484,121.342776,31.199113
,484,121.342838,31.199190
,484,121.342854,31.199286
,484,121.342844,31.199573
,485,121.342238,31.199022
,485,121.342344,31.199091
,485,121.342396,31.199161
,485,121.342425,31.199272
,485,121.342426,31.199558
,486,121.341231,31.198725
,486,121.341262,31.198814
,486,121.341333,31.198878
,486,121.341501,31.198993
,487,121.341977,31.198751
,487,121.342008,31.198843
,487,121.342075,31.198907
,487,121.342199,31.199020
,488,121.342694,31.198776
,488,121.342729,31.198867
,488,121.342793,31.198952
,488,121.342941,31.199050
,489,121.343448,31.198802
,489,121.343471,31.198880
,489,121.343560,31.198977
,489,121.343685,31.199079
,490,121.343894,31.199087
,490,121.344016,31.199027
,490,121.344123,31.198946
,490,121.344179,31.198859
,490,121.344196,31.198255
,491,121.343171,31.199059
,491,121.343301,31.198986
,491,121.343415,31.198882
,491,121.343448,31.198802
,491,121.343482,31.198236
,492,121.342431,31.199029
,492,121.342578,31.198948
,492,121.342669,31.198865
,492,121.342694,31.198776
,492,121.342716,31.198215
,493,121.341727,31.199002
,493,121.341857,31.198913
,493,121.341927,31.198841
,493,121.341977,31.198751
,493,121.341989,31.198196
,494,121.340940,31.198971
,494,121.341126,31.198876
,494,121.341211,31.198807
,494,121.341231,31.198725
,494,121.341254,31.198177
,495,121.338893,31.196392
,495,121.338966,31.196295
,495,121.339053,31.196218
,495,121.339170,31.196171
,495,121.339227,31.196163
,495,121.339458,31.196169
,495,121.339583,31.196212
,495,121.339674,31.196287
,495,121.339755,31.196416
,496,121.339227,31.196163
,496,121.339112,31.196113
,496,121.339019,31.196046
,496,121.338962,31.195955
,496,121.338922,31.195847
,497,121.339458,31.196169
,497,121.339553,31.196135
,497,121.339640,31.196076
,497,121.339711,31.195985
,497,121.339785,31.195863
,498,121.339024,31.193989
,498,121.339082,31.193850
,498,121.339157,31.193750
,498,121.339279,31.193669
,498,121.339377,31.193630
,498,121.339613,31.193624
,498,121.339693,31.193660
,498,121.339767,31.193726
,498,121.339842,31.193883
,498,121.339885,31.194038
,499,121.339377,31.193630
,499,121.339277,31.193553
,499,121.339197,31.193468
,499,121.339122,31.193387
,499,121.339065,31.193227
,500,121.339613,31.193624
,500,121.339728,31.193557
,500,121.339794,31.193500
,500,121.339858,31.193404
,500,121.339931,31.193188
,501,121.340225,31.187804
,501,121.340170,31.187651
,501,121.340071,31.187549
,501,121.339938,31.187474
,501,121.339670,31.187456
,501,121.339579,31.187496
,501,121.339465,31.187571
,501,121.339401,31.187680
,501,121.339363,31.187776
,502,121.339670,31.187456
,502,121.339573,31.187408
,502,121.339496,31.187321
,502,121.339447,31.187236
,502,121.339398,31.187122
,503,121.339938,31.187474
,503,121.340051,31.187413
,503,121.340138,31.187343
,503,121.340211,31.187238
,503,121.340263,31.187106
,504,121.339200,31.190769
,504,121.339254,31.190646
,504,121.339327,31.190564
,504,121.339443,31.190523
,504,121.339800,31.190534
,504,121.339908,31.190594
,504,121.339988,31.190678
,504,121.340061,31.190814
,505,121.339443,31.190523
,505,121.339353,31.190448
,505,121.339288,31.190368
,505,121.339227,31.190268
,506,121.339800,31.190534
,506,121.339917,31.190469
,506,121.339990,31.190396
,506,121.340091,31.190254
,507,121.339328,31.198907
,507,121.339422,31.198868
,507,121.339522,31.198787
,507,121.339594,31.198729
,507,121.339633,31.198645
,508,121.339633,31.198645
,508,121.339661,31.198728
,508,121.339813,31.198868
,508,121.339888,31.198929
,509,121.336285,31.197746
,509,121.336259,31.197747
,509,121.336234,31.197752
,509,121.336210,31.197761
,509,121.336188,31.197775
,509,121.336169,31.197792
,509,121.336152,31.197813
,509,121.336141,31.197836
,509,121.336132,31.197860
,509,121.336129,31.197886
,509,121.336129,31.197912
,509,121.336135,31.197937
,509,121.336145,31.197961
,509,121.336158,31.197983
,509,121.336176,31.198002
,509,121.336196,31.198018
,509,121.336218,31.198030
,509,121.336243,31.198038
,509,121.336269,31.198042
,510,121.336269,31.198042
,510,121.336295,31.198041
,510,121.336320,31.198036
,510,121.336344,31.198026
,510,121.336366,31.198013
,510,121.336385,31.197995
,510,121.336401,31.197975
,510,121.336413,31.197952
,510,121.336421,31.197928
,510,121.336425,31.197902
,510,121.336424,31.197876
,510,121.336419,31.197851
,510,121.336409,31.197827
,510,121.336395,31.197805
,510,121.336378,31.197786
,510,121.336358,31.197770
,510,121.336335,31.197757
,510,121.336311,31.197749
,510,121.336285,31.197746
,511,121.332417,31.198346
,511,121.332425,31.198346
,512,121.332280,31.198194
,512,121.332281,31.198219
,512,121.332286,31.198243
,512,121.332296,31.198267
,512,121.332309,31.198288
,512,121.332326,31.198307
,512,121.332346,31.198322
,512,121.332368,31.198334
,512,121.332392,31.198342
,512,121.332417,31.198346
,513,121.332433,31.198057
,513,121.332410,31.198057
,513,121.332388,31.198061
,513,121.332366,31.198069
,513,121.332346,31.198080
,513,121.332328,31.198094
,513,121.332312,31.198110
,513,121.332299,31.198129
,513,121.332290,31.198149
,513,121.332283,31.198171
,513,121.332280,31.198194
,514,121.332425,31.198346
,514,121.332450,31.198344
,514,121.332473,31.198338
,514,121.332496,31.198327
,514,121.332516,31.198313
,514,121.332534,31.198296
,514,121.332549,31.198276
,514,121.332559,31.198254
,514,121.332567,31.198231
,514,121.332569,31.198206
,515,121.332569,31.198206
,515,121.332568,31.198181
,515,121.332563,31.198157
,515,121.332553,31.198134
,515,121.332540,31.198113
,515,121.332523,31.198095
,515,121.332503,31.198080
,515,121.332481,31.198068
,515,121.332457,31.198060
,515,121.332433,31.198057
,516,121.339634,31.198624
,516,121.339708,31.198534
,516,121.339865,31.198429
,516,121.340186,31.198365
,516,121.340542,31.198073
,517,121.339865,31.198429
,517,121.339718,31.198338
,517,121.339657,31.198213
,518,121.339684,31.197715
,518,121.339717,31.197630
,518,121.339774,31.197577
,518,121.339866,31.197542
,518,121.340054,31.197532
,518,121.340399,31.197545
,519,121.340054,31.197532
,519,121.339873,31.197522
,519,121.339806,31.197481
,519,121.339760,31.197432
,519,121.339704,31.197343
,520,121.339716,31.197119
,520,121.339800,31.197022
,520,121.339894,31.196967
,520,121.339977,31.196941
,520,121.340087,31.196938
,520,121.340434,31.196943
,521,121.340087,31.196938
,521,121.339979,31.196910
,521,121.339898,31.196869
,521,121.339821,31.196811
,521,121.339739,31.196709
,522,121.339743,31.196626
,522,121.339792,31.196532
,522,121.339868,31.196473
,522,121.339993,31.196425
,522,121.340117,31.196418
,522,121.340463,31.196427
,523,121.340117,31.196418
,523,121.339937,31.196359
,523,121.339840,31.196302
,523,121.339766,31.196217
,524,121.339773,31.196074
,524,121.339833,31.195972
,524,121.339924,31.195897
,524,121.340073,31.195850
,524,121.340149,31.195848
,524,121.340495,31.195858
,525,121.340149,31.195848
,525,121.340065,31.195828
,525,121.339955,31.195781
,525,121.339867,31.195744
,525,121.339797,31.195641
,526,121.339806,31.195466
,526,121.339865,31.195372
,526,121.339963,31.195294
,526,121.340103,31.195235
,526,121.340184,31.195231
,526,121.340530,31.195236
,527,121.340184,31.195231
,527,121.340109,31.195201
,527,121.339986,31.195151
,527,121.339898,31.195081
,527,121.339832,31.194999
,528,121.339842,31.194811
,528,121.339914,31.194721
,528,121.339997,31.194641
,528,121.340118,31.194592
,528,121.340221,31.194576
,528,121.340567,31.194584
,529,121.340221,31.194576
,529,121.340111,31.194556
,529,121.339999,31.194509
,529,121.339916,31.194440
,529,121.339868,31.194350
,530,121.339880,31.194118
,530,121.339914,31.194057
,530,121.340035,31.193979
,530,121.340159,31.193941
,530,121.340257,31.193939
,530,121.340603,31.193948
,531,121.340257,31.193939
,531,121.340157,31.193895
,531,121.340034,31.193843
,531,121.339952,31.193759
,531,121.339903,31.193692
,532,121.339944,31.192946
,532,121.340065,31.193084
,532,121.340195,31.193150
,532,121.340301,31.193157
,532,121.340647,31.193160
,533,121.339956,31.192727
,533,121.340022,31.192607
,533,121.340102,31.192544
,533,121.340236,31.192508
,533,121.340338,31.192508
,533,121.340684,31.192508
,534,121.340338,31.192508
,534,121.340234,31.192483
,534,121.340124,31.192456
,534,121.340041,31.192397
,534,121.339980,31.192294
,535,121.339993,31.192059
,535,121.340045,31.191968
,535,121.340123,31.191901
,535,121.340259,31.191859
,535,121.340375,31.191857
,535,121.340721,31.191867
,536,121.340375,31.191857
,536,121.340259,31.191823
,536,121.340154,31.191771
,536,121.340076,31.191714
,536,121.340016,31.191638
,537,121.340028,31.191408
,537,121.340125,31.191288
,537,121.340217,31.191233
,537,121.340412,31.191196
,537,121.340758,31.191196
,538,121.340412,31.191196
,538,121.340240,31.191135
,538,121.340129,31.191076
,538,121.340052,31.190973
,539,121.340063,31.190767
,539,121.340112,31.190692
,539,121.340228,31.190591
,539,121.340320,31.190559
,539,121.340448,31.190559
,539,121.340794,31.190560
,540,121.340448,31.190559
,540,121.340322,31.190513
,540,121.340235,31.190481
,540,121.340146,31.190370
,540,121.340089,31.190299
,541,121.340097,31.190136
,541,121.340172,31.190012
,541,121.340267,31.189930
,541,121.340406,31.189891
,541,121.340486,31.189888
,541,121.340832,31.189898
,542,121.340486,31.189888
,542,121.340411,31.189862
,542,121.340270,31.189812
,542,121.340175,31.189750
,542,121.340124,31.189658
,543,121.340134,31.189462
,543,121.340182,31.189361
,543,121.340306,31.189293
,543,121.340442,31.189264
,543,121.340521,31.189263
,543,121.340868,31.189260
,544,121.340521,31.189263
,544,121.340440,31.189222
,544,121.340325,31.189165
,544,121.340228,31.189091
,544,121.340160,31.188988
,545,121.340173,31.188761
,545,121.340231,31.188685
,545,121.340328,31.188624
,545,121.340459,31.188597
,545,121.340559,31.188597
,545,121.341030,31.188594
,546,121.340559,31.188597
,546,121.340474,31.188568
,546,121.340345,31.188495
,546,121.340248,31.188410
,546,121.340197,31.188308
,547,121.340205,31.188167
,547,121.340253,31.188075
,547,121.340343,31.187995
,547,121.340496,31.187939
,547,121.340596,31.187939
,547,121.340943,31.187940
,548,121.340596,31.187939
,548,121.340496,31.187895
,548,121.340350,31.187831
,548,121.340274,31.187749
,548,121.340234,31.187632
,549,121.340559,31.188597
,549,121.340669,31.188667
,549,121.340740,31.188775
,549,121.340741,31.188930
,550,121.340905,31.188604
,550,121.340977,31.188675
,550,121.341009,31.188754
,550,121.341003,31.188930
,551,121.341030,31.188594
,551,121.341108,31.188688
,551,121.341129,31.188770
,551,121.341122,31.188930
,552,121.340243,31.187477
,552,121.340344,31.187343
,552,121.340447,31.187296
,552,121.340546,31.187283
,552,121.340980,31.187281
,553,121.340546,31.187283
,553,121.340439,31.187236
,553,121.340352,31.187198
,553,121.340264,31.187077
,554,121.340268,31.187012
,554,121.340331,31.186955
,554,121.340426,31.186916
,554,121.340546,31.186890
,554,121.340656,31.186884
,554,121.341002,31.186893
,555,121.340656,31.186884
,555,121.340539,31.186860
,555,121.340428,31.186815
,555,121.340344,31.186753
,555,121.340287,31.186659
,556,121.340397,31.184647
,556,121.340426,31.184561
,556,121.340471,31.184496
,556,121.340548,31.184450
,556,121.340611,31.184433
,556,121.341140,31.184445
,557,121.340611,31.184433
,557,121.340544,31.184397
,557,121.340485,31.184365
,557,121.340426,31.184306
,557,121.340341,31.184181
,558,121.340376,31.185038
,558,121.340404,31.184982
,558,121.340471,31.184923
,558,121.340601,31.184860
,558,121.340703,31.184844
,558,121.341117,31.184855
,559,121.340703,31.184844
,559,121.340601,31.184817
,559,121.340485,31.184743
,559,121.340430,31.184687
,559,121.340397,31.184647
,560,121.340376,31.185038
,560,121.340409,31.185119
,560,121.340497,31.185209
,560,121.340633,31.185274
,560,121.340674,31.185294
,560,121.341092,31.185292
,561,121.340674,31.185294
,561,121.340485,31.185351
,561,121.340397,31.185427
,561,121.340349,31.185519
,562,121.340554,31.186520
,562,121.340429,31.186477
,562,121.340351,31.186419
,562,121.340305,31.186343
,563,121.340554,31.186139
,563,121.340441,31.186087
,563,121.340385,31.186024
,563,121.340327,31.185935
,564,121.340652,31.185738
,564,121.340550,31.185700
,564,121.340435,31.185625
,564,121.340349,31.185519
,565,121.340328,31.185912
,565,121.340389,31.185840
,565,121.340537,31.185770
,565,121.340652,31.185738
,565,121.341067,31.185738
,566,121.340305,31.186343
,566,121.340343,31.186245
,566,121.340421,31.186193
,566,121.340554,31.186139
,566,121.341044,31.186146
,567,121.340287,31.186659
,567,121.340329,31.186602
,567,121.340417,31.186554
,567,121.340554,31.186520
,567,121.341022,31.186531
,568,121.326820,31.195759
,568,121.326885,31.195678
,568,121.326911,31.195565
,569,121.326945,31.195689
,569,121.326701,31.194782
,570,121.339851,31.199491
,570,121.339728,31.199513
,570,121.339650,31.199569
,570,121.339575,31.199679
,571,121.339830,31.199857
,571,121.339724,31.199890
,571,121.339611,31.199955
,571,121.339554,31.200027
,572,121.339840,31.200229
,572,121.339733,31.200249
,572,121.339647,31.200287
,572,121.339585,31.200343
,572,121.339533,31.200389
,573,121.339745,31.200573
,573,121.339653,31.200609
,573,121.339571,31.200672
,573,121.339511,31.200759
,574,121.339738,31.200963
,574,121.339655,31.200980
,574,121.339590,31.201029
,574,121.339490,31.201127
,575,121.339510,31.200785
,575,121.339566,31.200862
,575,121.339650,31.200935
,575,121.339738,31.200963
,575,121.340314,31.200956
,576,121.339532,31.200405
,576,121.339576,31.200470
,576,121.339650,31.200533
,576,121.339745,31.200573
,576,121.340336,31.200571
,577,121.339551,31.200081
,577,121.339629,31.200155
,577,121.339740,31.200215
,577,121.339840,31.200229
,577,121.340355,31.200235
,578,121.339573,31.199709
,578,121.339643,31.199780
,578,121.339753,31.199847
,578,121.339845,31.199859
,578,121.340376,31.199857
,579,121.339598,31.199282
,579,121.339656,31.199390
,579,121.339757,31.199457
,579,121.339851,31.199491
,579,121.340397,31.199500
,580,121.339576,31.203325
,580,121.339462,31.203272
,580,121.339369,31.203192
,581,121.339357,31.203396
,581,121.339422,31.203357
,581,121.339576,31.203325
,581,121.339705,31.203327
,581,121.340179,31.203333
,582,121.330228,31.205094
,582,121.330142,31.205090
,583,121.332273,31.201000
,583,121.332149,31.201717
,583,121.331975,31.202258
,583,121.331687,31.202874
,583,121.330332,31.204839
,583,121.330183,31.205201
,583,121.330120,31.205487
,584,121.329953,31.205083
,584,121.330117,31.205034
,584,121.330146,31.205016
,585,121.326901,31.197154
,585,121.326925,31.196740
,585,121.326965,31.196632
,585,121.327037,31.196540
,585,121.327256,31.196451
,586,121.325732,31.191616
,586,121.325892,31.191620
,587,121.330866,31.191753
,587,121.330367,31.191736
,587,121.330023,31.191719
,588,121.331025,31.191312
,588,121.330935,31.191166
,588,121.330899,31.191141
,589,121.330970,31.191031
,589,121.330919,31.190778
,590,121.334928,31.191588
,590,121.334714,31.191275
,591,121.334714,31.191275
,591,121.334624,31.191223
,592,121.332097,31.204254
,592,121.331901,31.205163
,593,121.333854,31.205225
,593,121.333926,31.205205
,593,121.333965,31.205176
,594,121.335438,31.213385
,594,121.336269,31.198042
,595,121.339605,31.199153
,595,121.339576,31.199068
,595,121.339468,31.198950
,595,121.339328,31.198907
,596,121.339618,31.198918
,596,121.339605,31.199153
,596,121.339263,31.205006
