"FID_","ID","X","Y"
,1,102.930085,25.088884
,1,102.930967,25.089898
,1,102.931849,25.090906
,1,102.932336,25.091491
,1,102.934675,25.094298
,1,102.937082,25.097004
,1,102.937971,25.098007
,1,102.940507,25.100852
,1,102.942895,25.103598
,1,102.943235,25.103984
,1,102.945622,25.106729
,1,102.948044,25.109469
,1,102.953768,25.115987
,1,102.954201,25.116461
,1,102.954975,25.117391
,1,102.955612,25.118128
,1,102.958112,25.120874
,1,102.959097,25.121956
,2,102.916410,25.101476
,2,102.917375,25.102551
,2,102.918131,25.103517
,2,102.918391,25.103850
,2,102.918700,25.104209
,2,102.923406,25.109685
,2,102.924175,25.110571
,2,102.924561,25.111023
,2,102.925937,25.112543
,2,102.926474,25.113126
,2,102.927169,25.113919
,2,102.928324,25.115267
,2,102.929228,25.116311
,2,102.929648,25.116798
,2,102.931414,25.118795
,2,102.931974,25.119416
,2,102.933097,25.120752
,2,102.933968,25.121695
,2,102.934488,25.122259
,2,102.935416,25.123264
,2,102.939882,25.128468
,2,102.940222,25.128859
,2,102.940553,25.129246
,2,102.941229,25.130038
,2,102.942230,25.131213
,3,102.929580,25.092606
,3,102.928761,25.091671
,3,102.928691,25.091544
,3,102.928667,25.091402
,3,102.928707,25.091253
,3,102.928817,25.091095
,3,102.928943,25.091008
,3,102.929259,25.090788
,3,102.929590,25.090528
,3,102.930299,25.090007
,3,102.930441,25.089944
,3,102.930614,25.089905
,3,102.930819,25.089889
,3,102.930967,25.089898
,4,102.929580,25.092606
,4,102.929712,25.092673
,4,102.929831,25.092705
,4,102.929943,25.092708
,4,102.930039,25.092688
,4,102.930174,25.092653
,4,102.930605,25.092318
,4,102.930948,25.092098
,4,102.931701,25.091540
,4,102.931773,25.091433
,4,102.931825,25.091325
,4,102.931861,25.091197
,4,102.931869,25.091074
,4,102.931849,25.090906
,5,102.931701,25.091540
,5,102.931921,25.091480
,5,102.932076,25.091453
,5,102.932216,25.091454
,5,102.932336,25.091491
,6,102.929580,25.092606
,6,102.930115,25.093200
,6,102.931312,25.094571
,6,102.931556,25.094853
,6,102.931806,25.095145
,6,102.933496,25.097075
,6,102.933725,25.097352
,6,102.934034,25.097692
,6,102.934347,25.098053
,6,102.934613,25.098346
,6,102.935363,25.099228
,6,102.935613,25.099505
,6,102.935916,25.099850
,6,102.936229,25.100217
,6,102.936474,25.100483
,6,102.938037,25.102285
,6,102.938297,25.102583
,6,102.938568,25.102896
,6,102.939270,25.103705
,6,102.939525,25.103986
,6,102.939796,25.104300
,6,102.939897,25.104422
,6,102.940147,25.104693
,6,102.940381,25.104964
,6,102.940482,25.105081
,7,102.930394,25.092075
,7,102.930509,25.092124
,7,102.930621,25.092152
,7,102.930760,25.092156
,7,102.930948,25.092098
,8,102.930174,25.092653
,8,102.930377,25.092550
,8,102.930469,25.092530
,8,102.930589,25.092530
,8,102.930677,25.092542
,8,102.930780,25.092582
,8,102.930857,25.092617
,9,102.930857,25.092617
,9,102.930820,25.092471
,9,102.930828,25.092375
,9,102.930856,25.092283
,9,102.930948,25.092098
,10,102.930174,25.092653
,10,102.930342,25.092467
,10,102.930373,25.092367
,10,102.930394,25.092279
,10,102.930406,25.092161
,10,102.930394,25.092075
,11,102.932023,25.094501
,11,102.932084,25.094386
,11,102.932111,25.094274
,11,102.932105,25.094157
,11,102.932058,25.094004
,12,102.929873,25.094540
,12,102.930489,25.095242
,12,102.930569,25.095300
,12,102.930691,25.095332
,12,102.930824,25.095337
,12,102.930924,25.095309
,13,102.929298,25.094944
,13,102.929952,25.095678
,13,102.930069,25.095736
,13,102.930181,25.095752
,13,102.930335,25.095709
,14,102.928801,25.095317
,14,102.929498,25.096094
,14,102.929549,25.096133
,14,102.929624,25.096151
,14,102.929692,25.096142
,14,102.929769,25.096124
,15,102.930240,25.097093
,15,102.929719,25.096486
,15,102.929692,25.096411
,15,102.929695,25.096346
,15,102.929707,25.096250
,15,102.929769,25.096124
,16,102.930109,25.095876
,16,102.930063,25.095948
,16,102.930036,25.096011
,16,102.930036,25.096076
,16,102.930060,25.096154
,16,102.930634,25.096824
,17,102.930485,25.095607
,17,102.930467,25.095712
,17,102.930458,25.095780
,17,102.930464,25.095861
,17,102.930509,25.095951
,17,102.930996,25.096528
,18,102.930924,25.095309
,18,102.930898,25.095407
,18,102.930889,25.095475
,18,102.930891,25.095547
,18,102.930921,25.095625
,18,102.931436,25.096211
,19,102.929493,25.096330
,19,102.929769,25.096124
,19,102.930109,25.095876
,19,102.930335,25.095709
,19,102.930485,25.095607
,19,102.930924,25.095309
,19,102.931300,25.095026
,19,102.931855,25.094623
,19,102.932023,25.094501
,19,102.932109,25.094476
,19,102.932232,25.094461
,19,102.932328,25.094464
,19,102.932426,25.094491
,19,102.932486,25.094530
,19,102.932573,25.094589
,20,102.931806,25.095145
,20,102.931758,25.095004
,20,102.931750,25.094900
,20,102.931770,25.094812
,20,102.931806,25.094724
,20,102.931855,25.094623
,21,102.931312,25.094571
,21,102.931439,25.094641
,21,102.931518,25.094665
,21,102.931610,25.094669
,21,102.931718,25.094661
,21,102.931855,25.094623
,22,102.931300,25.095026
,22,102.931343,25.094936
,22,102.931355,25.094856
,22,102.931355,25.094760
,22,102.931351,25.094689
,22,102.931312,25.094571
,23,102.931300,25.095026
,23,102.931430,25.095008
,23,102.931522,25.095020
,23,102.931622,25.095047
,23,102.931714,25.095095
,23,102.931806,25.095145
,24,102.933897,25.096104
,24,102.934351,25.096410
,24,102.934653,25.096570
,24,102.934908,25.096655
,24,102.935872,25.097052
,24,102.937971,25.098007
,25,102.929739,25.100237
,25,102.930750,25.101400
,25,102.931005,25.101551
,25,102.931241,25.101655
,25,102.931322,25.101658
,25,102.931497,25.101674
,25,102.931837,25.101655
,25,102.932243,25.101598
,25,102.932640,25.101542
,25,102.933028,25.101447
,25,102.933406,25.101371
,25,102.933793,25.101286
,25,102.934219,25.101192
,25,102.934445,25.101145
,25,102.934663,25.101116
,25,102.935097,25.100927
,25,102.935958,25.100388
,25,102.936676,25.099878
,25,102.937016,25.099642
,25,102.937186,25.099557
,25,102.937432,25.099510
,26,102.929259,25.090788
,26,102.929517,25.091070
,26,102.930394,25.092075
,26,102.930605,25.092318
,26,102.930857,25.092617
,26,102.932058,25.094004
,26,102.932573,25.094589
,26,102.933897,25.096104
,26,102.934269,25.096508
,26,102.934498,25.096790
,26,102.934828,25.097152
,26,102.935359,25.097784
,26,102.936141,25.098661
,26,102.936688,25.099283
,26,102.937016,25.099642
,26,102.937252,25.099932
,26,102.937789,25.100533
,26,102.938847,25.101761
,26,102.939304,25.102285
,26,102.940075,25.103170
,26,102.940596,25.103760
,26,102.941203,25.104451
,26,102.942760,25.106258
,26,102.944274,25.107991
,26,102.945263,25.109103
,26,102.946752,25.110809
,26,102.947725,25.111915
,26,102.949080,25.113478
,26,102.949330,25.113754
,26,102.949586,25.114047
,26,102.950208,25.114764
,26,102.950442,25.115051
,26,102.950729,25.115365
,26,102.952212,25.117050
,26,102.952472,25.117327
,26,102.952701,25.117635
,26,102.953530,25.118565
,26,102.953807,25.118884
,26,102.954088,25.119203
,26,102.956619,25.122111
,26,102.956747,25.122181
,26,102.956880,25.122223
,26,102.957034,25.122223
,26,102.957188,25.122202
,26,102.957969,25.121622
,26,102.958060,25.121479
,26,102.958113,25.121325
,26,102.958140,25.121144
,26,102.958112,25.120874
,27,102.929001,25.100776
,27,102.930070,25.100549
,27,102.930646,25.100426
,27,102.930873,25.100332
,27,102.931128,25.100181
,27,102.931449,25.099935
,27,102.931894,25.099623
,27,102.932423,25.099235
,27,102.932952,25.098857
,27,102.934058,25.098215
,27,102.934805,25.097733
,27,102.935296,25.097355
,27,102.935409,25.097203
,27,102.935589,25.097099
,27,102.935750,25.097071
,27,102.935872,25.097052
,28,102.928983,25.100152
,28,102.930032,25.100190
,28,102.930693,25.100199
,28,102.931128,25.100181
,29,102.929247,25.099396
,29,102.929881,25.100114
,29,102.930032,25.100190
,29,102.930221,25.100124
,29,102.930287,25.100058
,29,102.930287,25.099859
,30,102.930259,25.100644
,30,102.930240,25.100351
,30,102.930287,25.100058
,30,102.930438,25.099821
,30,102.930570,25.099651
,31,102.929588,25.099046
,31,102.930112,25.099656
,31,102.930287,25.099859
,31,102.930514,25.100124
,31,102.930693,25.100199
,31,102.930873,25.100332
,31,102.931024,25.100540
,31,102.931317,25.100889
,31,102.931544,25.100956
,31,102.931743,25.100946
,31,102.932121,25.100889
,31,102.932499,25.100852
,31,102.932867,25.100748
,31,102.933245,25.100672
,31,102.933642,25.100578
,31,102.933963,25.100521
,31,102.934237,25.100455
,31,102.934568,25.100284
,31,102.935343,25.099717
,31,102.935613,25.099505
,31,102.935910,25.099302
,31,102.936090,25.099150
,31,102.936165,25.098999
,31,102.936175,25.098867
,31,102.936141,25.098661
,32,102.930570,25.099651
,32,102.930400,25.099717
,32,102.930287,25.099727
,32,102.930112,25.099656
,33,102.930570,25.099651
,33,102.930582,25.099544
,33,102.930565,25.099432
,33,102.930507,25.099321
,33,102.929965,25.098709
,34,102.930565,25.099432
,34,102.930725,25.099421
,34,102.930826,25.099416
,34,102.930930,25.099377
,34,102.930996,25.099251
,34,102.930985,25.099103
,34,102.930927,25.099007
,34,102.930406,25.098401
,35,102.930985,25.099103
,35,102.931108,25.099113
,35,102.931230,25.099108
,35,102.931383,25.099056
,36,102.930985,25.099103
,36,102.931491,25.099650
,36,102.931618,25.099687
,36,102.931740,25.099687
,36,102.931894,25.099623
,37,102.931491,25.099650
,37,102.931496,25.099767
,37,102.931475,25.099863
,37,102.931449,25.099935
,37,102.931331,25.099985
,37,102.931193,25.099974
,37,102.931070,25.099964
,37,102.930704,25.099549
,37,102.930565,25.099432
,38,102.931070,25.099964
,38,102.931113,25.100086
,38,102.931128,25.100181
,39,102.930831,25.097991
,39,102.931623,25.098885
,40,102.931623,25.098885
,40,102.931969,25.099246
,40,102.931979,25.099390
,40,102.931958,25.099501
,40,102.931894,25.099623
,41,102.931969,25.099246
,41,102.932113,25.099283
,41,102.932224,25.099283
,41,102.932315,25.099278
,41,102.932423,25.099235
,42,102.932423,25.099235
,42,102.932517,25.099103
,42,102.932527,25.098991
,42,102.932501,25.098863
,42,102.932421,25.098736
,42,102.932196,25.098460
,42,102.931406,25.097571
,43,102.931756,25.097279
,43,102.933558,25.097470
,43,102.933723,25.097497
,43,102.933856,25.097556
,43,102.934034,25.097692
,44,102.934058,25.098215
,44,102.934244,25.098183
,44,102.934361,25.098209
,44,102.934457,25.098257
,44,102.934613,25.098346
,45,102.934613,25.098346
,45,102.934547,25.098178
,45,102.934569,25.098039
,45,102.934606,25.097906
,45,102.934805,25.097733
,46,102.934034,25.097692
,46,102.934175,25.097795
,46,102.934287,25.097848
,46,102.934420,25.097859
,46,102.934579,25.097832
,46,102.934805,25.097733
,47,102.934034,25.097692
,47,102.934122,25.097880
,47,102.934122,25.097970
,47,102.934101,25.098055
,47,102.934058,25.098215
,48,102.934805,25.097733
,48,102.934893,25.097582
,48,102.934920,25.097460
,48,102.934903,25.097338
,48,102.934828,25.097152
,49,102.929739,25.100237
,49,102.930287,25.099859
,49,102.930570,25.099651
,49,102.930930,25.099377
,49,102.931383,25.099056
,49,102.931623,25.098885
,49,102.932196,25.098460
,49,102.933444,25.097544
,49,102.934116,25.097073
,49,102.934578,25.096750
,49,102.934719,25.096693
,49,102.934908,25.096655
,50,102.934116,25.097073
,50,102.934271,25.097003
,50,102.934393,25.096971
,50,102.934558,25.096981
,50,102.934707,25.097056
,50,102.934828,25.097152
,51,102.934034,25.097692
,51,102.933941,25.097529
,51,102.933925,25.097407
,51,102.933952,25.097295
,51,102.933989,25.097210
,51,102.934116,25.097073
,52,102.929494,25.101266
,52,102.930174,25.100756
,52,102.930259,25.100644
,53,102.930259,25.100644
,53,102.930352,25.100628
,53,102.930646,25.100426
,53,102.930798,25.100437
,53,102.930919,25.100458
,53,102.931024,25.100540
,54,102.931024,25.100540
,54,102.931131,25.100727
,54,102.931117,25.100848
,54,102.931061,25.100954
,54,102.930621,25.101259
,54,102.929877,25.101791
,55,102.931061,25.100954
,55,102.931188,25.100905
,55,102.931317,25.100889
,56,102.930699,25.102549
,56,102.931124,25.101798
,56,102.931124,25.101713
,56,102.931089,25.101642
,56,102.931005,25.101551
,57,102.931124,25.101798
,57,102.931217,25.101706
,57,102.931322,25.101658
,58,102.931317,25.100889
,58,102.931429,25.101000
,58,102.931493,25.101103
,59,102.931601,25.101199
,59,102.931637,25.101087
,59,102.931677,25.101024
,59,102.931712,25.100988
,59,102.931743,25.100946
,59,102.931808,25.100976
,59,102.931884,25.101048
,59,102.931928,25.101143
,59,102.931988,25.101534
,60,102.931928,25.101143
,60,102.931948,25.101032
,60,102.931988,25.100980
,60,102.932047,25.100940
,60,102.932121,25.100889
,60,102.932235,25.100912
,60,102.932319,25.100972
,60,102.932370,25.101068
,60,102.932446,25.101466
,61,102.932370,25.101068
,61,102.932390,25.100960
,61,102.932434,25.100904
,61,102.932499,25.100852
,61,102.932594,25.100896
,61,102.932670,25.101008
,61,102.932769,25.101414
,62,102.932670,25.101008
,62,102.932670,25.100912
,62,102.932713,25.100860
,62,102.932769,25.100812
,62,102.932867,25.100748
,62,102.932968,25.100780
,62,102.933040,25.100848
,62,102.933080,25.100928
,62,102.933184,25.101327
,63,102.933080,25.100928
,63,102.933084,25.100820
,63,102.933124,25.100749
,63,102.933245,25.100672
,63,102.933351,25.100697
,63,102.933411,25.100757
,63,102.933471,25.100836
,63,102.933567,25.101223
,64,102.933471,25.100836
,64,102.933479,25.100737
,64,102.933510,25.100673
,64,102.933567,25.100625
,64,102.933642,25.100578
,64,102.933758,25.100617
,64,102.933825,25.100673
,64,102.933869,25.100765
,64,102.933981,25.101195
,65,102.931241,25.101655
,65,102.931290,25.101729
,65,102.931310,25.101805
,65,102.931270,25.102623
,66,102.931310,25.101805
,66,102.931381,25.101737
,66,102.931433,25.101710
,66,102.931497,25.101674
,66,102.931577,25.101721
,66,102.931629,25.101781
,66,102.931660,25.101833
,66,102.931721,25.102603
,67,102.931660,25.101833
,67,102.931708,25.101753
,67,102.931760,25.101706
,67,102.931837,25.101655
,67,102.931948,25.101710
,67,102.932031,25.101801
,67,102.932156,25.102543
,68,102.932031,25.101801
,68,102.932087,25.101698
,68,102.932135,25.101655
,68,102.932243,25.101598
,68,102.932395,25.101639
,68,102.932491,25.101740
,68,102.932629,25.102479
,69,102.932491,25.101740
,69,102.932528,25.101655
,69,102.932581,25.101607
,69,102.932640,25.101542
,69,102.932751,25.101591
,69,102.932804,25.101628
,69,102.932847,25.101692
,69,102.933038,25.102383
,70,102.932847,25.101692
,70,102.932873,25.101591
,70,102.932916,25.101522
,70,102.933028,25.101447
,70,102.933118,25.101485
,70,102.933208,25.101554
,70,102.933256,25.101607
,70,102.933432,25.102309
,71,102.933256,25.101607
,71,102.933283,25.101496
,71,102.933320,25.101432
,71,102.933406,25.101371
,71,102.933527,25.101410
,71,102.933597,25.101464
,71,102.933634,25.101538
,71,102.933836,25.102213
,72,102.933634,25.101538
,72,102.933660,25.101426
,72,102.933729,25.101341
,72,102.933793,25.101286
,72,102.933915,25.101320
,72,102.933979,25.101363
,72,102.934054,25.101442
,72,102.934245,25.102197
,73,102.934054,25.101442
,73,102.934064,25.101341
,73,102.934107,25.101278
,73,102.934219,25.101192
,74,102.934663,25.101116
,74,102.934718,25.101145
,74,102.934830,25.101166
,75,102.934703,25.101028
,75,102.934718,25.101145
,75,102.934702,25.101453
,75,102.934692,25.101825
,75,102.934649,25.102506
,76,102.936090,25.099150
,76,102.936281,25.099124
,76,102.936446,25.099140
,76,102.936688,25.099283
,76,102.936786,25.099454
,76,102.936802,25.099571
,76,102.936765,25.099699
,76,102.936676,25.099878
,76,102.936419,25.100028
,76,102.936201,25.100023
,76,102.935916,25.099850
,76,102.935829,25.099688
,76,102.935818,25.099539
,76,102.935856,25.099417
,76,102.935910,25.099302
,77,102.936688,25.099283
,77,102.936983,25.099332
,77,102.937432,25.099510
,77,102.938423,25.099927
,77,102.939822,25.100565
,77,102.940507,25.100852
,78,102.934476,25.100745
,78,102.934436,25.100608
,78,102.934447,25.100491
,78,102.934490,25.100400
,78,102.934568,25.100284
,79,102.934606,25.100895
,79,102.934734,25.100953
,79,102.934830,25.100969
,79,102.934931,25.100964
,79,102.935097,25.100927
,80,102.933869,25.100765
,80,102.933869,25.100649
,80,102.933909,25.100577
,80,102.933963,25.100521
,80,102.934105,25.100509
,80,102.934236,25.100549
,80,102.934352,25.100625
,80,102.934476,25.100745
,80,102.934606,25.100895
,80,102.934703,25.101028
,80,102.934830,25.101166
,80,102.935038,25.101391
,80,102.935233,25.101618
,80,102.935417,25.101837
,80,102.935573,25.102013
,80,102.935642,25.102091
,80,102.935700,25.102156
,80,102.935927,25.102407
,80,102.936042,25.102549
,80,102.936146,25.102678
,80,102.936342,25.102906
,80,102.936704,25.103304
,80,102.936932,25.103564
,80,102.937211,25.103894
,80,102.937924,25.104696
,80,102.938164,25.104991
,80,102.938435,25.105282
,80,102.938558,25.105434
,80,102.938778,25.105685
,80,102.939021,25.105968
,80,102.939085,25.106036
,81,102.935343,25.099717
,81,102.935499,25.099672
,81,102.935611,25.099683
,81,102.935744,25.099725
,81,102.935916,25.099850
,82,102.935916,25.099850
,82,102.936005,25.100023
,82,102.936010,25.100129
,82,102.935999,25.100230
,82,102.935958,25.100388
,83,102.935958,25.100388
,83,102.936132,25.100353
,83,102.936244,25.100368
,83,102.936350,25.100411
,83,102.936474,25.100483
,84,102.936474,25.100483
,84,102.936419,25.100299
,84,102.936446,25.100188
,84,102.936499,25.100065
,84,102.936676,25.099878
,85,102.934692,25.101825
,85,102.934628,25.101708
,85,102.934617,25.101597
,85,102.934675,25.101511
,85,102.934702,25.101453
,85,102.934824,25.101395
,85,102.934941,25.101368
,85,102.935038,25.101391
,86,102.935038,25.101391
,86,102.934994,25.101251
,86,102.935000,25.101161
,86,102.935021,25.101065
,86,102.935097,25.100927
,87,102.930183,25.102219
,87,102.930960,25.101655
,87,102.931020,25.101625
,87,102.931077,25.101617
,87,102.931241,25.101655
,88,102.931020,25.101625
,88,102.931379,25.101324
,89,102.931241,25.101655
,89,102.931379,25.101324
,89,102.931493,25.101103
,89,102.931561,25.101147
,89,102.931601,25.101199
,89,102.931649,25.101586
,90,102.936676,25.099878
,90,102.936889,25.099845
,90,102.937045,25.099859
,90,102.937252,25.099932
,91,102.937789,25.100533
,91,102.937733,25.100341
,91,102.937769,25.100192
,91,102.937868,25.100051
,91,102.938024,25.099937
,91,102.938194,25.099909
,91,102.938423,25.099927
,92,102.935417,25.101837
,92,102.935535,25.101879
,92,102.935670,25.101858
,92,102.936273,25.101404
,93,102.935670,25.101858
,93,102.935635,25.101957
,93,102.935640,25.102037
,93,102.935642,25.102091
,94,102.935642,25.102091
,94,102.935732,25.102149
,94,102.935844,25.102161
,94,102.935955,25.102129
,94,102.936542,25.101702
,95,102.935955,25.102129
,95,102.935903,25.102209
,95,102.935888,25.102268
,95,102.935888,25.102328
,95,102.935927,25.102407
,95,102.936011,25.102436
,95,102.936099,25.102436
,95,102.936199,25.102412
,95,102.936785,25.101977
,96,102.936199,25.102412
,96,102.936139,25.102504
,96,102.936135,25.102575
,96,102.936146,25.102678
,97,102.934847,25.102807
,97,102.935584,25.102268
,97,102.935684,25.102276
,97,102.935768,25.102288
,97,102.935832,25.102340
,97,102.935927,25.102407
,98,102.935584,25.102268
,98,102.935609,25.102212
,98,102.935605,25.102153
,98,102.935588,25.102085
,98,102.935573,25.102013
,99,102.934859,25.103173
,99,102.936035,25.102842
,99,102.936067,25.102759
,99,102.936071,25.102671
,99,102.936042,25.102549
,100,102.936035,25.102842
,100,102.936123,25.102839
,100,102.936203,25.102839
,100,102.936342,25.102906
,101,102.936342,25.102906
,101,102.936366,25.102815
,101,102.936406,25.102755
,101,102.936490,25.102687
,101,102.937088,25.102332
,102,102.934653,25.103532
,102,102.936042,25.103872
,102,102.936250,25.103920
,102,102.936468,25.103891
,102,102.936628,25.103768
,102,102.936695,25.103617
,102,102.936732,25.103457
,102,102.936704,25.103304
,103,102.936704,25.103304
,103,102.936902,25.103372
,103,102.937044,25.103390
,103,102.937262,25.103334
,103,102.938008,25.102776
,103,102.938297,25.102583
,103,102.938594,25.102341
,103,102.938811,25.102190
,103,102.939038,25.102181
,103,102.939180,25.102237
,103,102.939304,25.102285
,104,102.938811,25.102190
,104,102.938831,25.102001
,104,102.938847,25.101761
,105,102.938847,25.101761
,105,102.939284,25.102058
,105,102.939728,25.102313
,105,102.940749,25.102729
,105,102.942895,25.103598
,106,102.938811,25.102190
,106,102.939010,25.102077
,106,102.939284,25.102058
,107,102.936628,25.103768
,107,102.936846,25.103740
,107,102.937054,25.103797
,107,102.937211,25.103894
,108,102.937211,25.103894
,108,102.937139,25.103665
,108,102.937158,25.103494
,108,102.937262,25.103334
,109,102.932366,25.104837
,109,102.932990,25.104751
,109,102.933444,25.104714
,109,102.934011,25.104685
,109,102.934568,25.104666
,109,102.935456,25.104591
,109,102.936090,25.104147
,109,102.936468,25.103891
,110,102.936090,25.104147
,110,102.936099,25.104014
,110,102.936042,25.103872
,111,102.934180,25.103542
,111,102.934256,25.104440
,111,102.934313,25.104553
,111,102.934568,25.104666
,112,102.934011,25.104685
,112,102.934162,25.104600
,112,102.934256,25.104440
,113,102.933623,25.103608
,113,102.933689,25.104468
,113,102.933765,25.104553
,113,102.933869,25.104638
,113,102.934011,25.104685
,114,102.933444,25.104714
,114,102.933585,25.104629
,114,102.933689,25.104468
,115,102.933444,25.104714
,115,102.933320,25.104657
,115,102.933207,25.104600
,115,102.933141,25.104553
,115,102.933094,25.103598
,116,102.932990,25.104751
,116,102.933094,25.104638
,116,102.933141,25.104553
,117,102.932990,25.104751
,117,102.932801,25.104704
,117,102.932640,25.104629
,117,102.932508,25.103683
,118,102.932366,25.104837
,118,102.932527,25.104770
,118,102.932640,25.104629
,119,102.932366,25.104837
,119,102.932139,25.104855
,119,102.932045,25.104789
,119,102.931941,25.104742
,119,102.931884,25.104638
,119,102.931874,25.104506
,119,102.931941,25.104354
,120,102.931865,25.103674
,120,102.931941,25.104354
,120,102.932045,25.104789
,120,102.931978,25.104931
,120,102.931941,25.105054
,120,102.931563,25.105300
,120,102.931393,25.105602
,120,102.931307,25.105819
,120,102.931156,25.106131
,120,102.931317,25.106453
,120,102.931619,25.106812
,120,102.932952,25.108324
,120,102.933198,25.108598
,120,102.933453,25.108882
,120,102.933633,25.109089
,120,102.933812,25.109297
,120,102.934076,25.109600
,121,102.930258,25.104969
,121,102.930901,25.105224
,121,102.931347,25.105337
,121,102.931439,25.105337
,121,102.931563,25.105300
,122,102.931347,25.105337
,122,102.931389,25.105408
,122,102.931393,25.105602
,123,102.931393,25.105602
,123,102.931282,25.105770
,123,102.931141,25.105848
,123,102.931028,25.105890
,123,102.930070,25.105536
,124,102.931028,25.105890
,124,102.931113,25.105982
,124,102.931156,25.106131
,125,102.929893,25.106067
,125,102.930886,25.106344
,125,102.931042,25.106273
,125,102.931156,25.106131
,126,102.930886,25.106344
,126,102.931098,25.106379
,126,102.931317,25.106453
,127,102.930886,25.106344
,127,102.930971,25.106450
,127,102.931020,25.106599
,127,102.930935,25.106847
,127,102.930864,25.107032
,127,102.930709,25.107542
,127,102.930567,25.108017
,127,102.930510,25.108123
,127,102.930375,25.108222
,127,102.930212,25.108314
,127,102.930092,25.108307
,128,102.929645,25.107053
,128,102.930103,25.107175
,128,102.930546,25.107294
,128,102.930630,25.107372
,128,102.930709,25.107542
,129,102.930546,25.107294
,129,102.930709,25.107251
,129,102.930772,25.107209
,129,102.930864,25.107032
,130,102.930864,25.107032
,130,102.930758,25.106883
,130,102.930694,25.106812
,130,102.929908,25.106571
,131,102.930694,25.106812
,131,102.930829,25.106861
,131,102.930935,25.106847
,131,102.931120,25.106783
,131,102.931325,25.106734
,131,102.931488,25.106762
,131,102.931619,25.106812
,132,102.930694,25.106812
,132,102.930857,25.106748
,132,102.930935,25.106684
,132,102.931020,25.106599
,133,102.931020,25.106599
,133,102.931098,25.106379
,134,102.931941,25.105054
,134,102.932126,25.104933
,134,102.932366,25.104837
,135,102.932990,25.104751
,135,102.933232,25.104827
,135,102.933395,25.104983
,135,102.933764,25.105380
,135,102.934976,25.106791
,135,102.935273,25.107102
,135,102.935500,25.107365
,135,102.935677,25.107570
,135,102.935883,25.107804
,135,102.936167,25.108130
,136,102.933764,25.105380
,136,102.933700,25.105203
,136,102.933693,25.105033
,136,102.933771,25.104884
,136,102.933891,25.104770
,136,102.934011,25.104685
,137,102.922654,25.105390
,137,102.922846,25.105255
,137,102.923130,25.105036
,137,102.923434,25.104830
,137,102.923852,25.104497
,137,102.924079,25.104355
,137,102.924356,25.104143
,137,102.924667,25.103944
,137,102.924880,25.103781
,137,102.925135,25.103590
,137,102.925376,25.103405
,137,102.925589,25.103271
,137,102.925830,25.103094
,137,102.925993,25.102966
,137,102.926255,25.102768
,137,102.926440,25.102654
,137,102.926645,25.102491
,137,102.926787,25.102378
,137,102.926943,25.102264
,138,102.926192,25.101499
,138,102.926688,25.102215
,138,102.926730,25.102314
,138,102.926787,25.102378
,139,102.926787,25.102378
,139,102.926879,25.102519
,139,102.926985,25.102604
,139,102.927163,25.102640
,139,102.927297,25.102597
,139,102.927389,25.102512
,139,102.927475,25.102385
,139,102.927545,25.102314
,139,102.927687,25.102293
,140,102.927297,25.102597
,140,102.927616,25.101499
,141,102.926787,25.102378
,141,102.927113,25.101357
,142,102.927560,25.102406
,142,102.927687,25.102293
,142,102.928247,25.101903
,143,102.926645,25.102491
,143,102.926690,25.102370
,143,102.926688,25.102215
,144,102.925679,25.101816
,144,102.926269,25.102492
,144,102.926355,25.102565
,144,102.926440,25.102654
,144,102.926598,25.102845
,145,102.926355,25.102565
,145,102.926501,25.102632
,145,102.926598,25.102644
,145,102.926683,25.102638
,145,102.926854,25.102614
,145,102.926985,25.102604
,146,102.926787,25.102378
,146,102.926683,25.102638
,146,102.926677,25.102760
,146,102.926696,25.102869
,146,102.926976,25.103180
,147,102.927163,25.102640
,147,102.927268,25.102675
,147,102.927524,25.102772
,147,102.927682,25.102869
,147,102.927858,25.103046
,147,102.928193,25.103417
,148,102.927297,25.102597
,148,102.927268,25.102675
,148,102.927122,25.103064
,148,102.927097,25.103186
,148,102.927110,25.103308
,148,102.927153,25.103424
,148,102.927396,25.103649
,148,102.927578,25.103710
,148,102.927700,25.103758
,148,102.927901,25.103710
,148,102.928206,25.103631
,149,102.927700,25.103758
,149,102.928193,25.103417
,150,102.928108,25.103338
,150,102.928151,25.103448
,150,102.928218,25.103527
,150,102.928321,25.103570
,150,102.928413,25.103576
,150,102.929259,25.103320
,151,102.928218,25.103527
,151,102.928248,25.103411
,151,102.928339,25.103296
,151,102.928607,25.103107
,152,102.928193,25.103417
,152,102.928327,25.103393
,152,102.928419,25.103332
,152,102.928479,25.103283
,152,102.928516,25.103174
,153,102.928413,25.103576
,153,102.928315,25.103612
,153,102.928285,25.103667
,153,102.928266,25.103722
,153,102.928352,25.103807
,153,102.928425,25.103825
,153,102.928638,25.103807
,154,102.928193,25.103417
,154,102.928321,25.103570
,154,102.928425,25.103685
,154,102.928315,25.103971
,155,102.928425,25.103825
,155,102.928266,25.103917
,155,102.928315,25.103971
,155,102.928479,25.104038
,155,102.929241,25.104300
,156,102.927700,25.103758
,156,102.928163,25.103929
,156,102.928315,25.103971
,157,102.928072,25.103801
,157,102.927804,25.103801
,157,102.927633,25.103831
,157,102.927499,25.103911
,157,102.927444,25.103990
,157,102.927493,25.104099
,157,102.927597,25.104178
,157,102.928047,25.104349
,158,102.928479,25.104038
,158,102.928346,25.104069
,158,102.928272,25.104118
,158,102.928199,25.104215
,158,102.928218,25.104337
,158,102.928303,25.104446
,158,102.929076,25.104702
,159,102.928303,25.104446
,159,102.928199,25.104458
,159,102.928132,25.104495
,159,102.928041,25.104592
,159,102.928053,25.104714
,159,102.928132,25.104842
,159,102.928881,25.105122
,160,102.928132,25.104842
,160,102.928035,25.104848
,160,102.927974,25.104885
,160,102.927895,25.104933
,160,102.927895,25.105043
,160,102.927938,25.105128
,160,102.927986,25.105195
,160,102.928607,25.105481
,161,102.927986,25.105195
,161,102.927858,25.105201
,161,102.927785,25.105238
,161,102.927706,25.105286
,161,102.927712,25.105396
,161,102.927755,25.105475
,161,102.927822,25.105542
,161,102.928449,25.105828
,162,102.927822,25.105542
,162,102.927670,25.105542
,162,102.927603,25.105591
,162,102.927518,25.105633
,162,102.927530,25.105755
,162,102.927639,25.105877
,162,102.928242,25.106145
,163,102.927639,25.105877
,163,102.927481,25.105865
,163,102.927390,25.105926
,163,102.927304,25.106017
,164,102.928047,25.104349
,164,102.928303,25.104446
,165,102.927597,25.104178
,165,102.927457,25.104191
,165,102.927390,25.104227
,165,102.927304,25.104306
,165,102.927317,25.104452
,165,102.927347,25.104532
,165,102.927426,25.104586
,165,102.928132,25.104842
,166,102.927426,25.104586
,166,102.927311,25.104580
,166,102.927231,25.104611
,166,102.927171,25.104653
,166,102.927189,25.104763
,166,102.927292,25.104872
,166,102.927798,25.105110
,166,102.927986,25.105195
,167,102.927292,25.104872
,167,102.927146,25.104872
,167,102.927073,25.104909
,167,102.926988,25.104952
,167,102.927006,25.105092
,167,102.927079,25.105213
,167,102.927621,25.105457
,167,102.927822,25.105542
,168,102.927079,25.105213
,168,102.926939,25.105219
,168,102.926812,25.105299
,168,102.926823,25.105408
,168,102.926860,25.105493
,168,102.926946,25.105560
,168,102.927444,25.105780
,168,102.927639,25.105877
,169,102.926946,25.105560
,169,102.926805,25.105554
,169,102.926635,25.105621
,170,102.927128,25.106358
,170,102.927177,25.106455
,170,102.927256,25.106534
,170,102.927444,25.106577
,171,102.928218,25.103527
,171,102.928206,25.103631
,171,102.928248,25.103807
,171,102.928254,25.103971
,171,102.928199,25.104215
,171,102.928041,25.104592
,171,102.927895,25.104933
,171,102.927798,25.105110
,171,102.927706,25.105286
,171,102.927621,25.105457
,171,102.927518,25.105633
,171,102.927444,25.105780
,171,102.927304,25.106017
,171,102.927128,25.106358
,171,102.926970,25.106632
,172,102.926197,25.106400
,172,102.926349,25.106289
,172,102.926422,25.106382
,173,102.926053,25.106495
,173,102.926181,25.106449
,173,102.926290,25.106445
,173,102.926391,25.106458
,173,102.926546,25.106527
,174,102.926355,25.106139
,174,102.926385,25.106267
,174,102.926422,25.106382
,174,102.926546,25.106527
,174,102.926677,25.106662
,174,102.926812,25.106668
,174,102.926970,25.106632
,174,102.927086,25.106626
,174,102.927444,25.106577
,174,102.928175,25.106498
,175,102.927396,25.103649
,175,102.927438,25.103752
,175,102.927457,25.103856
,175,102.927444,25.103990
,175,102.927378,25.104136
,175,102.927304,25.104306
,175,102.927237,25.104495
,175,102.927171,25.104653
,175,102.926988,25.104952
,175,102.926812,25.105299
,175,102.926635,25.105621
,175,102.926452,25.105974
,175,102.926355,25.106139
,175,102.926197,25.106400
,175,102.926053,25.106495
,175,102.925637,25.106796
,175,102.925302,25.107034
,175,102.925028,25.107210
,175,102.924705,25.107466
,175,102.924455,25.107648
,175,102.924248,25.107801
,175,102.923944,25.108026
,175,102.923822,25.108154
,175,102.923743,25.108251
,175,102.923719,25.108391
,175,102.924175,25.110571
,176,102.925270,25.102139
,176,102.925831,25.102784
,176,102.925934,25.102833
,176,102.926050,25.102857
,176,102.926255,25.102768
,176,102.926287,25.102656
,176,102.926299,25.102577
,176,102.926269,25.102492
,177,102.925831,25.102784
,177,102.925867,25.102894
,177,102.925861,25.102973
,177,102.925830,25.103094
,177,102.925691,25.103137
,177,102.925544,25.103155
,177,102.925392,25.103094
,177,102.924832,25.102461
,178,102.925376,25.103405
,178,102.925410,25.103271
,178,102.925404,25.103180
,178,102.925392,25.103094
,179,102.924406,25.102778
,179,102.924966,25.103411
,179,102.925088,25.103454
,179,102.925210,25.103466
,179,102.925376,25.103405
,180,102.923846,25.103034
,180,102.924442,25.103728
,180,102.924667,25.103944
,180,102.924948,25.104312
,180,102.925137,25.104379
,180,102.925270,25.104361
,180,102.925381,25.104331
,181,102.925381,25.104331
,181,102.925465,25.104196
,181,102.925484,25.104099
,181,102.925453,25.103971
,181,102.925135,25.103590
,181,102.924966,25.103411
,182,102.924966,25.103411
,182,102.924996,25.103508
,182,102.924990,25.103612
,182,102.924880,25.103781
,183,102.924442,25.103728
,183,102.924589,25.103801
,183,102.924692,25.103825
,183,102.924789,25.103813
,183,102.924880,25.103781
,184,102.924442,25.103728
,184,102.924479,25.103861
,184,102.924473,25.103965
,184,102.924461,25.104026
,184,102.924356,25.104143
,185,102.923262,25.103454
,185,102.923895,25.104154
,185,102.924035,25.104196
,185,102.924162,25.104209
,185,102.924356,25.104143
,186,102.925831,25.102784
,186,102.925993,25.102966
,186,102.926330,25.103356
,186,102.926445,25.103405
,186,102.926549,25.103423
,186,102.926708,25.103375
,187,102.926330,25.103356
,187,102.926366,25.103466
,187,102.926330,25.103551
,187,102.926294,25.103685
,188,102.925392,25.103094
,188,102.925589,25.103271
,188,102.925898,25.103654
,188,102.926013,25.103709
,188,102.926147,25.103715
,188,102.926294,25.103685
,189,102.925453,25.103971
,189,102.925575,25.104026
,189,102.925703,25.104038
,189,102.925868,25.103984
,190,102.925868,25.103984
,190,102.925916,25.103855
,190,102.925922,25.103728
,190,102.925898,25.103654
,191,102.924948,25.104312
,191,102.924984,25.104446
,191,102.924984,25.104568
,191,102.924967,25.104647
,192,102.923895,25.104154
,192,102.924079,25.104355
,192,102.924418,25.104732
,192,102.924546,25.104775
,192,102.924668,25.104775
,192,102.924808,25.104744
,192,102.924967,25.104647
,193,102.926598,25.102845
,193,102.926696,25.102869
,193,102.926750,25.103003
,193,102.926781,25.103174
,193,102.926763,25.103259
,193,102.926708,25.103375
,193,102.926294,25.103685
,193,102.925868,25.103984
,193,102.925381,25.104331
,193,102.924967,25.104647
,193,102.924455,25.105105
,193,102.923993,25.105518
,193,102.923731,25.105767
,193,102.923434,25.105995
,193,102.923207,25.106169
,194,102.924418,25.104732
,194,102.924473,25.104842
,194,102.924473,25.104976
,194,102.924455,25.105105
,195,102.920730,25.102293
,195,102.920913,25.102367
,195,102.921029,25.102385
,195,102.921229,25.102324
,195,102.921558,25.102093
,195,102.921978,25.101782
,195,102.922246,25.101593
,195,102.922398,25.101484
,195,102.922611,25.101326
,195,102.922745,25.101216
,195,102.922855,25.101173
,195,102.922977,25.101143
,195,102.923080,25.101173
,195,102.923640,25.101855
,196,102.922611,25.101326
,196,102.922733,25.101514
,196,102.923275,25.102105
,197,102.922398,25.101484
,197,102.922538,25.101466
,197,102.922733,25.101514
,198,102.922745,25.101216
,198,102.922733,25.101094
,198,102.922691,25.100954
,198,102.922051,25.100236
,199,102.921546,25.100595
,199,102.922057,25.101161
,199,102.922191,25.101326
,199,102.922210,25.101459
,199,102.922179,25.101575
,199,102.922100,25.101703
,200,102.920986,25.101039
,200,102.921503,25.101581
,200,102.921631,25.101740
,200,102.921637,25.101904
,200,102.921558,25.102093
,201,102.921522,25.102117
,201,102.921704,25.102099
,201,102.921826,25.102123
,201,102.921954,25.102208
,201,102.922411,25.102738
,202,102.921978,25.101782
,202,102.922155,25.101782
,202,102.922277,25.101819
,202,102.922398,25.101898
,202,102.922843,25.102446
,203,102.926677,25.106662
,203,102.926887,25.106906
,203,102.927094,25.107186
,203,102.927277,25.107369
,203,102.927490,25.107618
,203,102.927770,25.107917
,203,102.927867,25.108045
,203,102.928044,25.108245
,203,102.928293,25.108519
,203,102.928561,25.108842
,203,102.928756,25.109037
,203,102.928957,25.109280
,203,102.929231,25.109585
,203,102.929980,25.110474
,203,102.930229,25.110735
,203,102.930485,25.111040
,203,102.930619,25.111198
,203,102.930838,25.111448
,203,102.931112,25.111752
,204,102.927630,25.110212
,204,102.927983,25.109962
,204,102.928640,25.109481
,204,102.928957,25.109280
,204,102.929274,25.109019
,204,102.929602,25.108775
,204,102.929925,25.108562
,204,102.930035,25.108465
,204,102.930092,25.108307
,205,102.930375,25.108222
,205,102.930503,25.108191
,205,102.930643,25.108233
,205,102.930983,25.108614
,205,102.931137,25.108787
,206,102.930643,25.108233
,206,102.930576,25.108136
,206,102.930576,25.107971
,207,102.930576,25.107971
,207,102.930698,25.107825
,207,102.930814,25.107758
,207,102.930978,25.107716
,207,102.931173,25.107746
,207,102.931301,25.107825
,207,102.931593,25.108161
,207,102.931843,25.108446
,208,102.930375,25.108222
,208,102.930272,25.108325
,208,102.930248,25.108416
,208,102.930248,25.108526
,208,102.930284,25.108629
,208,102.930549,25.108948
,208,102.930765,25.109207
,209,102.929925,25.108562
,209,102.930077,25.108550
,209,102.930211,25.108574
,209,102.930284,25.108629
,210,102.929925,25.108562
,210,102.929876,25.108641
,210,102.929876,25.108702
,210,102.929901,25.108787
,210,102.930260,25.109173
,210,102.930570,25.109506
,211,102.929274,25.109019
,211,102.929389,25.108988
,211,102.929493,25.109000
,211,102.929584,25.109037
,212,102.929736,25.108757
,212,102.929718,25.108854
,212,102.929742,25.108970
,212,102.930036,25.109318
,212,102.930303,25.109634
,213,102.929742,25.108970
,213,102.929621,25.108933
,213,102.929559,25.108925
,213,102.929436,25.108942
,213,102.929274,25.109019
,214,102.929901,25.108787
,214,102.929809,25.108763
,214,102.929736,25.108757
,214,102.929602,25.108775
,214,102.929560,25.108872
,214,102.929559,25.108925
,214,102.929584,25.109037
,214,102.929918,25.109430
,214,102.930211,25.109774
,215,102.931301,25.107825
,215,102.930890,25.107395
,215,102.930849,25.107254
,215,102.930853,25.107162
,215,102.930864,25.107032
,215,102.930936,25.106943
,215,102.931004,25.106861
,215,102.931325,25.106734
,216,102.929236,25.107302
,216,102.929593,25.107722
,216,102.930092,25.108307
,217,102.928774,25.107261
,217,102.928571,25.108219
,217,102.928530,25.108422
,217,102.928498,25.108601
,217,102.928561,25.108842
,218,102.928044,25.108245
,218,102.928189,25.108317
,218,102.928303,25.108325
,218,102.928416,25.108300
,218,102.928571,25.108219
,219,102.927867,25.108045
,219,102.927856,25.107878
,219,102.927905,25.107781
,219,102.928376,25.107075
,220,102.927086,25.106626
,220,102.926991,25.106700
,220,102.926941,25.106782
,220,102.926927,25.106897
,220,102.927094,25.107186
,220,102.927224,25.107257
,220,102.927338,25.107266
,220,102.927429,25.107239
,220,102.928133,25.106709
,221,102.927429,25.107239
,221,102.927388,25.107312
,221,102.927384,25.107399
,221,102.927388,25.107445
,221,102.927490,25.107618
,222,102.925640,25.107942
,222,102.925932,25.107709
,222,102.926617,25.107139
,222,102.926887,25.106906
,223,102.926617,25.107139
,223,102.926809,25.107098
,223,102.926927,25.107107
,223,102.927094,25.107186
,224,102.926617,25.107139
,224,102.926685,25.106997
,224,102.926717,25.106855
,224,102.926690,25.106732
,224,102.926677,25.106662
,225,102.926717,25.107974
,225,102.927252,25.107586
,225,102.927270,25.107518
,225,102.927279,25.107458
,225,102.927277,25.107369
,226,102.927252,25.107586
,226,102.927338,25.107582
,226,102.927434,25.107595
,226,102.927490,25.107618
,227,102.926973,25.108276
,227,102.927489,25.107906
,227,102.927534,25.107842
,227,102.927548,25.107778
,227,102.927539,25.107705
,227,102.927490,25.107618
,228,102.927489,25.107906
,228,102.927585,25.107874
,228,102.927676,25.107878
,228,102.927770,25.107917
,229,102.927770,25.107917
,229,102.927818,25.108006
,229,102.927813,25.108070
,229,102.927799,25.108129
,229,102.927758,25.108198
,229,102.927238,25.108572
,230,102.927758,25.108198
,230,102.927873,25.108184
,230,102.927950,25.108198
,230,102.928044,25.108245
,230,102.928082,25.108326
,230,102.928069,25.108426
,230,102.928028,25.108518
,230,102.927484,25.108874
,231,102.928028,25.108518
,231,102.928128,25.108486
,231,102.928229,25.108499
,231,102.928293,25.108519
,231,102.928334,25.108623
,231,102.928343,25.108700
,231,102.928302,25.108805
,231,102.927767,25.109198
,232,102.928302,25.108805
,232,102.928388,25.108778
,232,102.928470,25.108805
,232,102.928561,25.108842
,233,102.928756,25.109037
,233,102.928772,25.109175
,233,102.928754,25.109298
,233,102.928708,25.109385
,233,102.928640,25.109481
,234,102.928640,25.109481
,234,102.928795,25.109449
,234,102.928909,25.109458
,234,102.929041,25.109485
,234,102.929231,25.109585
,235,102.929231,25.109585
,235,102.929169,25.109444
,235,102.929165,25.109312
,235,102.929178,25.109216
,235,102.929224,25.109125
,235,102.929274,25.109019
,236,102.928756,25.109037
,236,102.928877,25.109088
,236,102.928991,25.109107
,236,102.929105,25.109088
,236,102.929274,25.109019
,237,102.917448,25.101992
,237,102.918245,25.101420
,237,102.918525,25.101225
,237,102.918818,25.101006
,237,102.919049,25.100847
,237,102.919293,25.100653
,237,102.919536,25.100926
,237,102.920431,25.101968
,237,102.920730,25.102293
,238,102.917375,25.102551
,238,102.917320,25.102406
,238,102.917314,25.102278
,238,102.917350,25.102156
,238,102.917448,25.101992
,239,102.918245,25.101420
,239,102.918404,25.101407
,239,102.918544,25.101426
,239,102.918751,25.101511
,240,102.918751,25.101511
,240,102.918720,25.101298
,240,102.918745,25.101170
,240,102.918818,25.101006
,241,102.919049,25.100847
,241,102.919201,25.100835
,241,102.919353,25.100866
,241,102.919536,25.100926
,242,102.918525,25.101225
,242,102.918751,25.101511
,242,102.919658,25.102509
,242,102.919877,25.102796
,242,102.920133,25.103069
,242,102.920967,25.104031
,242,102.921466,25.104598
,242,102.922111,25.105334
,242,102.922635,25.105949
,242,102.923238,25.106613
,242,102.923390,25.106807
,242,102.924059,25.107550
,242,102.924565,25.108165
,242,102.925143,25.108829
,242,102.925709,25.109553
,242,102.926580,25.110503
,242,102.926854,25.110795
,242,102.927122,25.111063
,242,102.927529,25.111599
,242,102.927950,25.112019
,242,102.928169,25.112311
,242,102.928473,25.112615
,242,102.928771,25.112962
,242,102.929039,25.113279
,242,102.929557,25.113863
,242,102.931469,25.116128
,242,102.932065,25.116779
,242,102.933459,25.118362
,242,102.934537,25.119598
,242,102.935974,25.121175
,242,102.936984,25.122374
,242,102.938390,25.124012
,242,102.940710,25.126642
,242,102.941477,25.127525
,242,102.941702,25.127792
,242,102.941995,25.128109
,242,102.942847,25.129107
,243,102.941229,25.130038
,243,102.941380,25.130112
,243,102.941526,25.130173
,243,102.941726,25.130191
,243,102.941915,25.130173
,244,102.942678,25.129622
,244,102.942804,25.129491
,244,102.942834,25.129381
,244,102.942847,25.129272
,244,102.942847,25.129107
,245,102.940222,25.128859
,245,102.940619,25.128578
,245,102.941410,25.127993
,245,102.941702,25.127792
,246,102.940619,25.128578
,246,102.940539,25.128700
,246,102.940497,25.128791
,246,102.940485,25.128900
,246,102.940485,25.129047
,246,102.940553,25.129246
,247,102.939882,25.128468
,247,102.940089,25.128590
,247,102.940241,25.128639
,247,102.940424,25.128645
,247,102.940619,25.128578
,248,102.941410,25.127993
,248,102.941581,25.127963
,248,102.941726,25.127987
,248,102.941836,25.128012
,248,102.941995,25.128109
,249,102.941410,25.127993
,249,102.941483,25.127841
,249,102.941501,25.127719
,249,102.941477,25.127525
,250,102.934488,25.122259
,250,102.935188,25.122526
,250,102.936448,25.123056
,250,102.937167,25.123354
,250,102.937593,25.123525
,250,102.937940,25.123701
,250,102.938183,25.123860
,250,102.938390,25.124012
,251,102.933968,25.121695
,251,102.934305,25.121924
,251,102.934622,25.122173
,251,102.935188,25.122526
,252,102.936448,25.123056
,252,102.936680,25.123044
,252,102.936838,25.122977
,252,102.936947,25.122855
,252,102.937027,25.122715
,252,102.937045,25.122551
,252,102.936984,25.122374
,253,102.931974,25.119416
,253,102.932680,25.119677
,253,102.933971,25.120219
,253,102.935170,25.120718
,253,102.935511,25.120877
,253,102.935773,25.121059
,253,102.935974,25.121175
,254,102.931414,25.118795
,254,102.931718,25.118971
,254,102.931980,25.119202
,254,102.932369,25.119476
,254,102.932680,25.119677
,255,102.933971,25.120219
,255,102.934159,25.120213
,255,102.934299,25.120189
,255,102.934439,25.120091
,255,102.934531,25.119957
,255,102.934561,25.119811
,255,102.934537,25.119598
,256,102.931450,25.117443
,256,102.931767,25.117443
,256,102.931894,25.117400
,256,102.931998,25.117321
,256,102.932083,25.117206
,256,102.932120,25.117041
,256,102.932065,25.116779
,257,102.929648,25.116798
,257,102.930598,25.117132
,257,102.931450,25.117443
,257,102.932424,25.117778
,257,102.932899,25.117979
,257,102.933167,25.118149
,257,102.933459,25.118362
,258,102.929228,25.116311
,258,102.930287,25.116938
,258,102.930598,25.117132
,259,102.920730,25.102293
,259,102.920943,25.102522
,259,102.921150,25.102789
,259,102.921752,25.103477
,259,102.922245,25.104044
,259,102.922878,25.104780
,259,102.923130,25.105036
,259,102.923420,25.105395
,259,102.923731,25.105767
,259,102.923992,25.106034
,259,102.924802,25.106990
,259,102.925028,25.107210
,259,102.925277,25.107514
,259,102.925417,25.107684
,259,102.925640,25.107942
,259,102.925916,25.108244
,259,102.927378,25.109924
,259,102.927630,25.110212
,259,102.927895,25.110527
,259,102.928662,25.111404
,259,102.928918,25.111684
,259,102.929167,25.111976
,259,102.929325,25.112159
,259,102.929539,25.112390
,259,102.929794,25.112670
,260,102.928771,25.112962
,260,102.929072,25.112725
,260,102.929240,25.112609
,260,102.929539,25.112390
,260,102.929867,25.112140
,260,102.930549,25.111653
,260,102.930838,25.111448
,260,102.931170,25.111215
,260,102.933502,25.109529
,260,102.933812,25.109297
,260,102.934129,25.109066
,260,102.935566,25.108019
,260,102.935883,25.107804
,260,102.936217,25.107550
,260,102.938457,25.105925
,260,102.938778,25.105685
,260,102.939115,25.105444
,260,102.939845,25.104920
,260,102.940147,25.104693
,260,102.940466,25.104458
,260,102.940600,25.104354
,260,102.940673,25.104251
,260,102.940698,25.104129
,260,102.940692,25.103995
,260,102.940596,25.103760
,261,102.940600,25.104354
,261,102.940838,25.104317
,261,102.940972,25.104330
,261,102.941203,25.104451
,262,102.928169,25.112311
,262,102.928446,25.112044
,262,102.928546,25.111958
,262,102.928918,25.111684
,262,102.929246,25.111446
,262,102.929904,25.110972
,262,102.930229,25.110735
,262,102.930549,25.110503
,262,102.932893,25.108804
,262,102.933198,25.108598
,262,102.933514,25.108348
,262,102.934957,25.107307
,262,102.935273,25.107102
,262,102.935553,25.106874
,262,102.937824,25.105218
,262,102.938164,25.104991
,262,102.938482,25.104756
,262,102.939231,25.104184
,262,102.939525,25.103986
,262,102.939900,25.103709
,262,102.940016,25.103605
,262,102.940083,25.103465
,262,102.940150,25.103264
,262,102.940199,25.103069
,262,102.940290,25.102917
,262,102.940418,25.102783
,262,102.940570,25.102729
,262,102.940749,25.102729
,263,102.934957,25.107307
,263,102.935101,25.107278
,263,102.935204,25.107268
,263,102.935310,25.107282
,263,102.935419,25.107326
,263,102.935500,25.107365
,264,102.935500,25.107365
,264,102.935464,25.107231
,264,102.935460,25.107135
,264,102.935478,25.107039
,264,102.935522,25.106946
,264,102.935553,25.106874
,265,102.934976,25.106791
,265,102.935080,25.106847
,265,102.935152,25.106878
,265,102.935241,25.106891
,265,102.935348,25.106902
,265,102.935450,25.106895
,265,102.935553,25.106874
,266,102.934976,25.106791
,266,102.935029,25.106885
,266,102.935046,25.106970
,266,102.935046,25.107046
,266,102.935029,25.107114
,266,102.934998,25.107210
,266,102.934957,25.107307
,267,102.935566,25.108019
,267,102.935614,25.107929
,267,102.935642,25.107837
,267,102.935659,25.107748
,267,102.935669,25.107655
,267,102.935677,25.107570
,268,102.935677,25.107570
,268,102.935840,25.107604
,268,102.935937,25.107621
,268,102.936043,25.107611
,268,102.936217,25.107550
,269,102.935566,25.108019
,269,102.935707,25.107984
,269,102.935786,25.107980
,269,102.935909,25.107994
,269,102.936025,25.108039
,269,102.936167,25.108130
,270,102.936167,25.108130
,270,102.936101,25.107984
,270,102.936084,25.107891
,270,102.936091,25.107789
,270,102.936121,25.107693
,270,102.936217,25.107550
,271,102.938435,25.105282
,271,102.938385,25.105112
,271,102.938377,25.104982
,271,102.938417,25.104861
,271,102.938482,25.104756
,272,102.937924,25.104696
,272,102.938085,25.104771
,272,102.938247,25.104796
,272,102.938482,25.104756
,273,102.937924,25.104696
,273,102.937955,25.104852
,273,102.937955,25.104982
,273,102.937882,25.105120
,273,102.937824,25.105218
,274,102.937824,25.105218
,274,102.938003,25.105185
,274,102.938142,25.105185
,274,102.938288,25.105218
,274,102.938435,25.105282
,275,102.938558,25.105434
,275,102.938702,25.105478
,275,102.938831,25.105494
,275,102.938945,25.105494
,275,102.939115,25.105444
,276,102.939085,25.106036
,276,102.938977,25.105843
,276,102.938977,25.105689
,276,102.939043,25.105575
,276,102.939115,25.105444
,277,102.938558,25.105434
,277,102.938572,25.105599
,277,102.938556,25.105729
,277,102.938515,25.105810
,277,102.938457,25.105925
,278,102.938457,25.105925
,278,102.938661,25.105883
,278,102.938774,25.105900
,278,102.938896,25.105924
,278,102.939085,25.106036
,279,102.939231,25.104184
,279,102.939375,25.104179
,279,102.939497,25.104195
,279,102.939635,25.104219
,279,102.939796,25.104300
,280,102.939796,25.104300
,280,102.939732,25.104106
,280,102.939741,25.103968
,280,102.939805,25.103878
,280,102.939900,25.103709
,281,102.939270,25.103705
,281,102.939456,25.103773
,281,102.939594,25.103805
,281,102.939700,25.103781
,281,102.939900,25.103709
,282,102.939270,25.103705
,282,102.939302,25.103862
,282,102.939302,25.103984
,282,102.939278,25.104081
,282,102.939231,25.104184
,283,102.939845,25.104920
,283,102.939903,25.104763
,283,102.939927,25.104649
,283,102.939927,25.104560
,283,102.939897,25.104422
,284,102.939897,25.104422
,284,102.940073,25.104487
,284,102.940211,25.104512
,284,102.940317,25.104503
,284,102.940466,25.104458
,285,102.940466,25.104458
,285,102.940382,25.104585
,285,102.940341,25.104698
,285,102.940341,25.104812
,285,102.940381,25.104964
,286,102.939845,25.104920
,286,102.940016,25.104885
,286,102.940138,25.104901
,286,102.940260,25.104926
,286,102.940381,25.104964
,287,102.938037,25.102285
,287,102.938223,25.102369
,287,102.938369,25.102385
,287,102.938474,25.102360
,287,102.938594,25.102341
,288,102.938568,25.102896
,288,102.938515,25.102734
,288,102.938515,25.102596
,288,102.938556,25.102450
,288,102.938594,25.102341
,289,102.938037,25.102285
,289,102.938076,25.102442
,289,102.938068,25.102563
,289,102.938044,25.102669
,289,102.938008,25.102776
,290,102.938008,25.102776
,290,102.938190,25.102742
,290,102.938320,25.102758
,290,102.938409,25.102799
,290,102.938568,25.102896
,291,102.933502,25.109529
,291,102.933677,25.109471
,291,102.933783,25.109487
,291,102.933904,25.109520
,291,102.934076,25.109600
,292,102.934076,25.109600
,292,102.934010,25.109390
,292,102.934018,25.109284
,292,102.934075,25.109171
,292,102.934129,25.109066
,293,102.933633,25.109089
,293,102.933766,25.109114
,293,102.933904,25.109122
,293,102.934129,25.109066
,294,102.933633,25.109089
,294,102.933628,25.109195
,294,102.933612,25.109317
,294,102.933555,25.109439
,294,102.933502,25.109529
,295,102.932952,25.108324
,295,102.933125,25.108367
,295,102.933239,25.108400
,295,102.933377,25.108392
,295,102.933514,25.108348
,296,102.933514,25.108348
,296,102.933442,25.108457
,296,102.933401,25.108570
,296,102.933393,25.108684
,296,102.933425,25.108781
,296,102.933453,25.108882
,297,102.932893,25.108804
,297,102.933093,25.108773
,297,102.933206,25.108806
,297,102.933344,25.108830
,297,102.933453,25.108882
,298,102.932893,25.108804
,298,102.932946,25.108668
,298,102.932963,25.108546
,298,102.932963,25.108457
,298,102.932952,25.108324
,299,102.930549,25.111653
,299,102.930697,25.111624
,299,102.930816,25.111624
,299,102.930889,25.111638
,299,102.930957,25.111674
,299,102.931112,25.111752
,300,102.931112,25.111752
,300,102.931053,25.111611
,300,102.931058,25.111496
,300,102.931076,25.111373
,300,102.931170,25.111215
,301,102.930619,25.111198
,301,102.930770,25.111250
,301,102.930898,25.111268
,301,102.931008,25.111250
,301,102.931170,25.111215
,302,102.930619,25.111198
,302,102.930642,25.111314
,302,102.930651,25.111400
,302,102.930624,25.111492
,302,102.930578,25.111565
,302,102.930549,25.111653
,303,102.929904,25.110972
,303,102.930049,25.110921
,303,102.930159,25.110907
,303,102.930263,25.110917
,303,102.930377,25.110949
,303,102.930485,25.111040
,304,102.930485,25.111040
,304,102.930437,25.110894
,304,102.930432,25.110780
,304,102.930446,25.110679
,304,102.930496,25.110592
,304,102.930549,25.110503
,305,102.929980,25.110474
,305,102.930117,25.110524
,305,102.930241,25.110551
,305,102.930387,25.110551
,305,102.930549,25.110503
,306,102.929980,25.110474
,306,102.930017,25.110570
,306,102.930021,25.110647
,306,102.930003,25.110738
,306,102.929976,25.110816
,306,102.929904,25.110972
,307,102.928662,25.111404
,307,102.928811,25.111478
,307,102.928930,25.111510
,307,102.929072,25.111501
,307,102.929246,25.111446
,308,102.929246,25.111446
,308,102.929186,25.111547
,308,102.929145,25.111629
,308,102.929126,25.111734
,308,102.929126,25.111843
,308,102.929167,25.111976
,309,102.928546,25.111958
,309,102.928679,25.111912
,309,102.928807,25.111894
,309,102.928930,25.111898
,309,102.929067,25.111939
,309,102.929167,25.111976
,310,102.928546,25.111958
,310,102.928661,25.111802
,310,102.928697,25.111720
,310,102.928716,25.111615
,310,102.928706,25.111528
,310,102.928662,25.111404
,311,102.929325,25.112159
,311,102.929451,25.112190
,311,102.929574,25.112213
,311,102.929679,25.112209
,311,102.929867,25.112140
,312,102.929867,25.112140
,312,102.929784,25.112282
,312,102.929761,25.112391
,312,102.929747,25.112501
,312,102.929757,25.112574
,312,102.929794,25.112670
,313,102.929240,25.112609
,313,102.929387,25.112583
,313,102.929469,25.112583
,313,102.929570,25.112592
,313,102.929661,25.112624
,313,102.929794,25.112670
,314,102.929240,25.112609
,314,102.929300,25.112469
,314,102.929318,25.112359
,314,102.929327,25.112236
,314,102.929325,25.112159
,315,102.928446,25.112044
,315,102.928396,25.112149
,315,102.928382,25.112218
,315,102.928369,25.112314
,315,102.928364,25.112396
,315,102.928387,25.112492
,315,102.928473,25.112615
,316,102.928473,25.112615
,316,102.928606,25.112720
,316,102.928725,25.112761
,316,102.928889,25.112766
,316,102.929072,25.112725
,317,102.927950,25.112019
,317,102.928081,25.112053
,317,102.928204,25.112058
,317,102.928328,25.112049
,317,102.928446,25.112044
,318,102.927378,25.109924
,318,102.927506,25.109994
,318,102.927615,25.110031
,318,102.927743,25.110031
,318,102.927839,25.110013
,318,102.927983,25.109962
,319,102.927983,25.109962
,319,102.927880,25.110085
,319,102.927862,25.110177
,319,102.927848,25.110273
,319,102.927848,25.110387
,319,102.927895,25.110527
,320,102.927332,25.110428
,320,102.927474,25.110405
,320,102.927592,25.110405
,320,102.927725,25.110428
,320,102.927895,25.110527
,321,102.927332,25.110428
,321,102.927387,25.110309
,321,102.927423,25.110168
,321,102.927414,25.110040
,321,102.927378,25.109924
,322,102.927630,25.110212
,322,102.927332,25.110428
,322,102.927021,25.110638
,322,102.926854,25.110795
,322,102.926538,25.110944
,322,102.926433,25.110999
,322,102.926341,25.111076
,322,102.926241,25.111181
,322,102.926186,25.111268
,322,102.926136,25.111405
,322,102.926474,25.113126
,323,102.925640,25.107942
,323,102.925264,25.108227
,323,102.925124,25.108333
,323,102.925081,25.108446
,323,102.925072,25.108574
,323,102.925086,25.108698
,323,102.925143,25.108829
,324,102.924565,25.108165
,324,102.924716,25.108277
,324,102.924839,25.108323
,324,102.924972,25.108328
,324,102.925124,25.108333
,325,102.925277,25.107514
,325,102.925227,25.107387
,325,102.925214,25.107287
,325,102.925236,25.107177
,325,102.925302,25.107034
,326,102.924705,25.107466
,326,102.924867,25.107424
,326,102.925003,25.107419
,326,102.925127,25.107451
,326,102.925277,25.107514
,327,102.925417,25.107684
,327,102.925529,25.107725
,327,102.925638,25.107752
,327,102.925743,25.107757
,327,102.925932,25.107709
,328,102.925932,25.107709
,328,102.925853,25.107844
,328,102.925821,25.107944
,328,102.925821,25.108063
,328,102.925916,25.108244
,329,102.925264,25.108227
,329,102.925405,25.108159
,329,102.925510,25.108127
,329,102.925629,25.108122
,329,102.925757,25.108163
,329,102.925916,25.108244
,330,102.925264,25.108227
,330,102.925387,25.108072
,330,102.925419,25.107958
,330,102.925437,25.107844
,330,102.925428,25.107766
,330,102.925417,25.107684
,331,102.924802,25.106990
,331,102.924930,25.107031
,331,102.925049,25.107054
,331,102.925163,25.107063
,331,102.925302,25.107034
,332,102.924802,25.106990
,332,102.924825,25.107141
,332,102.924807,25.107236
,332,102.924775,25.107319
,332,102.924705,25.107466
,333,102.924059,25.107550
,333,102.924177,25.107602
,333,102.924300,25.107620
,333,102.924455,25.107648
,334,102.923822,25.108154
,334,102.924004,25.108031
,334,102.924099,25.107990
,334,102.924213,25.107976
,334,102.924319,25.107994
,334,102.924424,25.108031
,334,102.924565,25.108165
,335,102.923719,25.108391
,335,102.923474,25.107305
,335,102.923419,25.106994
,335,102.923390,25.106807
,336,102.946909,25.115510
,336,102.947153,25.115356
,336,102.947180,25.115277
,336,102.947265,25.115222
,336,102.947344,25.115222
,336,102.947570,25.115052
,336,102.948373,25.114479
,336,102.948574,25.114333
,336,102.948921,25.114077
,336,102.949043,25.113986
,336,102.949330,25.113754
,337,102.949043,25.113986
,337,102.949213,25.113950
,337,102.949341,25.113962
,337,102.949457,25.113992
,337,102.949586,25.114047
,338,102.949043,25.113986
,338,102.949098,25.113816
,338,102.949104,25.113724
,338,102.949122,25.113621
,338,102.949080,25.113478
,338,102.948909,25.113061
,338,102.948818,25.112762
,338,102.948544,25.111539
,338,102.948044,25.109469
,339,102.947725,25.111915
,339,102.947898,25.112014
,339,102.948038,25.112032
,339,102.948172,25.112026
,339,102.948331,25.111965
,339,102.948434,25.111874
,339,102.948507,25.111782
,339,102.948531,25.111679
,339,102.948544,25.111539
,340,102.946752,25.110809
,340,102.946498,25.110406
,340,102.946413,25.110151
,340,102.946334,25.109877
,340,102.946200,25.109256
,340,102.946090,25.108781
,340,102.945622,25.106729
,341,102.945263,25.109103
,341,102.945439,25.109164
,341,102.945591,25.109201
,341,102.945725,25.109195
,341,102.945853,25.109140
,341,102.945969,25.109043
,341,102.946029,25.108939
,341,102.946090,25.108781
,342,102.944274,25.107991
,342,102.944051,25.107582
,342,102.943959,25.107326
,342,102.943880,25.106991
,342,102.943625,25.105950
,342,102.943235,25.103984
,343,102.942760,25.106258
,343,102.942955,25.106358
,343,102.943107,25.106382
,343,102.943272,25.106358
,343,102.943430,25.106267
,343,102.943552,25.106163
,343,102.943594,25.106047
,343,102.943625,25.105950
,344,102.930115,25.093200
,344,102.930067,25.093024
,344,102.930077,25.092914
,344,102.930090,25.092809
,344,102.930174,25.092653
,345,102.934116,25.097073
,345,102.934250,25.096896
,345,102.934291,25.096759
,345,102.934296,25.096636
,345,102.934269,25.096508
,346,102.933496,25.097075
,346,102.933606,25.097129
,346,102.933716,25.097170
,346,102.933876,25.097165
,346,102.934116,25.097073
,347,102.933496,25.097075
,347,102.933547,25.097211
,347,102.933547,25.097298
,347,102.933524,25.097394
,347,102.933474,25.097485
,347,102.933444,25.097544
,348,102.933444,25.097544
,348,102.933583,25.097526
,348,102.933723,25.097497
,349,102.934805,25.097733
,349,102.934962,25.097704
,349,102.935095,25.097690
,349,102.935209,25.097718
,349,102.935359,25.097784
,350,102.935359,25.097784
,350,102.935286,25.097631
,350,102.935286,25.097508
,350,102.935296,25.097355
,351,102.935363,25.099228
,351,102.935492,25.099284
,351,102.935615,25.099307
,351,102.935720,25.099320
,351,102.935816,25.099311
,351,102.935910,25.099302
,352,102.935363,25.099228
,352,102.935410,25.099348
,352,102.935424,25.099448
,352,102.935410,25.099544
,352,102.935369,25.099640
,352,102.935343,25.099717
,353,102.957188,25.122202
,353,102.956543,25.122660
,353,102.956113,25.122977
,353,102.955236,25.123618
,353,102.953669,25.121857
,353,102.954554,25.121191
,354,102.948574,25.114333
,354,102.948799,25.114600
,354,102.949440,25.115322
,354,102.949676,25.115607
,354,102.949952,25.115923
,354,102.951421,25.117603
,354,102.951672,25.117896
,354,102.951932,25.118204
,354,102.952760,25.119138
,354,102.953020,25.119446
,354,102.953296,25.119754
,354,102.954554,25.121191
,354,102.955910,25.122701
,354,102.956113,25.122977
,354,102.956356,25.123245
,354,102.956478,25.123391
,355,102.956543,25.122660
,355,102.956640,25.122490
,355,102.956657,25.122352
,355,102.956632,25.122214
,355,102.956619,25.122111
,356,102.952444,25.121345
,356,102.952030,25.120891
,356,102.951989,25.120728
,356,102.952070,25.120566
,356,102.952216,25.120404
,356,102.952273,25.120258
,356,102.952314,25.120071
,356,102.952371,25.119941
,356,102.952574,25.119779
,356,102.952712,25.119657
,356,102.953020,25.119446
,356,102.953426,25.119146
,356,102.953807,25.118884
,356,102.954173,25.118602
,356,102.954871,25.118090
,356,102.955147,25.118034
,356,102.955366,25.118034
,356,102.955612,25.118128
,357,102.954871,25.118090
,357,102.954975,25.117925
,357,102.955007,25.117793
,357,102.955021,25.117633
,357,102.954975,25.117391
,358,102.953426,25.119146
,358,102.953587,25.119085
,358,102.953692,25.119071
,358,102.953797,25.119071
,358,102.953916,25.119103
,358,102.954088,25.119203
,359,102.954088,25.119203
,359,102.954025,25.119048
,359,102.954012,25.118934
,359,102.954030,25.118815
,359,102.954103,25.118692
,359,102.954173,25.118602
,360,102.953530,25.118565
,360,102.953669,25.118646
,360,102.953751,25.118678
,360,102.953843,25.118697
,360,102.953980,25.118692
,360,102.954173,25.118602
,361,102.953530,25.118565
,361,102.953583,25.118692
,361,102.953583,25.118788
,361,102.953560,25.118875
,361,102.953537,25.118957
,361,102.953426,25.119146
,362,102.952760,25.119138
,362,102.952884,25.119217
,362,102.953012,25.119258
,362,102.953144,25.119258
,362,102.953263,25.119226
,362,102.953426,25.119146
,363,102.952760,25.119138
,363,102.952802,25.119267
,363,102.952806,25.119336
,363,102.952806,25.119423
,363,102.952788,25.119505
,363,102.952756,25.119573
,363,102.952712,25.119657
,364,102.952712,25.119657
,364,102.952861,25.119633
,364,102.952984,25.119637
,364,102.953089,25.119655
,364,102.953194,25.119692
,364,102.953296,25.119754
,365,102.953296,25.119754
,365,102.953222,25.119596
,365,102.953213,25.119482
,365,102.953236,25.119404
,365,102.953295,25.119295
,365,102.953426,25.119146
,366,102.951994,25.119706
,366,102.952121,25.119774
,366,102.952236,25.119811
,366,102.952359,25.119824
,366,102.952491,25.119792
,366,102.952574,25.119779
,367,102.952574,25.119779
,367,102.952514,25.119879
,367,102.952477,25.119961
,367,102.952455,25.120080
,367,102.952464,25.120176
,367,102.952496,25.120290
,368,102.953030,25.120902
,368,102.952496,25.120290
,368,102.952314,25.120071
,368,102.952144,25.119888
,368,102.951994,25.119706
,368,102.951843,25.119550
,368,102.951514,25.119162
,368,102.951144,25.118733
,368,102.950985,25.118555
,368,102.949975,25.117272
,368,102.949199,25.116377
,369,102.948373,25.114479
,369,102.948473,25.114455
,369,102.948546,25.114464
,369,102.948633,25.114478
,369,102.948799,25.114600
,370,102.948799,25.114600
,370,102.948756,25.114414
,370,102.948770,25.114309
,370,102.948802,25.114240
,370,102.948921,25.114077
,371,102.950208,25.114764
,371,102.950249,25.114870
,371,102.950249,25.114975
,371,102.950231,25.115053
,371,102.950195,25.115153
,371,102.950149,25.115259
,372,102.950149,25.115259
,372,102.950304,25.115236
,372,102.950414,25.115231
,372,102.950537,25.115263
,372,102.950628,25.115300
,372,102.950729,25.115365
,373,102.949440,25.115322
,373,102.949537,25.115377
,373,102.949619,25.115414
,373,102.949734,25.115437
,373,102.949802,25.115432
,373,102.949975,25.115373
,374,102.949440,25.115322
,374,102.949464,25.115427
,374,102.949487,25.115537
,374,102.949473,25.115628
,374,102.949432,25.115742
,374,102.949395,25.115816
,375,102.949395,25.115816
,375,102.949537,25.115802
,375,102.949647,25.115802
,375,102.949747,25.115816
,375,102.949834,25.115852
,375,102.949952,25.115923
,376,102.949952,25.115923
,376,102.949889,25.115788
,376,102.949879,25.115683
,376,102.949898,25.115574
,376,102.949934,25.115487
,376,102.949975,25.115373
,377,102.947344,25.115222
,377,102.947405,25.115222
,377,102.947478,25.115295
,377,102.947578,25.115413
,377,102.947682,25.115518
,377,102.947838,25.115706
,377,102.947908,25.115790
,377,102.948094,25.116013
,377,102.948147,25.116076
,377,102.948350,25.116320
,377,102.948386,25.116363
,377,102.948487,25.116468
,377,102.948595,25.116591
,377,102.948651,25.116656
,378,102.950442,25.115051
,378,102.950149,25.115259
,378,102.949975,25.115373
,378,102.949676,25.115607
,378,102.949395,25.115816
,378,102.948643,25.116356
,378,102.948487,25.116468
,378,102.947985,25.116838
,379,102.948386,25.116363
,379,102.948482,25.116368
,379,102.948560,25.116359
,379,102.948643,25.116356
,380,102.947570,25.115052
,380,102.947514,25.115122
,380,102.947482,25.115190
,380,102.947487,25.115249
,380,102.947478,25.115295
,381,102.948643,25.116356
,381,102.948628,25.116455
,381,102.948624,25.116541
,381,102.948651,25.116656
,382,102.949199,25.116377
,382,102.949144,25.116277
,382,102.949149,25.116204
,382,102.949158,25.116094
,383,102.948889,25.116341
,383,102.948980,25.116341
,383,102.949076,25.116341
,383,102.949126,25.116359
,383,102.949199,25.116377
,384,102.948889,25.116341
,384,102.948998,25.116290
,384,102.949076,25.116222
,384,102.949158,25.116094
,385,102.948245,25.115272
,385,102.948494,25.115554
,385,102.948765,25.115861
,385,102.948843,25.115921
,385,102.948943,25.115948
,385,102.949039,25.115962
,386,102.948720,25.116140
,386,102.948742,25.116062
,386,102.948756,25.115962
,386,102.948765,25.115861
,387,102.948720,25.116140
,387,102.948793,25.116067
,387,102.948861,25.116016
,387,102.948934,25.115994
,387,102.949039,25.115962
,388,102.948651,25.116656
,388,102.948925,25.116984
,388,102.948960,25.117021
,388,102.949145,25.117219
,388,102.949203,25.117281
,388,102.949391,25.117482
,388,102.949462,25.117565
,388,102.949619,25.117747
,388,102.949752,25.117925
,388,102.949989,25.118176
,388,102.950231,25.118464
,388,102.950391,25.118637
,388,102.950459,25.118724
,388,102.950510,25.118797
,388,102.950514,25.118870
,388,102.950491,25.118971
,388,102.950368,25.119076
,389,102.950491,25.118971
,389,102.950560,25.118916
,389,102.950592,25.118820
,389,102.950596,25.118715
,389,102.950637,25.118642
,389,102.950715,25.118569
,389,102.950825,25.118537
,389,102.950911,25.118555
,389,102.950985,25.118555
,390,102.950391,25.118637
,390,102.950473,25.118646
,390,102.950551,25.118646
,390,102.950637,25.118642
,391,102.950167,25.118756
,391,102.950226,25.118706
,391,102.950309,25.118697
,391,102.950386,25.118706
,391,102.950459,25.118724
,391,102.950532,25.118697
,391,102.950637,25.118642
,392,102.950226,25.118706
,392,102.950254,25.118628
,392,102.950254,25.118551
,392,102.950231,25.118464
,393,102.949925,25.118468
,393,102.949980,25.118423
,393,102.950062,25.118404
,393,102.950144,25.118427
,393,102.950231,25.118464
,394,102.949980,25.118423
,394,102.950007,25.118336
,394,102.950007,25.118263
,394,102.949989,25.118176
,395,102.949624,25.118208
,395,102.949743,25.118126
,395,102.949848,25.118121
,395,102.949921,25.118153
,395,102.949989,25.118176
,396,102.949743,25.118126
,396,102.949765,25.118025
,396,102.949752,25.117925
,397,102.949619,25.117747
,397,102.949596,25.117656
,397,102.949601,25.117587
,397,102.949633,25.117514
,397,102.949734,25.117441
,398,102.949391,25.117482
,398,102.949464,25.117514
,398,102.949555,25.117519
,398,102.949633,25.117514
,399,102.950718,25.118215
,399,102.950895,25.118263
,399,102.951035,25.118269
,399,102.951217,25.118221
,399,102.951394,25.118081
,399,102.951672,25.117896
,399,102.951960,25.117667
,399,102.952155,25.117533
,399,102.952472,25.117327
,399,102.952733,25.117107
,399,102.953507,25.116559
,399,102.953701,25.116492
,399,102.953878,25.116455
,399,102.954048,25.116437
,399,102.954201,25.116461
,400,102.953507,25.116559
,400,102.953616,25.116376
,400,102.953708,25.116187
,400,102.953768,25.115987
,401,102.952212,25.117050
,401,102.952362,25.117119
,401,102.952478,25.117131
,401,102.952575,25.117125
,401,102.952733,25.117107
,402,102.952155,25.117533
,402,102.952204,25.117375
,402,102.952216,25.117253
,402,102.952216,25.117161
,402,102.952212,25.117050
,403,102.952155,25.117533
,403,102.952319,25.117509
,403,102.952478,25.117527
,403,102.952569,25.117557
,403,102.952701,25.117635
,404,102.952701,25.117635
,404,102.952642,25.117454
,404,102.952654,25.117332
,404,102.952691,25.117192
,404,102.952733,25.117107
,405,102.951421,25.117603
,405,102.951601,25.117673
,405,102.951735,25.117697
,405,102.951863,25.117685
,405,102.951960,25.117667
,406,102.951960,25.117667
,406,102.951918,25.117764
,406,102.951881,25.117886
,406,102.951875,25.118008
,406,102.951932,25.118204
,407,102.951394,25.118081
,407,102.951552,25.118069
,407,102.951692,25.118093
,407,102.951820,25.118136
,407,102.951932,25.118204
,408,102.951394,25.118081
,408,102.951431,25.117941
,408,102.951449,25.117795
,408,102.951421,25.117603
,409,102.951217,25.118221
,409,102.951126,25.118318
,409,102.951096,25.118434
,409,102.951096,25.118556
,409,102.951144,25.118733
,410,102.951144,25.118733
,410,102.951206,25.118866
,410,102.951217,25.118933
,410,102.951217,25.119024
,410,102.951187,25.119140
,410,102.950828,25.119384
,411,102.951187,25.119140
,411,102.951327,25.119140
,411,102.951461,25.119164
,411,102.951514,25.119162
,411,102.951571,25.119286
,411,102.951571,25.119402
,411,102.951534,25.119505
,411,102.951498,25.119554
,411,102.951193,25.119779
,412,102.951498,25.119554
,412,102.951631,25.119530
,412,102.951735,25.119530
,412,102.951843,25.119550
,413,102.951843,25.119550
,413,102.951881,25.119676
,413,102.951869,25.119785
,413,102.951808,25.119889
,413,102.951473,25.120108
,414,102.951808,25.119889
,414,102.951972,25.119877
,414,102.952076,25.119895
,414,102.952144,25.119888
,415,102.926136,25.111405
,415,102.925911,25.109988
,415,102.925709,25.109553
,416,102.922635,25.105949
,416,102.922798,25.106072
,416,102.922944,25.106127
,416,102.923085,25.106145
,416,102.923207,25.106169
,417,102.923207,25.106169
,417,102.923188,25.106267
,417,102.923164,25.106389
,417,102.923188,25.106504
,417,102.923238,25.106613
,418,102.922111,25.105334
,418,102.922269,25.105402
,418,102.922433,25.105433
,418,102.922654,25.105390
,419,102.922654,25.105390
,419,102.922597,25.105494
,419,102.922567,25.105597
,419,102.922549,25.105719
,419,102.922635,25.105949
,420,102.923420,25.105395
,420,102.923572,25.105512
,420,102.923748,25.105573
,420,102.923882,25.105542
,420,102.923993,25.105518
,421,102.923993,25.105518
,421,102.923925,25.105664
,421,102.923906,25.105774
,421,102.923906,25.105865
,421,102.923992,25.106034
,422,102.923434,25.105995
,422,102.923590,25.105950
,422,102.923772,25.105956
,422,102.923864,25.105993
,422,102.923992,25.106034
,423,102.923434,25.105995
,423,102.923505,25.105816
,423,102.923535,25.105658
,423,102.923517,25.105567
,423,102.923420,25.105395
,424,102.922846,25.105255
,424,102.923005,25.105232
,424,102.923145,25.105238
,424,102.923255,25.105281
,424,102.923420,25.105395
,425,102.923420,25.105395
,425,102.923322,25.105201
,425,102.923316,25.105086
,425,102.923352,25.104970
,425,102.923434,25.104830
,426,102.922878,25.104780
,426,102.923036,25.104854
,426,102.923182,25.104873
,426,102.923316,25.104854
,426,102.923434,25.104830
,427,102.922878,25.104780
,427,102.922926,25.104915
,427,102.922920,25.105031
,427,102.922884,25.105134
,427,102.922846,25.105255
,428,102.923852,25.104497
,428,102.923900,25.104380
,428,102.923900,25.104258
,428,102.923895,25.104154
,429,102.920967,25.104031
,429,102.921137,25.104106
,429,102.921307,25.104136
,429,102.921514,25.104106
,429,102.921721,25.103953
,429,102.921770,25.103813
,429,102.921770,25.103692
,429,102.921752,25.103477
,430,102.921721,25.103953
,430,102.921861,25.103935
,430,102.922013,25.103941
,430,102.922123,25.103978
,430,102.922245,25.104044
,431,102.921514,25.104106
,431,102.921453,25.104191
,431,102.921435,25.104288
,431,102.921435,25.104398
,431,102.921466,25.104598
,432,102.918391,25.103850
,432,102.918780,25.103582
,432,102.919554,25.103010
,432,102.919877,25.102796
,432,102.920193,25.102553
,432,102.920351,25.102437
,432,102.920412,25.102279
,432,102.920430,25.102157
,432,102.920424,25.102054
,432,102.920431,25.101968
,433,102.920351,25.102437
,433,102.920570,25.102395
,433,102.920710,25.102401
,433,102.920943,25.102522
,434,102.919658,25.102509
,434,102.919803,25.102553
,434,102.919925,25.102578
,434,102.920089,25.102571
,434,102.920193,25.102553
,435,102.920193,25.102553
,435,102.920114,25.102651
,435,102.920077,25.102772
,435,102.920065,25.102912
,435,102.920133,25.103069
,436,102.920133,25.103069
,436,102.919943,25.102979
,436,102.919815,25.102961
,436,102.919694,25.102985
,436,102.919554,25.103010
,437,102.919554,25.103010
,437,102.919621,25.102882
,437,102.919651,25.102760
,437,102.919657,25.102620
,437,102.919658,25.102509
,438,102.928638,25.103807
,438,102.929239,25.103827
,439,102.926708,25.103375
,439,102.926908,25.103346
,439,102.927024,25.103376
,439,102.927134,25.103374
,439,102.927255,25.103392
,439,102.927431,25.103326
,439,102.927858,25.103046
,439,102.928701,25.102399
,440,102.926708,25.103375
,440,102.926976,25.103180
,440,102.927122,25.103064
,441,102.928607,25.103107
,441,102.929036,25.102801
,442,102.947578,25.115413
,442,102.947578,25.115491
,442,102.947534,25.115584
,442,102.947480,25.115628
,442,102.947386,25.115644
,442,102.947425,25.115562
,442,102.947502,25.115496
,442,102.947584,25.115491
,442,102.947682,25.115518
,443,102.947838,25.115706
,443,102.947849,25.115755
,443,102.947846,25.115792
,443,102.947822,25.115853
,443,102.947788,25.115887
,443,102.947723,25.115921
,443,102.947655,25.115924
,443,102.947667,25.115869
,443,102.947705,25.115829
,443,102.947754,25.115801
,443,102.947800,25.115789
,443,102.947846,25.115792
,443,102.947908,25.115790
,444,102.948094,25.116013
,444,102.948099,25.116063
,444,102.948099,25.116106
,444,102.948068,25.116143
,444,102.948025,25.116177
,444,102.947970,25.116201
,444,102.947899,25.116220
,444,102.947914,25.116155
,444,102.947972,25.116103
,444,102.948031,25.116066
,444,102.948096,25.116066
,444,102.948147,25.116076
,445,102.948350,25.116320
,445,102.948345,25.116374
,445,102.948323,25.116426
,445,102.948274,25.116469
,445,102.948206,25.116500
,445,102.948151,25.116494
,445,102.948166,25.116435
,445,102.948237,25.116386
,445,102.948296,25.116346
,445,102.948345,25.116368
,445,102.948386,25.116363
,446,102.948595,25.116591
,446,102.948598,25.116651
,446,102.948582,25.116697
,446,102.948524,25.116743
,446,102.948462,25.116774
,446,102.948410,25.116783
,446,102.948413,25.116734
,446,102.948462,25.116691
,446,102.948508,25.116666
,446,102.948558,25.116629
,446,102.948598,25.116648
,446,102.948651,25.116656
,447,102.948925,25.116984
,447,102.948903,25.117020
,447,102.948868,25.117070
,447,102.948810,25.117116
,447,102.948733,25.117128
,447,102.948742,25.117070
,447,102.948779,25.117023
,447,102.948847,25.116996
,447,102.948960,25.117021
,448,102.949167,25.117242
,448,102.949167,25.117297
,448,102.949152,25.117356
,448,102.949109,25.117387
,448,102.949047,25.117418
,448,102.948986,25.117427
,448,102.948967,25.117393
,448,102.949010,25.117341
,448,102.949069,25.117301
,448,102.949109,25.117285
,448,102.949167,25.117291
,448,102.949203,25.117281
,449,102.949391,25.117482
,449,102.949398,25.117541
,449,102.949398,25.117581
,449,102.949386,25.117627
,449,102.949349,25.117673
,449,102.949300,25.117695
,449,102.949254,25.117707
,449,102.949229,25.117704
,449,102.949232,25.117655
,449,102.949266,25.117605
,449,102.949318,25.117568
,449,102.949355,25.117565
,449,102.949392,25.117575
,449,102.949462,25.117565
,450,102.935233,25.101618
,450,102.935986,25.101058
,451,102.939900,25.103709
,451,102.940117,25.103628
,451,102.940297,25.103628
,451,102.940426,25.103688
,451,102.940596,25.103760
,452,102.942678,25.129622
,452,102.941915,25.130173
