"FID_","ID","NAME","X","Y"
,1,114.200430,30.769518
,1,114.201465,30.770540
,2,114.199038,30.771705
,2,114.201417,30.769893
,3,114.201961,30.770214
,3,114.201387,30.769645
,3,114.200899,30.769161
,4,114.199962,30.769870
,4,114.201814,30.771731
,5,114.201421,30.770187
,5,114.202483,30.771223
,6,114.199600,30.772240
,6,114.201974,30.770433
,7,114.199484,30.770223
,7,114.200537,30.771258
,8,114.201086,30.770428
,8,114.202130,30.771468
,9,114.199996,30.770975
,9,114.200002,30.770921
,9,114.200003,30.770866
,9,114.199999,30.770812
,9,114.199990,30.770758
,9,114.199975,30.770706
,10,114.201769,30.769946
,10,114.202260,30.770433
,10,114.202840,30.771008
,11,114.201013,30.771165
,11,114.201025,30.771119
,11,114.201032,30.771073
,11,114.201033,30.771026
,11,114.201029,30.770979
,11,114.201019,30.770933
,12,114.201013,30.771165
,12,114.201100,30.771165
,12,114.201186,30.771173
,12,114.201271,30.771187
,13,114.200554,30.771514
,13,114.200561,30.771463
,13,114.200563,30.771411
,13,114.200560,30.771359
,13,114.200551,30.771308
,13,114.200537,30.771258
,14,114.199622,30.771573
,14,114.199600,30.771534
,14,114.199585,30.771493
,14,114.199575,30.771449
,14,114.199572,30.771405
,14,114.199575,30.771360
,14,114.199585,30.771317
,14,114.199601,30.771275
,15,114.199203,30.771579
,15,114.199386,30.771546
,15,114.199554,30.771562
,15,114.199622,30.771573
,16,114.199659,30.771619
,16,114.199640,30.771597
,16,114.199622,30.771573
,17,114.199622,30.771573
,17,114.200329,30.771685
,18,114.200329,30.771685
,18,114.200477,30.771708
,19,114.200477,30.771708
,19,114.200612,30.771730
,20,114.200477,30.771708
,20,114.200522,30.771711
,20,114.200567,30.771718
,20,114.200612,30.771730
,21,114.198625,30.771721
,21,114.198693,30.771732
,21,114.198763,30.771738
,21,114.198832,30.771738
,21,114.198902,30.771733
,21,114.198970,30.771721
,21,114.199038,30.771705
,22,114.200203,30.771781
,22,114.200253,30.771755
,22,114.200307,30.771733
,22,114.200362,30.771719
,22,114.200419,30.771710
,22,114.200477,30.771708
,23,114.199659,30.771619
,23,114.202145,30.774059
,23,114.202572,30.774478
,23,114.202908,30.774808
,23,114.203089,30.774986
,23,114.203535,30.775423
,23,114.204889,30.776752
,23,114.205154,30.777012
,23,114.205254,30.777110
,24,114.200612,30.771730
,24,114.201662,30.772084
,25,114.199026,30.772124
,25,114.199008,30.772073
,25,114.198996,30.772020
,25,114.198989,30.771967
,25,114.198988,30.771913
,25,114.198992,30.771859
,25,114.199002,30.771806
,25,114.199017,30.771754
,25,114.199038,30.771705
,26,114.199600,30.772240
,26,114.199533,30.772255
,26,114.199464,30.772264
,26,114.199395,30.772268
,26,114.199326,30.772265
,26,114.199258,30.772256
,26,114.199190,30.772242
,26,114.199124,30.772222
,27,114.196577,30.772237
,27,114.196663,30.772322
,27,114.197547,30.773191
,27,114.201596,30.777220
,27,114.203415,30.779009
,27,114.205720,30.781277
,27,114.205835,30.781390
,27,114.206453,30.781994
,27,114.209864,30.785327
,27,114.210171,30.785625
,27,114.210187,30.785641
,27,114.213865,30.789218
,27,114.216882,30.792171
,27,114.217756,30.793027
,27,114.219808,30.795054
,27,114.220732,30.795966
,28,114.199584,30.772670
,28,114.199563,30.772618
,28,114.199548,30.772564
,28,114.199540,30.772509
,28,114.199539,30.772453
,28,114.199544,30.772397
,28,114.199556,30.772343
,28,114.199575,30.772290
,28,114.199600,30.772240
,29,114.201932,30.774519
,29,114.202085,30.774402
,29,114.202459,30.774118
,29,114.202815,30.773846
,29,114.203089,30.773637
,29,114.203239,30.773523
,29,114.203547,30.773288
,29,114.203693,30.773176
,29,114.203889,30.773027
,29,114.204016,30.772930
,29,114.204243,30.772757
,30,114.202900,30.774515
,30,114.203166,30.774315
,30,114.203411,30.774131
,30,114.203688,30.773923
,30,114.203888,30.773772
,30,114.203994,30.773692
,30,114.204182,30.773551
,30,114.204316,30.773450
,30,114.204663,30.773190
,31,114.204969,30.777619
,31,114.205270,30.777392
,31,114.205616,30.777133
,31,114.205942,30.776887
,31,114.206248,30.776656
,31,114.206570,30.776415
,31,114.206727,30.776297
,31,114.206928,30.776145
,32,114.207057,30.776266
,32,114.207227,30.776433
,32,114.207352,30.776557
,32,114.207633,30.776834
,32,114.207756,30.776956
,32,114.208020,30.777215
,32,114.208163,30.777356
,32,114.208444,30.777633
,32,114.208545,30.777733
,32,114.208839,30.778022
,32,114.208966,30.778148
,32,114.209134,30.778313
,32,114.209290,30.778467
,32,114.209436,30.778611
,33,114.205982,30.776987
,33,114.206198,30.777201
,33,114.206313,30.777314
,33,114.206675,30.777672
,33,114.207091,30.778084
,33,114.207471,30.778459
,33,114.207894,30.778878
,33,114.208268,30.779248
,33,114.208445,30.779423
,34,114.207564,30.780477
,34,114.207707,30.780350
,34,114.208080,30.780070
,34,114.208300,30.779905
,34,114.208437,30.779802
,34,114.208649,30.779643
,34,114.208972,30.779401
,34,114.209434,30.779035
,35,114.207332,30.780685
,35,114.207378,30.780609
,35,114.207398,30.780545
,35,114.207403,30.780465
,35,114.207398,30.780399
,35,114.207388,30.780306
,36,114.207332,30.780685
,36,114.207564,30.780477
,37,114.207332,30.780685
,37,114.207419,30.780660
,37,114.207531,30.780639
,37,114.207620,30.780637
,37,114.207682,30.780637
,37,114.207739,30.780647
,38,114.206485,30.781335
,38,114.207332,30.780685
,39,114.206485,30.781335
,39,114.206402,30.781358
,39,114.206293,30.781383
,39,114.206171,30.781381
,39,114.206013,30.781355
,39,114.205883,30.781323
,39,114.205720,30.781277
,40,114.206485,30.781335
,40,114.206451,30.781426
,40,114.206409,30.781523
,40,114.206398,30.781600
,40,114.206400,30.781710
,40,114.206453,30.781994
,41,114.208627,30.780116
,41,114.208995,30.780477
,41,114.209266,30.780744
,41,114.209542,30.781015
,41,114.209825,30.781293
,41,114.210103,30.781566
,41,114.210371,30.781829
,41,114.210540,30.781995
,42,114.210540,30.781995
,42,114.211215,30.781492
,43,114.209890,30.782479
,43,114.210370,30.782122
,43,114.210540,30.781995
,44,114.209338,30.779422
,44,114.209528,30.779610
,44,114.209787,30.779865
,44,114.210065,30.780138
,44,114.210321,30.780391
,44,114.210608,30.780672
,44,114.210883,30.780943
,44,114.211128,30.781184
,44,114.211172,30.781227
,44,114.211419,30.781471
,44,114.211458,30.781509
,44,114.211744,30.781790
,44,114.212038,30.782080
,44,114.212330,30.782367
,44,114.212624,30.782656
,44,114.212897,30.782924
,44,114.213086,30.783110
,44,114.213167,30.783190
,44,114.213331,30.783352
,44,114.213434,30.783453
,44,114.213573,30.783589
,45,114.210540,30.781995
,45,114.210671,30.782123
,45,114.210950,30.782398
,45,114.211252,30.782695
,45,114.211542,30.782979
,45,114.211828,30.783260
,45,114.212111,30.783538
,45,114.212397,30.783819
,45,114.212660,30.784078
,45,114.212719,30.784135
,46,114.212319,30.784733
,46,114.212663,30.784470
,46,114.213055,30.784171
,46,114.213392,30.783913
,46,114.213580,30.783769
,47,114.213390,30.784156
,47,114.214929,30.785659
,48,114.213608,30.786818
,48,114.213642,30.786721
,48,114.213658,30.786622
,48,114.213651,30.786515
,48,114.213652,30.786474
,49,114.213608,30.786818
,49,114.213683,30.786769
,49,114.213757,30.786748
,49,114.213823,30.786746
,49,114.213940,30.786753
,50,114.210187,30.785641
,50,114.210360,30.785758
,50,114.210687,30.785982
,50,114.210946,30.786127
,50,114.211676,30.786488
,50,114.212299,30.786723
,50,114.212816,30.786885
,50,114.213105,30.786969
,50,114.213308,30.786976
,50,114.213448,30.786937
,50,114.213562,30.786862
,50,114.213608,30.786818
,51,114.215376,30.785789
,51,114.215495,30.785905
,51,114.215546,30.785954
,51,114.215724,30.786127
,51,114.215828,30.786229
,51,114.215908,30.786306
,51,114.216089,30.786482
,51,114.216230,30.786619
,51,114.216400,30.786784
,51,114.216684,30.787060
,51,114.216942,30.787311
,51,114.217237,30.787597
,51,114.217486,30.787839
,51,114.217763,30.788109
,52,114.217625,30.788216
,52,114.217890,30.788479
,52,114.218124,30.788711
,52,114.218308,30.788893
,52,114.218417,30.789001
,52,114.218699,30.789281
,52,114.218950,30.789529
,52,114.219115,30.789693
,52,114.219462,30.790037
,52,114.219691,30.790264
,53,114.214639,30.786467
,53,114.214778,30.786604
,53,114.215025,30.786848
,53,114.215295,30.787114
,53,114.215578,30.787394
,53,114.215854,30.787667
,53,114.216131,30.787941
,53,114.216404,30.788211
,53,114.216652,30.788456
,53,114.216898,30.788698
,54,114.217712,30.788302
,54,114.217444,30.788498
,54,114.216857,30.788926
,54,114.216703,30.789038
,55,114.216703,30.789038
,55,114.216653,30.789054
,55,114.216602,30.789066
,55,114.216549,30.789071
,55,114.216497,30.789071
,55,114.216444,30.789065
,55,114.216393,30.789054
,55,114.216343,30.789037
,55,114.216295,30.789014
,56,114.196663,30.772322
,56,114.197341,30.771709
,56,114.197575,30.771547
,56,114.197717,30.771485
,56,114.197840,30.771457
,56,114.198039,30.771467
,56,114.198239,30.771515
,56,114.198442,30.771599
,56,114.198625,30.771721
,56,114.199026,30.772124
,56,114.199124,30.772222
,56,114.199584,30.772670
,56,114.200113,30.773185
,56,114.200733,30.773798
,56,114.201401,30.774448
,56,114.201966,30.774988
,56,114.202437,30.775451
,56,114.202664,30.775674
,56,114.202869,30.775876
,56,114.204656,30.777635
,56,114.204954,30.777931
,56,114.207388,30.780306
,56,114.207564,30.780477
,56,114.207739,30.780647
,56,114.207980,30.780881
,56,114.209599,30.782484
,56,114.209904,30.782786
,56,114.210624,30.783499
,56,114.211832,30.784686
,56,114.212318,30.785163
,56,114.213652,30.786474
,56,114.213815,30.786634
,56,114.213940,30.786753
,56,114.215543,30.788275
,56,114.216295,30.789014
,56,114.216679,30.789393
,56,114.218157,30.790846
,56,114.218369,30.791051
,56,114.220036,30.792667
,56,114.220706,30.793335
,56,114.220782,30.793419
,56,114.220851,30.793564
,56,114.220876,30.793669
,56,114.220901,30.793895
,56,114.220878,30.794067
,56,114.220809,30.794218
,56,114.220690,30.794394
,56,114.220459,30.794591
,56,114.220123,30.794841
,56,114.219808,30.795054
,57,114.216679,30.789393
,57,114.216663,30.789343
,57,114.216653,30.789291
,57,114.216650,30.789239
,57,114.216654,30.789186
,57,114.216664,30.789135
,57,114.216681,30.789085
,57,114.216703,30.789038
,58,114.216882,30.792171
,58,114.216936,30.792188
,58,114.216993,30.792199
,58,114.217050,30.792204
,58,114.217108,30.792204
,58,114.217165,30.792197
,58,114.217221,30.792185
,58,114.217276,30.792168
,58,114.217329,30.792145
,58,114.218299,30.791411
,58,114.218329,30.791385
,58,114.218355,30.791354
,58,114.218376,30.791320
,58,114.218393,30.791283
,58,114.218403,30.791245
,58,114.218408,30.791205
,58,114.218407,30.791165
,58,114.218400,30.791125
,58,114.218387,30.791087
,58,114.218369,30.791051
,59,114.200785,30.770374
,59,114.200837,30.770365
,59,114.200889,30.770364
,59,114.200941,30.770370
,59,114.200992,30.770383
,59,114.201041,30.770402
,59,114.201086,30.770428
,60,114.201473,30.770814
,60,114.201488,30.770776
,60,114.201497,30.770737
,60,114.201501,30.770696
,60,114.201500,30.770656
,60,114.201494,30.770616
,60,114.201482,30.770577
,60,114.201465,30.770540
,61,114.201974,30.770433
,61,114.201977,30.770378
,61,114.201976,30.770323
,61,114.201971,30.770268
,61,114.201961,30.770214
,62,114.201417,30.769893
,62,114.201455,30.769877
,62,114.201496,30.769866
,62,114.201538,30.769861
,62,114.201580,30.769861
,62,114.201622,30.769868
,62,114.201662,30.769880
,62,114.201701,30.769897
,62,114.201737,30.769919
,62,114.201769,30.769946
,63,114.201387,30.769645
,63,114.201403,30.769693
,63,114.201414,30.769742
,63,114.201420,30.769792
,63,114.201420,30.769843
,63,114.201417,30.769893
,64,114.201074,30.770153
,64,114.201111,30.770135
,64,114.201150,30.770122
,64,114.201191,30.770114
,64,114.201233,30.770112
,64,114.201274,30.770116
,64,114.201314,30.770126
,64,114.201352,30.770141
,64,114.201388,30.770162
,64,114.201421,30.770187
,65,114.201974,30.770433
,65,114.202031,30.770420
,65,114.202088,30.770413
,65,114.202146,30.770413
,65,114.202203,30.770420
,65,114.202260,30.770433
,66,114.201653,30.770677
,66,114.201703,30.770663
,66,114.201753,30.770657
,66,114.201805,30.770658
,66,114.201855,30.770666
,66,114.201904,30.770681
,66,114.201950,30.770703
,67,114.201359,30.770901
,67,114.201423,30.770907
,67,114.201486,30.770917
,67,114.201548,30.770931
,67,114.201609,30.770949
,68,114.200928,30.770265
,68,114.200940,30.770214
,68,114.200946,30.770162
,68,114.200946,30.770109
,68,114.200939,30.770057
,68,114.200925,30.770007
,69,114.200196,30.772146
,69,114.200182,30.772086
,69,114.200175,30.772025
,69,114.200173,30.771963
,69,114.200177,30.771902
,69,114.200187,30.771841
,69,114.200203,30.771781
,70,114.199718,30.772150
,70,114.199768,30.772127
,70,114.199820,30.772109
,70,114.199874,30.772096
,70,114.199929,30.772090
,70,114.199984,30.772089
,70,114.200039,30.772095
,70,114.200093,30.772106
,70,114.200145,30.772123
,70,114.200196,30.772146
,71,114.201966,30.774988
,71,114.201935,30.774954
,71,114.201908,30.774915
,71,114.201887,30.774874
,71,114.201871,30.774830
,71,114.201861,30.774784
,71,114.201858,30.774737
,71,114.201860,30.774690
,71,114.201869,30.774644
,71,114.201885,30.774600
,71,114.201905,30.774558
,71,114.201932,30.774519
,72,114.201401,30.774448
,72,114.201454,30.774481
,72,114.201509,30.774508
,72,114.201567,30.774529
,72,114.201627,30.774543
,72,114.201689,30.774552
,72,114.201750,30.774553
,72,114.201812,30.774549
,72,114.201873,30.774537
,72,114.201932,30.774519
,73,114.205154,30.776752
,73,114.205490,30.776499
,73,114.205612,30.776407
,73,114.205718,30.776327
,73,114.205828,30.776245
,73,114.205947,30.776155
,73,114.206161,30.775988
,73,114.206270,30.775903
,73,114.206475,30.775758
,73,114.206611,30.775655
,73,114.206793,30.775518
,73,114.207118,30.775274
,74,114.205017,30.775816
,74,114.205495,30.776293
,74,114.205748,30.776547
,74,114.205929,30.776728
,75,114.205347,30.775575
,75,114.205830,30.776042
,75,114.205947,30.776155
,75,114.206254,30.776467
,76,114.205668,30.775314
,76,114.206120,30.775756
,76,114.206270,30.775903
,76,114.206584,30.776210
,77,114.205985,30.775045
,77,114.206469,30.775516
,77,114.206611,30.775655
,77,114.206736,30.775779
,77,114.206921,30.775961
,78,114.206310,30.774788
,78,114.206841,30.775306
,79,114.206676,30.774551
,79,114.207162,30.775045
,80,114.207057,30.776266
,80,114.207194,30.776161
,80,114.207953,30.775583
,81,114.207620,30.776535
,81,114.208311,30.776025
,82,114.208062,30.776941
,82,114.208721,30.776435
,83,114.208471,30.777346
,83,114.209134,30.776848
,84,114.209006,30.777752
,84,114.209652,30.777262
,85,114.209516,30.778266
,85,114.210166,30.777776
,86,114.208218,30.778921
,86,114.208941,30.778403
,87,114.207845,30.778515
,87,114.208511,30.778021
,88,114.207443,30.778130
,88,114.208134,30.777615
,89,114.207038,30.777732
,89,114.207716,30.777230
,90,114.206640,30.777346
,90,114.207331,30.776828
,91,114.202459,30.774118
,91,114.202435,30.772936
,92,114.209029,30.780191
,92,114.209506,30.779832
,93,114.209265,30.780491
,93,114.209784,30.780105
,94,114.209538,30.780780
,94,114.210063,30.780373
,95,114.209827,30.781042
,95,114.210346,30.780651
,96,114.210105,30.781305
,96,114.210614,30.780930
,97,114.210395,30.781589
,97,114.210898,30.781203
,98,114.210309,30.780132
,98,114.210593,30.779902
,99,114.210582,30.780400
,99,114.210887,30.780175
,100,114.210866,30.780678
,100,114.211150,30.780453
,101,114.211139,30.780946
,101,114.211439,30.780721
,102,114.211412,30.781230
,102,114.211712,30.780994
,103,114.211691,30.781492
,103,114.211990,30.781278
,104,114.210925,30.782162
,104,114.211455,30.781755
,105,114.212049,30.781830
,105,114.212349,30.781605
,106,114.212339,30.782108
,106,114.212633,30.781889
,107,114.212596,30.782381
,107,114.212917,30.782162
,108,114.211246,30.782446
,108,114.211760,30.782065
,109,114.211562,30.782713
,109,114.212033,30.782365
,110,114.211803,30.783008
,110,114.212323,30.782617
,111,114.212092,30.783281
,111,114.212612,30.782895
,112,114.212387,30.783543
,112,114.212906,30.783158
,113,114.212628,30.783838
,113,114.213174,30.783447
,114,114.215395,30.785695
,114,114.215896,30.785306
,115,114.215740,30.785908
,115,114.216133,30.785611
,116,114.215945,30.786153
,116,114.216367,30.785820
,117,114.216125,30.786298
,117,114.216571,30.785960
,118,114.216266,30.786462
,118,114.216712,30.786129
,119,114.216435,30.786611
,119,114.216868,30.786282
,120,114.216575,30.786780
,120,114.217033,30.786442
,121,114.216973,30.787057
,121,114.217314,30.786798
,121,114.217961,30.786306
,122,114.216555,30.785804
,122,114.216711,30.785954
,122,114.216883,30.786120
,122,114.217050,30.786281
,122,114.217196,30.786421
,122,114.217335,30.786555
,123,114.214675,30.786262
,123,114.215025,30.785984
,124,114.214981,30.786595
,124,114.215539,30.786145
,125,114.215258,30.786852
,125,114.215805,30.786429
,126,114.215543,30.787121
,126,114.216085,30.786724
,127,114.215824,30.787394
,127,114.216375,30.786977
,128,114.216105,30.787667
,128,114.216632,30.787258
,129,114.216386,30.787933
,129,114.216925,30.787531
,130,114.216664,30.788210
,130,114.217174,30.787836
,131,114.217763,30.788109
,131,114.218032,30.787904
,131,114.218387,30.787628
,132,114.217890,30.788251
,132,114.218583,30.787742
,133,114.218197,30.788275
,133,114.218625,30.787959
,134,114.218697,30.788598
,134,114.219140,30.788266
,135,114.218962,30.789041
,135,114.219384,30.788736
,136,114.219378,30.789456
,136,114.219794,30.789143
,137,114.219785,30.789863
,137,114.220203,30.789544
,138,114.218706,30.789779
,138,114.218333,30.790053
,139,114.218414,30.789495
,139,114.218037,30.789782
,140,114.218125,30.789209
,140,114.217733,30.789498
,141,114.217833,30.788932
,141,114.217462,30.789212
,142,114.203763,30.772090
,142,114.204226,30.772546
,142,114.204434,30.772752
,142,114.204671,30.772986
,143,114.204599,30.772841
,143,114.204966,30.773207
,143,114.205438,30.773677
,144,114.204117,30.773187
,144,114.204460,30.773521
,144,114.204988,30.774034
,145,114.202751,30.772789
,145,114.203121,30.773343
,145,114.203239,30.773523
,145,114.203486,30.773890
,146,114.203097,30.772588
,146,114.203549,30.773034
,146,114.203693,30.773176
,146,114.204000,30.773480
,147,114.203430,30.772339
,147,114.203883,30.772788
,147,114.204016,30.772930
,147,114.204338,30.773239
,148,114.202085,30.774402
,148,114.202134,30.774384
,148,114.202184,30.774371
,148,114.202236,30.774364
,148,114.202288,30.774363
,148,114.202340,30.774368
,148,114.202391,30.774379
,148,114.202440,30.774396
,148,114.202488,30.774418
,148,114.202532,30.774446
,148,114.202572,30.774478
,149,114.202085,30.774402
,149,114.202110,30.774318
,149,114.202128,30.774233
,149,114.202140,30.774146
,149,114.202145,30.774059
,150,114.202145,30.774059
,150,114.202194,30.774081
,150,114.202246,30.774098
,150,114.202298,30.774110
,150,114.202351,30.774118
,150,114.202405,30.774120
,150,114.202459,30.774118
,151,114.202572,30.774478
,151,114.202537,30.774443
,151,114.202507,30.774404
,151,114.202483,30.774360
,151,114.202465,30.774314
,151,114.202453,30.774266
,151,114.202448,30.774216
,151,114.202450,30.774166
,151,114.202459,30.774118
,152,114.202572,30.774478
,152,114.202624,30.774499
,152,114.202678,30.774514
,152,114.202733,30.774523
,152,114.202789,30.774526
,152,114.202845,30.774524
,152,114.202900,30.774515
,153,114.202908,30.774808
,153,114.202890,30.774762
,153,114.202877,30.774713
,153,114.202872,30.774663
,153,114.202875,30.774612
,153,114.202884,30.774563
,153,114.202900,30.774515
,154,114.203166,30.774315
,154,114.203217,30.774291
,154,114.203269,30.774272
,154,114.203322,30.774258
,154,114.203377,30.774250
,154,114.203433,30.774247
,154,114.203488,30.774250
,154,114.203543,30.774257
,155,114.202815,30.773846
,155,114.202860,30.773832
,155,114.202905,30.773824
,155,114.202952,30.773822
,155,114.202998,30.773826
,155,114.203044,30.773835
,155,114.203088,30.773849
,155,114.203130,30.773869
,155,114.203169,30.773894
,156,114.203089,30.773637
,156,114.203114,30.773606
,156,114.203133,30.773572
,156,114.203147,30.773534
,156,114.203154,30.773495
,156,114.203155,30.773456
,156,114.203150,30.773416
,156,114.203138,30.773378
,156,114.203121,30.773343
,157,114.203239,30.773523
,157,114.203283,30.773501
,157,114.203330,30.773486
,157,114.203377,30.773477
,157,114.203426,30.773473
,157,114.203475,30.773476
,157,114.203523,30.773486
,157,114.203570,30.773501
,157,114.203614,30.773522
,157,114.203655,30.773548
,158,114.203547,30.773288
,158,114.203561,30.773238
,158,114.203568,30.773187
,158,114.203568,30.773135
,158,114.203562,30.773084
,158,114.203549,30.773034
,159,114.203693,30.773176
,159,114.203731,30.773151
,159,114.203773,30.773132
,159,114.203816,30.773118
,159,114.203861,30.773110
,159,114.203907,30.773108
,159,114.203952,30.773112
,159,114.203997,30.773122
,159,114.204039,30.773138
,159,114.204080,30.773160
,159,114.204117,30.773187
,160,114.203169,30.773894
,160,114.203411,30.774131
,160,114.203543,30.774257
,160,114.204048,30.774749
,161,114.203655,30.773548
,161,114.203888,30.773772
,161,114.204006,30.773894
,161,114.204523,30.774404
,162,114.203411,30.774131
,162,114.203436,30.774108
,162,114.203458,30.774083
,162,114.203475,30.774054
,162,114.203488,30.774022
,162,114.203495,30.773990
,162,114.203497,30.773956
,162,114.203494,30.773922
,162,114.203486,30.773890
,163,114.203688,30.773923
,163,114.203738,30.773903
,163,114.203791,30.773889
,163,114.203844,30.773881
,163,114.203899,30.773880
,163,114.203953,30.773884
,163,114.204006,30.773894
,164,114.203994,30.773692
,164,114.204006,30.773651
,164,114.204012,30.773608
,164,114.204013,30.773565
,164,114.204009,30.773522
,164,114.204000,30.773480
,165,114.204182,30.773551
,165,114.204321,30.773534
,165,114.204460,30.773521
,166,114.204316,30.773450
,166,114.204338,30.773239
,167,114.204663,30.773190
,167,114.204670,30.773122
,167,114.204673,30.773054
,167,114.204671,30.772986
,168,114.204663,30.773190
,168,114.204713,30.773177
,168,114.204765,30.773171
,168,114.204816,30.773170
,168,114.204868,30.773176
,168,114.204918,30.773189
,168,114.204966,30.773207
,169,114.204243,30.772757
,169,114.204241,30.772686
,169,114.204236,30.772616
,169,114.204226,30.772546
,170,114.204243,30.772757
,170,114.204291,30.772766
,170,114.204339,30.772768
,170,114.204387,30.772764
,170,114.204434,30.772752
,171,114.203889,30.773027
,171,114.203902,30.772988
,171,114.203910,30.772948
,171,114.203912,30.772907
,171,114.203908,30.772866
,171,114.203898,30.772826
,171,114.203883,30.772788
,172,114.207739,30.780647
,172,114.207717,30.780601
,172,114.207700,30.780552
,172,114.207691,30.780502
,172,114.207689,30.780451
,172,114.207695,30.780400
,172,114.207707,30.780350
,173,114.207388,30.780306
,173,114.207449,30.780328
,173,114.207512,30.780343
,173,114.207577,30.780352
,173,114.207642,30.780354
,173,114.207707,30.780350
,174,114.208080,30.780070
,174,114.208140,30.780048
,174,114.208201,30.780033
,174,114.208264,30.780025
,174,114.208327,30.780023
,174,114.208390,30.780028
,174,114.208453,30.780041
,174,114.208513,30.780059
,174,114.208572,30.780084
,174,114.208627,30.780116
,175,114.208627,30.780116
,175,114.208602,30.780072
,175,114.208583,30.780025
,175,114.208570,30.779976
,175,114.208563,30.779926
,175,114.208562,30.779876
,175,114.208568,30.779825
,175,114.208579,30.779776
,175,114.208597,30.779729
,175,114.208620,30.779684
,175,114.208649,30.779643
,176,114.208627,30.780116
,176,114.208585,30.780081
,176,114.208548,30.780043
,176,114.208515,30.780000
,176,114.208488,30.779954
,176,114.208465,30.779906
,176,114.208448,30.779855
,176,114.208437,30.779802
,177,114.208300,30.779905
,177,114.208340,30.779869
,177,114.208375,30.779829
,177,114.208406,30.779785
,177,114.208430,30.779737
,177,114.208448,30.779687
,177,114.208461,30.779635
,177,114.208466,30.779581
,177,114.208466,30.779528
,177,114.208459,30.779475
,177,114.208445,30.779423
,178,114.208445,30.779423
,178,114.208520,30.779440
,178,114.208596,30.779450
,178,114.208672,30.779454
,178,114.208749,30.779451
,178,114.208825,30.779441
,178,114.208899,30.779424
,178,114.208972,30.779401
,179,114.208972,30.779401
,179,114.209033,30.779387
,179,114.209095,30.779380
,179,114.209157,30.779380
,179,114.209218,30.779387
,179,114.209279,30.779402
,179,114.209338,30.779422
,180,114.209338,30.779422
,180,114.209321,30.779378
,180,114.209312,30.779331
,180,114.209310,30.779283
,180,114.209314,30.779235
,180,114.209326,30.779189
,180,114.209344,30.779145
,180,114.209369,30.779104
,180,114.209398,30.779067
,180,114.209434,30.779035
,181,114.209434,30.779035
,181,114.209461,30.778998
,181,114.209483,30.778957
,181,114.209499,30.778914
,181,114.209509,30.778869
,181,114.209512,30.778823
,181,114.209509,30.778777
,181,114.209500,30.778732
,181,114.209484,30.778689
,181,114.209463,30.778648
,181,114.209436,30.778611
,182,114.209436,30.778611
,182,114.209428,30.778559
,182,114.209427,30.778507
,182,114.209432,30.778455
,182,114.209444,30.778404
,182,114.209462,30.778355
,182,114.209486,30.778309
,182,114.209516,30.778266
,183,114.213336,30.783095
,183,114.213641,30.782871
,184,114.213599,30.783390
,184,114.213898,30.783165
,185,114.213882,30.783652
,185,114.214188,30.783422
,186,114.204954,30.777931
,186,114.204942,30.777880
,186,114.204936,30.777827
,186,114.204936,30.777774
,186,114.204941,30.777721
,186,114.204952,30.777669
,186,114.204969,30.777619
,187,114.204656,30.777635
,187,114.204761,30.777637
,187,114.204865,30.777631
,187,114.204969,30.777619
,188,114.205270,30.777392
,188,114.205280,30.777346
,188,114.205285,30.777298
,188,114.205285,30.777250
,188,114.205280,30.777202
,188,114.205269,30.777155
,188,114.205254,30.777110
,189,114.205254,30.777110
,189,114.205312,30.777131
,189,114.205371,30.777145
,189,114.205433,30.777152
,189,114.205494,30.777153
,189,114.205555,30.777146
,189,114.205616,30.777133
,190,114.205616,30.777133
,190,114.205680,30.777112
,190,114.205747,30.777099
,190,114.205814,30.777093
,190,114.205881,30.777094
,190,114.205949,30.777102
,190,114.206014,30.777116
,190,114.206079,30.777138
,190,114.206140,30.777166
,190,114.206198,30.777201
,191,114.206198,30.777201
,191,114.206170,30.777159
,191,114.206147,30.777115
,191,114.206130,30.777068
,191,114.206119,30.777019
,191,114.206114,30.776969
,191,114.206116,30.776919
,191,114.206123,30.776869
,191,114.206137,30.776821
,191,114.206157,30.776775
,191,114.206183,30.776732
,191,114.206213,30.776692
,191,114.206248,30.776656
,192,114.205982,30.776987
,192,114.205959,30.776938
,192,114.205942,30.776887
,192,114.205931,30.776835
,192,114.205927,30.776781
,192,114.205929,30.776728
,193,114.205154,30.777012
,193,114.205137,30.776971
,193,114.205127,30.776927
,193,114.205123,30.776882
,193,114.205127,30.776837
,193,114.205137,30.776794
,193,114.205154,30.776752
,194,114.205154,30.776752
,194,114.205065,30.776759
,194,114.204977,30.776759
,194,114.204889,30.776752
,195,114.205748,30.776547
,195,114.205734,30.776474
,195,114.205724,30.776401
,195,114.205718,30.776327
,196,114.205490,30.776499
,196,114.205498,30.776448
,196,114.205502,30.776396
,196,114.205501,30.776345
,196,114.205495,30.776293
,197,114.205828,30.776245
,197,114.205841,30.776206
,197,114.205847,30.776165
,197,114.205848,30.776123
,197,114.205842,30.776082
,197,114.205830,30.776042
,198,114.206161,30.775988
,198,114.206167,30.775940
,198,114.206166,30.775892
,198,114.206157,30.775845
,198,114.206142,30.775799
,198,114.206120,30.775756
,199,114.206475,30.775758
,199,114.206488,30.775719
,199,114.206496,30.775678
,199,114.206498,30.775636
,199,114.206494,30.775595
,199,114.206484,30.775555
,199,114.206469,30.775516
,200,114.206475,30.775758
,200,114.206540,30.775753
,200,114.206606,30.775756
,200,114.206671,30.775764
,200,114.206736,30.775779
,201,114.206736,30.775779
,201,114.206727,30.775740
,201,114.206724,30.775701
,201,114.206727,30.775661
,201,114.206736,30.775622
,201,114.206750,30.775585
,201,114.206769,30.775550
,201,114.206793,30.775518
,202,114.206793,30.775518
,202,114.206815,30.775480
,202,114.206831,30.775438
,202,114.206841,30.775395
,202,114.206844,30.775350
,202,114.206841,30.775306
,203,114.207118,30.775274
,203,114.207138,30.775239
,203,114.207153,30.775202
,203,114.207163,30.775164
,203,114.207168,30.775124
,203,114.207168,30.775084
,203,114.207162,30.775045
,204,114.206727,30.776297
,204,114.206793,30.776302
,204,114.206860,30.776301
,204,114.206927,30.776295
,204,114.206992,30.776283
,204,114.207057,30.776266
,205,114.207057,30.776266
,205,114.207020,30.776241
,205,114.206986,30.776213
,205,114.206955,30.776180
,205,114.206928,30.776145
,205,114.206918,30.776099
,205,114.206913,30.776053
,205,114.206914,30.776007
,205,114.206921,30.775961
,206,114.206570,30.776415
,206,114.206586,30.776383
,206,114.206597,30.776349
,206,114.206602,30.776314
,206,114.206602,30.776278
,206,114.206595,30.776243
,206,114.206584,30.776210
,207,114.206248,30.776656
,207,114.206255,30.776593
,207,114.206257,30.776530
,207,114.206254,30.776467
,208,114.206675,30.777672
,208,114.206650,30.777642
,208,114.206630,30.777609
,208,114.206614,30.777572
,208,114.206604,30.777535
,208,114.206601,30.777496
,208,114.206602,30.777457
,208,114.206609,30.777418
,208,114.206622,30.777381
,208,114.206640,30.777346
,209,114.206675,30.777672
,209,114.206708,30.777700
,209,114.206745,30.777723
,209,114.206784,30.777741
,209,114.206826,30.777754
,209,114.206868,30.777761
,209,114.206912,30.777762
,209,114.206955,30.777758
,209,114.206997,30.777748
,209,114.207038,30.777732
,210,114.206313,30.777314
,210,114.206357,30.777334
,210,114.206403,30.777349
,210,114.206449,30.777359
,210,114.206497,30.777364
,210,114.206545,30.777363
,210,114.206593,30.777357
,210,114.206640,30.777346
,211,114.207331,30.776828
,211,114.207345,30.776775
,211,114.207355,30.776721
,211,114.207359,30.776666
,211,114.207358,30.776611
,211,114.207352,30.776557
,212,114.207352,30.776557
,212,114.207620,30.776535
,213,114.207633,30.776834
,213,114.207616,30.776793
,213,114.207603,30.776751
,213,114.207596,30.776708
,213,114.207594,30.776664
,213,114.207598,30.776620
,213,114.207606,30.776577
,213,114.207620,30.776535
,214,114.207331,30.776828
,214,114.207391,30.776819
,214,114.207452,30.776815
,214,114.207513,30.776816
,214,114.207573,30.776822
,214,114.207633,30.776834
,215,114.207227,30.776433
,215,114.207207,30.776390
,215,114.207194,30.776346
,215,114.207186,30.776300
,215,114.207183,30.776254
,215,114.207186,30.776207
,215,114.207194,30.776161
,216,114.207716,30.777230
,216,114.207736,30.777187
,216,114.207751,30.777142
,216,114.207760,30.777096
,216,114.207764,30.777049
,216,114.207763,30.777002
,216,114.207756,30.776956
,217,114.207716,30.777230
,217,114.207776,30.777216
,217,114.207836,30.777208
,217,114.207898,30.777205
,217,114.207959,30.777207
,217,114.208020,30.777215
,218,114.208020,30.777215
,218,114.208010,30.777168
,218,114.208007,30.777121
,218,114.208011,30.777073
,218,114.208021,30.777027
,218,114.208038,30.776982
,218,114.208062,30.776941
,219,114.207756,30.776956
,219,114.207833,30.776961
,219,114.207910,30.776960
,219,114.207986,30.776953
,219,114.208062,30.776941
,220,114.208134,30.777615
,220,114.208149,30.777530
,220,114.208158,30.777443
,220,114.208163,30.777356
,221,114.208163,30.777356
,221,114.208224,30.777366
,221,114.208287,30.777370
,221,114.208349,30.777368
,221,114.208411,30.777360
,221,114.208471,30.777346
,222,114.208444,30.777633
,222,114.208432,30.777586
,222,114.208426,30.777536
,222,114.208428,30.777487
,222,114.208436,30.777438
,222,114.208450,30.777391
,222,114.208471,30.777346
,223,114.208134,30.777615
,223,114.208186,30.777605
,223,114.208238,30.777599
,223,114.208291,30.777600
,223,114.208343,30.777606
,223,114.208394,30.777617
,223,114.208444,30.777633
,224,114.208511,30.778021
,224,114.208532,30.777983
,224,114.208547,30.777944
,224,114.208557,30.777902
,224,114.208562,30.777860
,224,114.208562,30.777817
,224,114.208556,30.777774
,224,114.208545,30.777733
,225,114.208545,30.777733
,225,114.208600,30.777755
,225,114.208657,30.777771
,225,114.208715,30.777782
,225,114.208774,30.777787
,225,114.208833,30.777787
,225,114.208891,30.777781
,225,114.208949,30.777769
,225,114.209006,30.777752
,226,114.208511,30.778021
,226,114.208565,30.778004
,226,114.208619,30.777994
,226,114.208675,30.777991
,226,114.208731,30.777995
,226,114.208786,30.778005
,226,114.208839,30.778022
,227,114.208966,30.778148
,227,114.208945,30.778106
,227,114.208930,30.778061
,227,114.208922,30.778014
,227,114.208920,30.777967
,227,114.208925,30.777920
,227,114.208936,30.777874
,227,114.208953,30.777830
,227,114.208977,30.777789
,227,114.209006,30.777752
,228,114.208941,30.778403
,228,114.208956,30.778276
,228,114.208966,30.778148
,229,114.208941,30.778403
,229,114.208992,30.778391
,229,114.209045,30.778386
,229,114.209097,30.778389
,229,114.209149,30.778398
,229,114.209199,30.778415
,229,114.209246,30.778438
,229,114.209290,30.778467
,230,114.209134,30.778313
,230,114.209230,30.778312
,230,114.209326,30.778304
,230,114.209422,30.778288
,230,114.209516,30.778266
,231,114.207091,30.778084
,231,114.207062,30.778052
,231,114.207038,30.778017
,231,114.207020,30.777979
,231,114.207007,30.777938
,231,114.207000,30.777896
,231,114.207000,30.777853
,231,114.207007,30.777811
,231,114.207019,30.777770
,231,114.207038,30.777732
,232,114.207091,30.778084
,232,114.207130,30.778109
,232,114.207171,30.778129
,232,114.207215,30.778144
,232,114.207261,30.778153
,232,114.207307,30.778156
,232,114.207354,30.778153
,232,114.207399,30.778144
,232,114.207443,30.778130
,233,114.207471,30.778459
,233,114.207445,30.778423
,233,114.207425,30.778384
,233,114.207411,30.778342
,233,114.207404,30.778299
,233,114.207404,30.778255
,233,114.207410,30.778211
,233,114.207423,30.778169
,233,114.207443,30.778130
,234,114.207471,30.778459
,234,114.207511,30.778487
,234,114.207556,30.778509
,234,114.207602,30.778526
,234,114.207650,30.778536
,234,114.207700,30.778540
,234,114.207749,30.778538
,234,114.207798,30.778530
,234,114.207845,30.778515
,235,114.207894,30.778878
,235,114.207867,30.778839
,235,114.207845,30.778796
,235,114.207829,30.778751
,235,114.207819,30.778704
,235,114.207816,30.778656
,235,114.207819,30.778608
,235,114.207829,30.778561
,235,114.207845,30.778515
,236,114.207894,30.778878
,236,114.207930,30.778902
,236,114.207969,30.778921
,236,114.208009,30.778934
,236,114.208051,30.778943
,236,114.208093,30.778945
,236,114.208136,30.778943
,236,114.208178,30.778934
,236,114.208218,30.778921
,237,114.208268,30.779248
,237,114.208242,30.779206
,237,114.208222,30.779162
,237,114.208208,30.779115
,237,114.208200,30.779066
,237,114.208200,30.779017
,237,114.208206,30.778968
,237,114.208218,30.778921
,238,114.208995,30.780477
,238,114.208978,30.780443
,238,114.208966,30.780405
,238,114.208961,30.780367
,238,114.208963,30.780328
,238,114.208970,30.780290
,238,114.208984,30.780254
,238,114.209004,30.780221
,238,114.209029,30.780191
,239,114.208995,30.780477
,239,114.209031,30.780495
,239,114.209069,30.780508
,239,114.209108,30.780515
,239,114.209148,30.780517
,239,114.209188,30.780514
,239,114.209227,30.780505
,239,114.209265,30.780491
,240,114.209266,30.780744
,240,114.209249,30.780704
,240,114.209239,30.780661
,240,114.209235,30.780618
,240,114.209238,30.780574
,240,114.209248,30.780531
,240,114.209265,30.780491
,241,114.209266,30.780744
,241,114.209308,30.780765
,241,114.209352,30.780780
,241,114.209398,30.780789
,241,114.209445,30.780792
,241,114.209492,30.780789
,241,114.209538,30.780780
,242,114.209542,30.781015
,242,114.209527,30.780977
,242,114.209517,30.780938
,242,114.209514,30.780898
,242,114.209516,30.780858
,242,114.209524,30.780818
,242,114.209538,30.780780
,243,114.209542,30.781015
,243,114.209586,30.781036
,243,114.209633,30.781051
,243,114.209681,30.781059
,243,114.209731,30.781060
,243,114.209779,30.781055
,243,114.209827,30.781042
,244,114.209825,30.781293
,244,114.209810,30.781253
,244,114.209800,30.781211
,244,114.209797,30.781168
,244,114.209801,30.781125
,244,114.209811,30.781083
,244,114.209827,30.781042
,245,114.209825,30.781293
,245,114.209870,30.781311
,245,114.209916,30.781323
,245,114.209964,30.781328
,245,114.210012,30.781327
,245,114.210059,30.781319
,245,114.210105,30.781305
,246,114.210103,30.781566
,246,114.210089,30.781524
,246,114.210080,30.781480
,246,114.210077,30.781435
,246,114.210080,30.781391
,246,114.210090,30.781347
,246,114.210105,30.781305
,247,114.210103,30.781566
,247,114.210149,30.781584
,247,114.210198,30.781597
,247,114.210247,30.781604
,247,114.210297,30.781605
,247,114.210346,30.781600
,247,114.210395,30.781589
,248,114.210371,30.781829
,248,114.210360,30.781789
,248,114.210355,30.781748
,248,114.210356,30.781706
,248,114.210363,30.781665
,248,114.210376,30.781626
,248,114.210395,30.781589
,249,114.210671,30.782123
,249,114.210755,30.782142
,249,114.210839,30.782154
,249,114.210925,30.782162
,250,114.210950,30.782398
,250,114.210933,30.782353
,250,114.210922,30.782306
,250,114.210916,30.782258
,250,114.210918,30.782209
,250,114.210925,30.782162
,251,114.209904,30.782786
,251,114.209887,30.782737
,251,114.209875,30.782686
,251,114.209870,30.782634
,251,114.209871,30.782582
,251,114.209877,30.782530
,251,114.209890,30.782479
,252,114.209599,30.782484
,252,114.209672,30.782493
,252,114.209745,30.782495
,252,114.209817,30.782490
,252,114.209890,30.782479
,253,114.210370,30.782122
,253,114.210445,30.782115
,253,114.210520,30.782113
,253,114.210595,30.782116
,253,114.210671,30.782123
,254,114.210370,30.782122
,254,114.210386,30.782082
,254,114.210398,30.782040
,254,114.210404,30.781997
,254,114.210404,30.781954
,254,114.210399,30.781911
,254,114.210387,30.781869
,254,114.210371,30.781829
,255,114.211455,30.781755
,255,114.211471,30.781722
,255,114.211482,30.781687
,255,114.211488,30.781650
,255,114.211488,30.781614
,255,114.211483,30.781577
,255,114.211473,30.781542
,255,114.211458,30.781509
,256,114.211215,30.781492
,256,114.211276,30.781486
,256,114.211337,30.781486
,256,114.211398,30.781494
,256,114.211458,30.781509
,257,114.211215,30.781492
,257,114.211225,30.781453
,257,114.211230,30.781414
,257,114.211229,30.781374
,257,114.211223,30.781335
,257,114.211211,30.781296
,257,114.211194,30.781260
,257,114.211172,30.781227
,258,114.211419,30.781471
,258,114.211462,30.781491
,258,114.211507,30.781504
,258,114.211553,30.781511
,258,114.211599,30.781512
,258,114.211646,30.781505
,258,114.211691,30.781492
,259,114.211419,30.781471
,259,114.211403,30.781439
,259,114.211391,30.781405
,259,114.211385,30.781369
,259,114.211384,30.781333
,259,114.211388,30.781298
,259,114.211398,30.781263
,259,114.211412,30.781230
,260,114.210898,30.781203
,260,114.210944,30.781191
,260,114.210990,30.781185
,260,114.211038,30.781185
,260,114.211084,30.781193
,260,114.211129,30.781207
,260,114.211172,30.781227
,261,114.211455,30.781755
,261,114.211504,30.781743
,261,114.211553,30.781739
,261,114.211603,30.781742
,261,114.211652,30.781751
,261,114.211700,30.781768
,261,114.211744,30.781790
,262,114.211760,30.782065
,262,114.211779,30.782033
,262,114.211793,30.781999
,262,114.211800,30.781962
,262,114.211801,30.781925
,262,114.211796,30.781888
,262,114.211785,30.781853
,262,114.211767,30.781820
,262,114.211744,30.781790
,263,114.211744,30.781790
,263,114.211718,30.781760
,263,114.211697,30.781725
,263,114.211681,30.781688
,263,114.211671,30.781650
,263,114.211667,30.781610
,263,114.211669,30.781569
,263,114.211677,30.781530
,263,114.211691,30.781492
,264,114.211744,30.781790
,264,114.211783,30.781813
,264,114.211826,30.781831
,264,114.211869,30.781842
,264,114.211915,30.781848
,264,114.211960,30.781848
,264,114.212006,30.781842
,264,114.212049,30.781830
,265,114.211760,30.782065
,265,114.211799,30.782052
,265,114.211839,30.782043
,265,114.211880,30.782040
,265,114.211921,30.782042
,265,114.211962,30.782050
,265,114.212001,30.782062
,265,114.212038,30.782080
,266,114.212033,30.782365
,266,114.212056,30.782342
,266,114.212074,30.782316
,266,114.212087,30.782286
,266,114.212096,30.782255
,266,114.212098,30.782224
,266,114.212097,30.782192
,266,114.212089,30.782160
,266,114.212077,30.782131
,266,114.212060,30.782104
,266,114.212038,30.782080
,267,114.212038,30.782080
,267,114.212026,30.782039
,267,114.212020,30.781996
,267,114.212019,30.781954
,267,114.212024,30.781911
,267,114.212034,30.781870
,267,114.212049,30.781830
,268,114.212038,30.782080
,268,114.212085,30.782101
,268,114.212135,30.782116
,268,114.212186,30.782124
,268,114.212237,30.782125
,268,114.212289,30.782120
,268,114.212339,30.782108
,269,114.209506,30.779832
,269,114.209522,30.779790
,269,114.209533,30.779745
,269,114.209538,30.779700
,269,114.209536,30.779654
,269,114.209528,30.779610
,270,114.209506,30.779832
,270,114.209546,30.779820
,270,114.209587,30.779813
,270,114.209629,30.779812
,270,114.209671,30.779817
,270,114.209712,30.779827
,270,114.209751,30.779843
,270,114.209787,30.779865
,271,114.209784,30.780105
,271,114.209802,30.780067
,271,114.209812,30.780027
,271,114.209816,30.779985
,271,114.209814,30.779944
,271,114.209803,30.779903
,271,114.209787,30.779865
,272,114.209784,30.780105
,272,114.209832,30.780096
,272,114.209879,30.780092
,272,114.209928,30.780095
,272,114.209975,30.780103
,272,114.210021,30.780118
,272,114.210065,30.780138
,273,114.210063,30.780373
,273,114.210078,30.780342
,273,114.210090,30.780308
,273,114.210095,30.780274
,273,114.210096,30.780238
,273,114.210091,30.780203
,273,114.210080,30.780170
,273,114.210065,30.780138
,274,114.210065,30.780138
,274,114.210126,30.780143
,274,114.210187,30.780143
,274,114.210248,30.780140
,274,114.210309,30.780132
,275,114.210321,30.780391
,275,114.210300,30.780357
,275,114.210285,30.780321
,275,114.210276,30.780283
,275,114.210275,30.780244
,275,114.210280,30.780205
,275,114.210291,30.780167
,275,114.210309,30.780132
,276,114.210321,30.780391
,276,114.210373,30.780402
,276,114.210425,30.780408
,276,114.210477,30.780410
,276,114.210530,30.780407
,276,114.210582,30.780400
,277,114.210608,30.780672
,277,114.210584,30.780644
,277,114.210566,30.780612
,277,114.210553,30.780577
,277,114.210546,30.780540
,277,114.210546,30.780503
,277,114.210552,30.780467
,277,114.210564,30.780432
,277,114.210582,30.780400
,278,114.210608,30.780672
,278,114.210658,30.780687
,278,114.210710,30.780695
,278,114.210762,30.780696
,278,114.210815,30.780690
,278,114.210866,30.780678
,279,114.210346,30.780651
,279,114.210360,30.780615
,279,114.210367,30.780576
,279,114.210369,30.780537
,279,114.210365,30.780498
,279,114.210356,30.780460
,279,114.210341,30.780424
,279,114.210321,30.780391
,280,114.210063,30.780373
,280,114.210114,30.780365
,280,114.210167,30.780363
,280,114.210219,30.780367
,280,114.210271,30.780376
,280,114.210321,30.780391
,281,114.210346,30.780651
,281,114.210390,30.780640
,281,114.210434,30.780635
,281,114.210479,30.780635
,281,114.210523,30.780642
,281,114.210567,30.780654
,281,114.210608,30.780672
,282,114.210614,30.780930
,282,114.210631,30.780895
,282,114.210642,30.780858
,282,114.210646,30.780819
,282,114.210645,30.780781
,282,114.210638,30.780743
,282,114.210626,30.780706
,282,114.210608,30.780672
,283,114.210614,30.780930
,283,114.210658,30.780915
,283,114.210704,30.780907
,283,114.210750,30.780906
,283,114.210796,30.780912
,283,114.210841,30.780924
,283,114.210883,30.780943
,284,114.210883,30.780943
,284,114.210863,30.780909
,284,114.210848,30.780872
,284,114.210839,30.780833
,284,114.210837,30.780793
,284,114.210840,30.780753
,284,114.210850,30.780715
,284,114.210866,30.780678
,285,114.210898,30.781203
,285,114.210914,30.781167
,285,114.210923,30.781129
,285,114.210927,30.781090
,285,114.210925,30.781051
,285,114.210917,30.781013
,285,114.210903,30.780977
,285,114.210883,30.780943
,286,114.210883,30.780943
,286,114.210946,30.780954
,286,114.211011,30.780958
,286,114.211075,30.780955
,286,114.211139,30.780946
,287,114.211128,30.781184
,287,114.211118,30.781137
,287,114.211113,30.781089
,287,114.211116,30.781040
,287,114.211124,30.780992
,287,114.211139,30.780946
,288,114.211128,30.781184
,288,114.211172,30.781205
,288,114.211219,30.781221
,288,114.211266,30.781231
,288,114.211315,30.781236
,288,114.211364,30.781236
,288,114.211412,30.781230
,289,114.212033,30.782365
,289,114.212074,30.782348
,289,114.212116,30.782337
,289,114.212160,30.782331
,289,114.212204,30.782331
,289,114.212247,30.782337
,289,114.212290,30.782349
,289,114.212330,30.782367
,290,114.212323,30.782617
,290,114.212343,30.782585
,290,114.212357,30.782549
,290,114.212364,30.782512
,290,114.212365,30.782474
,290,114.212360,30.782436
,290,114.212348,30.782400
,290,114.212330,30.782367
,291,114.212330,30.782367
,291,114.212313,30.782332
,291,114.212302,30.782294
,291,114.212297,30.782256
,291,114.212298,30.782217
,291,114.212306,30.782179
,291,114.212319,30.782142
,291,114.212339,30.782108
,292,114.212330,30.782367
,292,114.212372,30.782383
,292,114.212416,30.782394
,292,114.212461,30.782399
,292,114.212507,30.782399
,292,114.212552,30.782393
,292,114.212596,30.782381
,293,114.212323,30.782617
,293,114.212366,30.782606
,293,114.212411,30.782600
,293,114.212456,30.782600
,293,114.212500,30.782606
,293,114.212543,30.782617
,293,114.212585,30.782634
,293,114.212624,30.782656
,294,114.212624,30.782656
,294,114.212604,30.782620
,294,114.212589,30.782582
,294,114.212580,30.782542
,294,114.212576,30.782502
,294,114.212577,30.782461
,294,114.212584,30.782420
,294,114.212596,30.782381
,295,114.212612,30.782895
,295,114.212629,30.782864
,295,114.212642,30.782831
,295,114.212650,30.782795
,295,114.212651,30.782759
,295,114.212648,30.782724
,295,114.212638,30.782689
,295,114.212624,30.782656
,296,114.212612,30.782895
,296,114.212669,30.782890
,296,114.212727,30.782890
,296,114.212785,30.782896
,296,114.212841,30.782908
,296,114.212897,30.782924
,297,114.212906,30.783158
,297,114.212921,30.783120
,297,114.212929,30.783080
,297,114.212930,30.783040
,297,114.212925,30.783000
,297,114.212914,30.782961
,297,114.212897,30.782924
,298,114.212906,30.783158
,298,114.212950,30.783151
,298,114.212995,30.783149
,298,114.213039,30.783152
,298,114.213083,30.783160
,298,114.213126,30.783172
,298,114.213167,30.783190
,299,114.213174,30.783447
,299,114.213190,30.783412
,299,114.213201,30.783375
,299,114.213206,30.783337
,299,114.213204,30.783298
,299,114.213198,30.783260
,299,114.213185,30.783224
,299,114.213167,30.783190
,300,114.213086,30.783110
,300,114.213149,30.783114
,300,114.213212,30.783113
,300,114.213274,30.783107
,300,114.213336,30.783095
,301,114.213331,30.783352
,301,114.213315,30.783317
,301,114.213304,30.783280
,301,114.213299,30.783242
,301,114.213300,30.783204
,301,114.213306,30.783166
,301,114.213318,30.783130
,301,114.213336,30.783095
,302,114.213331,30.783352
,302,114.213383,30.783370
,302,114.213436,30.783382
,302,114.213490,30.783390
,302,114.213544,30.783392
,302,114.213599,30.783390
,303,114.213174,30.783447
,303,114.213209,30.783431
,303,114.213247,30.783420
,303,114.213285,30.783415
,303,114.213324,30.783416
,303,114.213362,30.783423
,303,114.213399,30.783435
,303,114.213434,30.783453
,304,114.213573,30.783589
,304,114.213562,30.783561
,304,114.213556,30.783531
,304,114.213555,30.783501
,304,114.213559,30.783471
,304,114.213568,30.783442
,304,114.213581,30.783415
,304,114.213599,30.783390
,305,114.213580,30.783769
,305,114.213582,30.783709
,305,114.213579,30.783649
,305,114.213573,30.783589
,306,114.213580,30.783769
,306,114.213721,30.783677
,306,114.213748,30.783659
,307,114.213573,30.783589
,307,114.213613,30.783614
,307,114.213657,30.783634
,307,114.213702,30.783649
,307,114.213748,30.783659
,307,114.213793,30.783661
,307,114.213838,30.783659
,307,114.213882,30.783652
,308,114.213390,30.784156
,308,114.213379,30.784108
,308,114.213374,30.784059
,308,114.213375,30.784010
,308,114.213380,30.783961
,308,114.213392,30.783913
,309,114.213055,30.784171
,309,114.213093,30.784149
,309,114.213134,30.784133
,309,114.213176,30.784123
,309,114.213220,30.784118
,309,114.213264,30.784119
,309,114.213307,30.784126
,309,114.213349,30.784138
,309,114.213390,30.784156
,310,114.212719,30.784135
,310,114.212762,30.784160
,310,114.212809,30.784178
,310,114.212857,30.784190
,310,114.212907,30.784195
,310,114.212957,30.784194
,310,114.213007,30.784186
,310,114.213055,30.784171
,311,114.212663,30.784470
,311,114.212688,30.784427
,311,114.212709,30.784381
,311,114.212723,30.784334
,311,114.212732,30.784284
,311,114.212733,30.784234
,311,114.212729,30.784184
,311,114.212719,30.784135
,312,114.212318,30.785163
,312,114.212292,30.785120
,312,114.212272,30.785073
,312,114.212258,30.785024
,312,114.212251,30.784973
,312,114.212251,30.784923
,312,114.212258,30.784872
,312,114.212272,30.784823
,312,114.212292,30.784777
,312,114.212319,30.784733
,313,114.211832,30.784686
,313,114.211888,30.784714
,313,114.211947,30.784736
,313,114.212008,30.784752
,313,114.212070,30.784761
,313,114.212133,30.784764
,313,114.212196,30.784760
,313,114.212258,30.784750
,313,114.212319,30.784733
,314,114.212660,30.784078
,314,114.212643,30.784019
,314,114.212632,30.783960
,314,114.212627,30.783899
,314,114.212628,30.783838
,315,114.212397,30.783819
,315,114.212454,30.783832
,315,114.212512,30.783839
,315,114.212570,30.783841
,315,114.212628,30.783838
,316,114.212111,30.783538
,316,114.212165,30.783552
,316,114.212221,30.783560
,316,114.212277,30.783561
,316,114.212332,30.783556
,316,114.212387,30.783543
,317,114.212111,30.783538
,317,114.212096,30.783497
,317,114.212085,30.783455
,317,114.212080,30.783411
,317,114.212079,30.783368
,317,114.212083,30.783324
,317,114.212092,30.783281
,318,114.211828,30.783260
,318,114.211879,30.783274
,318,114.211932,30.783284
,318,114.211985,30.783288
,318,114.212039,30.783287
,318,114.212092,30.783281
,319,114.211828,30.783260
,319,114.211806,30.783221
,319,114.211792,30.783180
,319,114.211784,30.783137
,319,114.211783,30.783093
,319,114.211790,30.783050
,319,114.211803,30.783008
,320,114.211542,30.782979
,320,114.211583,30.782998
,320,114.211625,30.783011
,320,114.211670,30.783019
,320,114.211715,30.783021
,320,114.211759,30.783017
,320,114.211803,30.783008
,321,114.211542,30.782979
,321,114.211526,30.782947
,321,114.211515,30.782914
,321,114.211510,30.782878
,321,114.211510,30.782843
,321,114.211515,30.782808
,321,114.211526,30.782774
,321,114.211542,30.782742
,321,114.211562,30.782713
,322,114.211252,30.782695
,322,114.211293,30.782716
,322,114.211336,30.782732
,322,114.211382,30.782741
,322,114.211428,30.782744
,322,114.211474,30.782740
,322,114.211519,30.782730
,322,114.211562,30.782713
,323,114.211252,30.782695
,323,114.211235,30.782655
,323,114.211224,30.782613
,323,114.211220,30.782571
,323,114.211222,30.782528
,323,114.211231,30.782486
,323,114.211246,30.782446
,324,114.210950,30.782398
,324,114.210987,30.782423
,324,114.211027,30.782443
,324,114.211070,30.782456
,324,114.211114,30.782463
,324,114.211159,30.782464
,324,114.211203,30.782458
,324,114.211246,30.782446
,325,114.214639,30.786467
,325,114.214634,30.786425
,325,114.214634,30.786382
,325,114.214641,30.786340
,325,114.214656,30.786299
,325,114.214675,30.786262
,326,114.215025,30.785984
,326,114.215036,30.785946
,326,114.215042,30.785906
,326,114.215042,30.785866
,326,114.215036,30.785826
,326,114.215025,30.785787
,326,114.215008,30.785750
,326,114.214986,30.785717
,326,114.214960,30.785686
,326,114.214929,30.785659
,327,114.214929,30.785659
,327,114.214991,30.785686
,327,114.215055,30.785706
,327,114.215120,30.785719
,327,114.215187,30.785724
,327,114.215253,30.785723
,327,114.215301,30.785717
,327,114.215348,30.785708
,327,114.215395,30.785695
,328,114.215376,30.785789
,328,114.215337,30.785763
,328,114.215296,30.785741
,328,114.215253,30.785723
,329,114.215495,30.785905
,329,114.215556,30.785916
,329,114.215617,30.785920
,329,114.215679,30.785918
,329,114.215740,30.785908
,330,114.215539,30.786145
,330,114.215553,30.786120
,330,114.215563,30.786093
,330,114.215569,30.786065
,330,114.215570,30.786036
,330,114.215566,30.786007
,330,114.215558,30.785980
,330,114.215546,30.785954
,331,114.215724,30.786127
,331,114.215759,30.786145
,331,114.215795,30.786157
,331,114.215832,30.786164
,331,114.215870,30.786166
,331,114.215908,30.786162
,331,114.215945,30.786153
,332,114.215908,30.786306
,332,114.215943,30.786319
,332,114.215980,30.786327
,332,114.216017,30.786329
,332,114.216055,30.786324
,332,114.216091,30.786314
,332,114.216125,30.786298
,333,114.215805,30.786429
,333,114.215823,30.786399
,333,114.215835,30.786366
,333,114.215842,30.786332
,333,114.215844,30.786297
,333,114.215839,30.786262
,333,114.215828,30.786229
,334,114.216085,30.786724
,334,114.216103,30.786692
,334,114.216115,30.786657
,334,114.216121,30.786622
,334,114.216122,30.786585
,334,114.216117,30.786549
,334,114.216106,30.786515
,334,114.216089,30.786482
,335,114.216089,30.786482
,335,114.216178,30.786475
,335,114.216266,30.786462
,336,114.216230,30.786619
,336,114.216270,30.786631
,336,114.216312,30.786637
,336,114.216354,30.786635
,336,114.216395,30.786626
,336,114.216435,30.786611
,337,114.216400,30.786784
,337,114.216458,30.786789
,337,114.216517,30.786788
,337,114.216575,30.786780
,338,114.216375,30.786977
,338,114.216389,30.786930
,338,114.216397,30.786881
,338,114.216401,30.786833
,338,114.216400,30.786784
,339,114.216632,30.787258
,339,114.216653,30.787235
,339,114.216670,30.787210
,339,114.216682,30.787181
,339,114.216690,30.787151
,339,114.216693,30.787121
,339,114.216691,30.787090
,339,114.216684,30.787060
,340,114.216684,30.787060
,340,114.216731,30.787072
,340,114.216780,30.787079
,340,114.216828,30.787081
,340,114.216877,30.787078
,340,114.216926,30.787070
,340,114.216973,30.787057
,341,114.215854,30.787667
,341,114.215903,30.787681
,341,114.215954,30.787688
,341,114.216005,30.787688
,341,114.216056,30.787681
,341,114.216105,30.787667
,342,114.215578,30.787394
,342,114.215627,30.787405
,342,114.215676,30.787410
,342,114.215726,30.787410
,342,114.215775,30.787405
,342,114.215824,30.787394
,343,114.216131,30.787941
,343,114.216173,30.787954
,343,114.216216,30.787961
,343,114.216260,30.787962
,343,114.216303,30.787958
,343,114.216346,30.787948
,343,114.216386,30.787933
,344,114.216925,30.787531
,344,114.216942,30.787507
,344,114.216955,30.787481
,344,114.216963,30.787453
,344,114.216968,30.787424
,344,114.216968,30.787394
,344,114.216964,30.787365
,344,114.216955,30.787337
,344,114.216942,30.787311
,345,114.217174,30.787836
,345,114.217197,30.787792
,345,114.217215,30.787745
,345,114.217228,30.787697
,345,114.217235,30.787647
,345,114.217237,30.787597
,346,114.217174,30.787836
,346,114.217278,30.787831
,346,114.217382,30.787832
,346,114.217486,30.787839
,347,114.216404,30.788211
,347,114.216468,30.788219
,347,114.216534,30.788222
,347,114.216599,30.788219
,347,114.216664,30.788210
,348,114.216652,30.788456
,348,114.216641,30.788416
,348,114.216634,30.788374
,348,114.216634,30.788332
,348,114.216638,30.788290
,348,114.216648,30.788249
,348,114.216664,30.788210
,349,114.216857,30.788926
,349,114.216877,30.788891
,349,114.216892,30.788855
,349,114.216902,30.788816
,349,114.216906,30.788777
,349,114.216904,30.788737
,349,114.216898,30.788698
,350,114.217763,30.788109
,350,114.217801,30.788111
,350,114.217838,30.788108
,350,114.217874,30.788098
,350,114.217909,30.788083
,350,114.217941,30.788063
,350,114.217968,30.788038
,350,114.217992,30.788008
,350,114.218011,30.787976
,350,114.218024,30.787941
,350,114.218032,30.787904
,351,114.217625,30.788216
,351,114.217577,30.788163
,351,114.217547,30.788076
,351,114.217526,30.787979
,351,114.217507,30.787901
,351,114.217486,30.787839
,352,114.217712,30.788302
,352,114.217806,30.788285
,352,114.217890,30.788251
,353,114.217444,30.788498
,353,114.217456,30.788450
,353,114.217473,30.788404
,353,114.217494,30.788360
,353,114.217521,30.788319
,353,114.217552,30.788281
,353,114.217587,30.788246
,353,114.217625,30.788216
,354,114.219462,30.790037
,354,114.219495,30.790053
,354,114.219530,30.790064
,354,114.219567,30.790068
,354,114.219604,30.790066
,354,114.219639,30.790057
,354,114.219673,30.790043
,354,114.219704,30.790022
,354,114.219731,30.789997
,354,114.219753,30.789968
,354,114.219770,30.789935
,354,114.219780,30.789900
,354,114.219785,30.789863
,355,114.219115,30.789693
,355,114.219158,30.789689
,355,114.219199,30.789679
,355,114.219239,30.789662
,355,114.219275,30.789639
,355,114.219307,30.789610
,355,114.219334,30.789576
,355,114.219355,30.789539
,355,114.219370,30.789499
,355,114.219378,30.789456
,356,114.218706,30.789779
,356,114.218741,30.789784
,356,114.218776,30.789784
,356,114.218810,30.789777
,356,114.218843,30.789764
,356,114.218873,30.789747
,356,114.218900,30.789724
,356,114.218922,30.789697
,356,114.218939,30.789666
,356,114.218950,30.789633
,356,114.218956,30.789598
,356,114.218956,30.789563
,356,114.218950,30.789529
,357,114.218414,30.789495
,357,114.218454,30.789499
,357,114.218494,30.789497
,357,114.218533,30.789488
,357,114.218570,30.789472
,357,114.218604,30.789451
,357,114.218634,30.789424
,357,114.218659,30.789393
,357,114.218679,30.789358
,357,114.218692,30.789321
,357,114.218699,30.789281
,358,114.218699,30.789281
,358,114.218739,30.789280
,358,114.218778,30.789273
,358,114.218815,30.789259
,358,114.218850,30.789240
,358,114.218881,30.789216
,358,114.218909,30.789187
,358,114.218931,30.789154
,358,114.218947,30.789118
,358,114.218958,30.789080
,358,114.218962,30.789041
,359,114.218125,30.789209
,359,114.218168,30.789209
,359,114.218211,30.789202
,359,114.218252,30.789188
,359,114.218290,30.789169
,359,114.218325,30.789144
,359,114.218356,30.789114
,359,114.218382,30.789080
,359,114.218402,30.789042
,359,114.218417,30.789001
,360,114.218308,30.788893
,360,114.218357,30.788897
,360,114.218407,30.788893
,360,114.218455,30.788882
,360,114.218501,30.788865
,360,114.218544,30.788841
,360,114.218583,30.788811
,360,114.218618,30.788776
,360,114.218647,30.788736
,360,114.218671,30.788692
,360,114.218687,30.788646
,360,114.218697,30.788598
,361,114.217833,30.788932
,361,114.217877,30.788932
,361,114.217921,30.788924
,361,114.217962,30.788910
,361,114.218002,30.788889
,361,114.218037,30.788862
,361,114.218068,30.788830
,361,114.218093,30.788794
,361,114.218112,30.788754
,361,114.218124,30.788711
,362,114.217890,30.788479
,362,114.217932,30.788486
,362,114.217973,30.788486
,362,114.218014,30.788479
,362,114.218053,30.788465
,362,114.218089,30.788445
,362,114.218122,30.788420
,362,114.218149,30.788389
,362,114.218172,30.788354
,362,114.218187,30.788316
,362,114.218197,30.788275
,363,114.217444,30.788498
,363,114.217517,30.788479
,363,114.217591,30.788467
,363,114.217666,30.788461
,363,114.217741,30.788461
,363,114.217816,30.788467
,363,114.217890,30.788479
,364,114.202869,30.775876
,364,114.202859,30.775805
,364,114.202854,30.775734
,364,114.202855,30.775662
,364,114.202862,30.775591
,364,114.202874,30.775520
,365,114.202437,30.775451
,365,114.202506,30.775478
,365,114.202578,30.775499
,365,114.202651,30.775514
,365,114.202725,30.775523
,365,114.202800,30.775525
,365,114.202874,30.775520
,366,114.203112,30.775338
,366,114.203185,30.775336
,366,114.203258,30.775340
,366,114.203330,30.775351
,366,114.203400,30.775369
,366,114.203469,30.775393
,366,114.203535,30.775423
,367,114.203112,30.775338
,367,114.203126,30.775288
,367,114.203134,30.775237
,367,114.203137,30.775185
,367,114.203134,30.775134
,367,114.203124,30.775083
,367,114.203110,30.775033
,367,114.203089,30.774986
,368,114.214778,30.786604
,368,114.214818,30.786614
,368,114.214859,30.786618
,368,114.214901,30.786616
,368,114.214942,30.786609
,368,114.214981,30.786595
,369,114.215025,30.786848
,369,114.215083,30.786859
,369,114.215141,30.786863
,369,114.215200,30.786861
,369,114.215258,30.786852
,370,114.215295,30.787114
,370,114.215335,30.787128
,370,114.215376,30.787137
,370,114.215418,30.787140
,370,114.215460,30.787139
,370,114.215502,30.787133
,370,114.215543,30.787121
,371,114.217314,30.786798
,371,114.217331,30.786760
,371,114.217343,30.786720
,371,114.217350,30.786679
,371,114.217350,30.786637
,371,114.217345,30.786595
,371,114.217335,30.786555
,372,114.217033,30.786442
,372,114.217114,30.786430
,372,114.217196,30.786421
,373,114.216868,30.786282
,373,114.216904,30.786271
,373,114.216941,30.786266
,373,114.216978,30.786265
,373,114.217015,30.786270
,373,114.217050,30.786281
,374,114.216712,30.786129
,374,114.216769,30.786123
,374,114.216826,30.786119
,374,114.216883,30.786120
,375,114.216571,30.785960
,375,114.216641,30.785955
,375,114.216711,30.785954
,376,114.216367,30.785820
,376,114.216396,30.785805
,376,114.216427,30.785795
,376,114.216459,30.785789
,376,114.216492,30.785789
,376,114.216524,30.785794
,376,114.216555,30.785804
,377,114.203415,30.779009
,377,114.203295,30.778872
,377,114.203181,30.778731
,377,114.203073,30.778586
,377,114.202969,30.778437
,377,114.202871,30.778284
,377,114.202779,30.778128
,377,114.202693,30.777969
,377,114.202612,30.777806
,377,114.202538,30.777641
,377,114.202485,30.777470
,377,114.202381,30.777107
,377,114.202292,30.776671
,377,114.202242,30.776430
,377,114.202221,30.776283
,377,114.202240,30.776161
,377,114.202357,30.776002
,377,114.202446,30.775927
,377,114.202874,30.775520
,377,114.203112,30.775338
,378,114.202446,30.775927
,378,114.202673,30.775864
,378,114.202761,30.775864
,378,114.202869,30.775876
,379,114.202446,30.775927
,379,114.202526,30.775752
,379,114.202529,30.775636
,379,114.202490,30.775555
,379,114.202437,30.775451
