"FID_","ID","X","Y"
,1,114.216839,30.785334
,1,114.217630,30.786110
,1,114.217739,30.786019
,1,114.216940,30.785238
,1,114.216839,30.785334
,2,114.219365,30.787618
,2,114.219895,30.788137
,2,114.219776,30.788246
,2,114.220827,30.789307
,2,114.220984,30.789178
,2,114.221129,30.789335
,2,114.221762,30.788840
,2,114.220005,30.787101
,2,114.219365,30.787618
,3,114.219004,30.787255
,3,114.219164,30.787429
,3,114.219225,30.787381
,3,114.219068,30.787210
,3,114.219004,30.787255
,4,114.219204,30.787108
,4,114.219389,30.787309
,4,114.219895,30.786902
,4,114.219645,30.786673
,4,114.219420,30.786843
,4,114.219471,30.786908
,4,114.219204,30.787108
,5,114.219483,30.786587
,5,114.219588,30.786694
,5,114.219801,30.786521
,5,114.219694,30.786420
,5,114.219483,30.786587
,6,114.220097,30.786429
,6,114.220309,30.786641
,6,114.220374,30.786591
,6,114.220160,30.786379
,6,114.220097,30.786429
,7,114.220328,30.786250
,7,114.220363,30.786289
,7,114.220340,30.786311
,7,114.220393,30.786374
,7,114.220763,30.786088
,7,114.220662,30.785982
,7,114.220328,30.786250
,8,114.221756,30.788248
,8,114.221942,30.788454
,8,114.222056,30.788360
,8,114.221868,30.788154
,8,114.221756,30.788248
,9,114.218111,30.783567
,9,114.218457,30.783928
,9,114.218632,30.783799
,9,114.218274,30.783430
,9,114.218111,30.783567
,10,114.218073,30.783786
,10,114.218292,30.784010
,10,114.218411,30.783916
,10,114.218190,30.783692
,10,114.218073,30.783786
,11,114.217882,30.784084
,11,114.217899,30.784100
,11,114.217888,30.784118
,11,114.218025,30.784244
,11,114.218071,30.784202
,11,114.218145,30.784279
,11,114.218203,30.784226
,11,114.217971,30.783997
,11,114.217882,30.784084
,12,114.218268,30.784523
,12,114.218340,30.784611
,12,114.218693,30.784350
,12,114.218608,30.784275
,12,114.218268,30.784523
,13,114.219033,30.784475
,13,114.219213,30.784653
,13,114.219292,30.784579
,13,114.219114,30.784411
,13,114.219033,30.784475
,14,114.219231,30.784352
,14,114.219414,30.784543
,14,114.219503,30.784477
,14,114.219320,30.784291
,14,114.219231,30.784352
,15,114.218744,30.784822
,15,114.218777,30.784860
,15,114.218733,30.784909
,15,114.218822,30.785002
,15,114.219094,30.784759
,15,114.219076,30.784733
,15,114.219086,30.784721
,15,114.218995,30.784618
,15,114.218919,30.784680
,15,114.218950,30.784719
,15,114.218883,30.784773
,15,114.218847,30.784736
,15,114.218744,30.784822
,16,114.217480,30.782961
,16,114.217715,30.783190
,16,114.217796,30.783121
,16,114.217646,30.782958
,16,114.217620,30.782973
,16,114.217557,30.782897
,16,114.217480,30.782961
,17,114.217420,30.782695
,17,114.217470,30.782754
,17,114.217594,30.782655
,17,114.217542,30.782595
,17,114.217420,30.782695
,18,114.214733,30.782692
,18,114.214896,30.782560
,18,114.214824,30.782496
,18,114.214661,30.782624
,18,114.214733,30.782692
,19,114.214879,30.782295
,19,114.215170,30.782594
,19,114.215265,30.782506
,19,114.214980,30.782221
,19,114.214879,30.782295
,20,114.215275,30.782227
,20,114.215540,30.782489
,20,114.215632,30.782404
,20,114.215370,30.782139
,20,114.215275,30.782227
,21,114.213321,30.782143
,21,114.213718,30.782526
,21,114.214254,30.782119
,21,114.213864,30.781722
,21,114.213321,30.782143
,22,114.212931,30.781779
,22,114.213156,30.782010
,22,114.213252,30.781939
,22,114.213026,30.781695
,22,114.212931,30.781779
,23,114.213412,30.781394
,23,114.213618,30.781609
,23,114.213776,30.781489
,23,114.213576,30.781277
,23,114.213412,30.781394
,24,114.213316,30.781470
,24,114.213360,30.781519
,24,114.213164,30.781678
,24,114.213204,30.781728
,24,114.213421,30.781560
,24,114.213494,30.781642
,24,114.213549,30.781596
,24,114.213379,30.781426
,24,114.213316,30.781470
,25,114.212231,30.780890
,25,114.212533,30.781195
,25,114.212618,30.781114
,25,114.212319,30.780819
,25,114.212231,30.780890
,26,114.212584,30.780975
,26,114.212652,30.781055
,26,114.212944,30.780833
,26,114.212866,30.780758
,26,114.212584,30.780975
,27,114.213384,30.780378
,27,114.213789,30.780790
,27,114.213878,30.780724
,27,114.213461,30.780301
,27,114.213384,30.780378
,28,114.213570,30.780233
,28,114.213985,30.780653
,28,114.214112,30.780558
,28,114.213705,30.780136
,28,114.213570,30.780233
,29,114.214056,30.779915
,29,114.214659,30.780507
,29,114.214730,30.780444
,29,114.214117,30.779856
,29,114.214056,30.779915
,30,114.213732,30.780156
,30,114.213801,30.780228
,30,114.213994,30.780067
,30,114.213930,30.779994
,30,114.213732,30.780156
,31,114.214392,30.780480
,31,114.214280,30.780569
,31,114.214388,30.780688
,31,114.214627,30.780493
,31,114.214578,30.780442
,31,114.214442,30.780540
,31,114.214392,30.780480
,32,114.213718,30.781202
,32,114.213936,30.781433
,32,114.214007,30.781377
,32,114.213787,30.781152
,32,114.213718,30.781202
,33,114.213957,30.781503
,33,114.214217,30.781797
,33,114.214362,30.781685
,33,114.214089,30.781396
,33,114.213957,30.781503
,34,114.214324,30.781801
,34,114.214558,30.782047
,34,114.214646,30.781973
,34,114.214405,30.781729
,34,114.214324,30.781801
,35,114.212894,30.779730
,35,114.213176,30.780033
,35,114.213334,30.779913
,35,114.213043,30.779625
,35,114.212894,30.779730
,36,114.212720,30.779846
,36,114.212912,30.780022
,36,114.212978,30.779947
,36,114.212790,30.779780
,36,114.212720,30.779846
,37,114.213042,30.779492
,37,114.213122,30.779576
,37,114.213275,30.779463
,37,114.213622,30.779808
,37,114.213534,30.779869
,37,114.213637,30.779995
,37,114.213977,30.779736
,37,114.213876,30.779627
,37,114.213775,30.779696
,37,114.213456,30.779375
,37,114.213534,30.779305
,37,114.213429,30.779196
,37,114.213042,30.779492
,38,114.214617,30.779999
,38,114.214930,30.780307
,38,114.215029,30.780236
,38,114.214721,30.779915
,38,114.214617,30.779999
,39,114.214344,30.779785
,39,114.214442,30.779880
,39,114.214489,30.779823
,39,114.214392,30.779735
,39,114.214344,30.779785
,40,114.214669,30.779485
,40,114.214852,30.779670
,40,114.214894,30.779630
,40,114.214711,30.779451
,40,114.214669,30.779485
,41,114.215027,30.780528
,41,114.215083,30.780607
,41,114.215518,30.780315
,41,114.215658,30.780458
,41,114.215755,30.780389
,41,114.215553,30.780165
,41,114.215027,30.780528
,42,114.214177,30.781123
,42,114.214378,30.781332
,42,114.214950,30.780882
,42,114.214755,30.780681
,42,114.214177,30.781123
,43,114.214887,30.780971
,43,114.215019,30.781118
,43,114.214882,30.781223
,43,114.214968,30.781329
,43,114.215156,30.781177
,43,114.215085,30.781088
,43,114.215121,30.781057
,43,114.214971,30.780905
,43,114.214887,30.780971
,44,114.214948,30.781843
,44,114.215194,30.782090
,44,114.215273,30.782024
,44,114.215024,30.781782
,44,114.214948,30.781843
,45,114.215047,30.781429
,45,114.215243,30.781614
,45,114.215321,30.781687
,45,114.215424,30.781784
,45,114.215492,30.781849
,45,114.215571,30.781780
,45,114.215131,30.781360
,45,114.215047,30.781429
,46,114.215243,30.781614
,46,114.215060,30.781770
,46,114.215128,30.781851
,46,114.215321,30.781687
,46,114.215243,30.781614
,47,114.215424,30.781784
,47,114.215220,30.781940
,47,114.215298,30.782017
,47,114.215492,30.781849
,47,114.215424,30.781784
,48,114.215492,30.781849
,48,114.215471,30.781867
,48,114.215860,30.782242
,48,114.215767,30.782340
,48,114.215837,30.782407
,48,114.216048,30.782252
,48,114.215571,30.781780
,48,114.215492,30.781849
,49,114.215912,30.782060
,49,114.216067,30.782230
,49,114.216327,30.782024
,49,114.216179,30.781871
,49,114.215912,30.782060
,50,114.215347,30.781202
,50,114.215630,30.781477
,50,114.215714,30.781401
,50,114.215418,30.781131
,50,114.215347,30.781202
,51,114.215533,30.781576
,51,114.215612,30.781663
,51,114.215810,30.781500
,51,114.215732,30.781424
,51,114.215533,30.781576
,52,114.216171,30.781566
,52,114.216390,30.781826
,52,114.216851,30.781495
,52,114.216635,30.781235
,52,114.216171,30.781566
,53,114.211394,30.777951
,53,114.211554,30.778124
,53,114.211809,30.777923
,53,114.211651,30.777760
,53,114.211394,30.777951
,54,114.210656,30.778572
,54,114.210723,30.778650
,54,114.210758,30.778622
,54,114.210778,30.778643
,54,114.211017,30.778468
,54,114.210910,30.778358
,54,114.210656,30.778572
,55,114.211939,30.778951
,55,114.212064,30.779081
,55,114.212677,30.778630
,55,114.212614,30.778548
,55,114.212582,30.778567
,55,114.212332,30.778298
,55,114.211706,30.778801
,55,114.211828,30.778915
,55,114.212076,30.778706
,55,114.212206,30.778834
,55,114.212154,30.778883
,55,114.212167,30.778897
,55,114.212100,30.778955
,55,114.212028,30.778880
,55,114.211939,30.778951
,56,114.213446,30.778273
,56,114.213918,30.778734
,56,114.214006,30.778666
,56,114.213534,30.778205
,56,114.213446,30.778273
,57,114.213982,30.778809
,57,114.214305,30.779152
,57,114.214416,30.779074
,57,114.214104,30.778724
,57,114.213982,30.778809
,58,114.212842,30.778765
,58,114.213151,30.779077
,58,114.213256,30.778992
,58,114.212937,30.778677
,58,114.212842,30.778765
,59,114.212449,30.778171
,59,114.212812,30.778531
,59,114.213019,30.778365
,59,114.212649,30.777988
,59,114.212449,30.778171
,59,114.212713,30.777818
,59,114.212815,30.777920
,59,114.212880,30.777866
,59,114.213120,30.778079
,59,114.213114,30.778164
,59,114.213012,30.778256
,59,114.213114,30.778341
,59,114.213314,30.778188
,59,114.213324,30.778120
,59,114.213365,30.778059
,59,114.212971,30.777686
,59,114.212930,30.777676
,59,114.212893,30.777669
,59,114.212713,30.777818
,60,114.213075,30.778512
,60,114.213136,30.778567
,60,114.213340,30.778394
,60,114.213289,30.778343
,60,114.213075,30.778512
,61,114.211811,30.777479
,61,114.211894,30.777575
,61,114.212136,30.777369
,61,114.212115,30.777323
,61,114.212332,30.777135
,61,114.212385,30.777196
,61,114.212342,30.777236
,61,114.212330,30.777259
,61,114.212540,30.777445
,61,114.212401,30.777574
,61,114.212526,30.777683
,61,114.212798,30.777455
,61,114.212771,30.777401
,61,114.212730,30.777364
,61,114.212662,30.777347
,61,114.212530,30.777208
,61,114.212520,30.777225
,61,114.212384,30.777096
,61,114.212333,30.777075
,61,114.212282,30.777082
,61,114.212282,30.777113
,61,114.212252,30.777147
,61,114.212221,30.777113
,61,114.211811,30.777479
,62,114.212204,30.777703
,62,114.212367,30.777883
,62,114.212476,30.777798
,62,114.212313,30.777618
,62,114.212204,30.777703
,63,114.210997,30.779590
,63,114.211190,30.779779
,63,114.211508,30.779537
,63,114.211462,30.779489
,63,114.211318,30.779336
,63,114.210997,30.779590
,64,114.211462,30.779489
,64,114.211508,30.779537
,64,114.211541,30.779515
,64,114.211628,30.779606
,64,114.211735,30.779529
,64,114.211602,30.779384
,64,114.211462,30.779489
,65,114.210259,30.779216
,65,114.210435,30.779387
,65,114.210480,30.779338
,65,114.210529,30.779283
,65,114.210361,30.779125
,65,114.210259,30.779216
,66,114.210480,30.779338
,66,114.210658,30.779514
,66,114.210730,30.779450
,66,114.210552,30.779262
,66,114.210529,30.779283
,66,114.210480,30.779338
,67,114.211336,30.779769
,67,114.211387,30.779823
,67,114.211547,30.779703
,67,114.211494,30.779652
,67,114.211336,30.779769
,68,114.210794,30.778843
,68,114.210870,30.778917
,68,114.210824,30.778973
,68,114.210985,30.779121
,68,114.211020,30.779082
,68,114.211076,30.779131
,68,114.211143,30.779070
,68,114.211051,30.778991
,68,114.211086,30.778950
,68,114.210903,30.778754
,68,114.210794,30.778843
,69,114.207866,30.774816
,69,114.208507,30.775460
,69,114.208764,30.775254
,69,114.208652,30.775134
,69,114.208626,30.775152
,69,114.208097,30.774638
,69,114.207866,30.774816
,70,114.206833,30.773379
,70,114.206960,30.773513
,70,114.207026,30.773460
,70,114.206901,30.773325
,70,114.206833,30.773379
,71,114.198613,30.771022
,71,114.198867,30.771287
,71,114.199061,30.771107
,71,114.198800,30.770860
,71,114.198613,30.771022
,72,114.195904,30.771956
,72,114.196243,30.772323
,72,114.196711,30.771976
,72,114.196362,30.771607
,72,114.195904,30.771956
,73,114.217463,30.784392
,73,114.217484,30.784390
,73,114.217505,30.784385
,73,114.217524,30.784376
,73,114.217542,30.784363
,73,114.217557,30.784348
,73,114.217569,30.784331
,73,114.217578,30.784311
,73,114.217584,30.784290
,73,114.217586,30.784269
,73,114.217584,30.784248
,73,114.217578,30.784227
,73,114.217569,30.784208
,73,114.217557,30.784190
,73,114.217542,30.784175
,73,114.217524,30.784163
,73,114.217505,30.784154
,73,114.217484,30.784148
,73,114.217463,30.784146
,73,114.217442,30.784148
,73,114.217421,30.784154
,73,114.217402,30.784163
,73,114.217384,30.784175
,73,114.217369,30.784190
,73,114.217357,30.784208
,73,114.217348,30.784227
,73,114.217342,30.784248
,73,114.217340,30.784269
,73,114.217342,30.784290
,73,114.217348,30.784311
,73,114.217357,30.784331
,73,114.217369,30.784348
,73,114.217384,30.784363
,73,114.217402,30.784376
,73,114.217421,30.784385
,73,114.217442,30.784390
,73,114.217463,30.784392
,74,114.217106,30.784086
,74,114.217131,30.784084
,74,114.217156,30.784077
,74,114.217179,30.784067
,74,114.217200,30.784052
,74,114.217218,30.784034
,74,114.217232,30.784013
,74,114.217243,30.783990
,74,114.217250,30.783965
,74,114.217252,30.783940
,74,114.217250,30.783915
,74,114.217243,30.783890
,74,114.217232,30.783867
,74,114.217218,30.783846
,74,114.217200,30.783828
,74,114.217179,30.783814
,74,114.217156,30.783803
,74,114.217131,30.783796
,74,114.217106,30.783794
,74,114.217080,30.783796
,74,114.217056,30.783803
,74,114.217033,30.783814
,74,114.217012,30.783828
,74,114.216994,30.783846
,74,114.216979,30.783867
,74,114.216969,30.783890
,74,114.216962,30.783915
,74,114.216960,30.783940
,74,114.216962,30.783965
,74,114.216969,30.783990
,74,114.216979,30.784013
,74,114.216994,30.784034
,74,114.217012,30.784052
,74,114.217033,30.784067
,74,114.217056,30.784077
,74,114.217080,30.784084
,74,114.217106,30.784086
,75,114.216761,30.783739
,75,114.216787,30.783736
,75,114.216812,30.783730
,75,114.216836,30.783718
,75,114.216858,30.783703
,75,114.216877,30.783685
,75,114.216892,30.783663
,75,114.216903,30.783639
,75,114.216910,30.783613
,75,114.216912,30.783587
,75,114.216910,30.783561
,75,114.216903,30.783535
,75,114.216892,30.783511
,75,114.216877,30.783490
,75,114.216858,30.783471
,75,114.216836,30.783456
,75,114.216812,30.783445
,75,114.216787,30.783438
,75,114.216761,30.783436
,75,114.216734,30.783438
,75,114.216709,30.783445
,75,114.216685,30.783456
,75,114.216663,30.783471
,75,114.216645,30.783490
,75,114.216629,30.783511
,75,114.216618,30.783535
,75,114.216611,30.783561
,75,114.216609,30.783587
,75,114.216611,30.783613
,75,114.216618,30.783639
,75,114.216629,30.783663
,75,114.216645,30.783685
,75,114.216663,30.783703
,75,114.216685,30.783718
,75,114.216709,30.783730
,75,114.216734,30.783736
,75,114.216761,30.783739
