"FID_","ID","NAME","X","Y"
,1,114.207455,30.780139
,1,114.207961,30.780615
,1,114.207958,30.780586
,1,114.207957,30.780492
,1,114.207960,30.780468
,1,114.207985,30.780408
,1,114.208056,30.780334
,1,114.208405,30.780076
,1,114.208671,30.779879
,1,114.208256,30.779461
,1,114.208284,30.779532
,1,114.208291,30.779592
,1,114.208288,30.779638
,1,114.208277,30.779696
,1,114.208252,30.779750
,1,114.208216,30.779808
,1,114.208137,30.779886
,1,114.207915,30.780047
,1,114.207766,30.780146
,1,114.207701,30.780168
,1,114.207638,30.780179
,1,114.207559,30.780177
,1,114.207497,30.780155
,1,114.207455,30.780139
,2,114.201840,30.774006
,2,114.202473,30.774653
,2,114.202503,30.774684
,2,114.202894,30.775087
,2,114.202903,30.775096
,2,114.203417,30.775598
,2,114.203419,30.775599
,2,114.203860,30.775951
,2,114.204224,30.776262
,2,114.204645,30.776704
,2,114.205022,30.777177
,2,114.205038,30.777211
,2,114.205041,30.777237
,2,114.205033,30.777291
,2,114.205010,30.777341
,2,114.204976,30.777380
,2,114.204918,30.777414
,2,114.204842,30.777431
,2,114.204726,30.777423
,2,114.205205,30.777924
,2,114.205193,30.777857
,2,114.205212,30.777760
,2,114.205245,30.777695
,2,114.205293,30.777648
,2,114.205696,30.777366
,2,114.205813,30.777334
,2,114.205932,30.777332
,2,114.206104,30.777375
,2,114.206276,30.777464
,2,114.205271,30.776450
,2,114.205249,30.776469
,2,114.205181,30.776524
,2,114.205129,30.776564
,2,114.205061,30.776586
,2,114.204984,30.776586
,2,114.204852,30.776530
,2,114.204328,30.776081
,2,114.203562,30.775293
,2,114.203125,30.774788
,2,114.202998,30.774668
,2,114.202331,30.774037
,2,114.201817,30.773551
,2,114.200995,30.772803
,2,114.200549,30.772267
,2,114.200475,30.772187
,2,114.200447,30.772141
,2,114.200447,30.772126
,2,114.200447,30.772114
,2,114.200447,30.772058
,2,114.200448,30.772023
,2,114.200050,30.772347
,2,114.200138,30.772381
,2,114.200188,30.772417
,2,114.200395,30.772586
,2,114.200803,30.772905
,2,114.201167,30.773269
,2,114.201421,30.773511
,2,114.201655,30.773817
,2,114.201840,30.774006
,3,114.198628,30.771578
,3,114.198709,30.771632
,3,114.198970,30.771891
,3,114.199931,30.772843
,3,114.199888,30.772733
,3,114.199794,30.772564
,3,114.199792,30.772516
,3,114.199801,30.772475
,3,114.199814,30.772443
,3,114.199857,30.772404
,3,114.199903,30.772376
,3,114.199989,30.772347
,3,114.200050,30.772347
,3,114.200448,30.772023
,3,114.200489,30.771990
,3,114.200530,30.771951
,3,114.200641,30.771920
,3,114.200746,30.771922
,3,114.200759,30.771923
,3,114.199662,30.770850
,3,114.199669,30.770952
,3,114.199669,30.771017
,3,114.199656,30.771055
,3,114.199628,30.771091
,3,114.199187,30.771449
,3,114.199030,30.771561
,3,114.198931,30.771607
,3,114.198842,30.771608
,3,114.198747,30.771607
,3,114.198628,30.771578
,4,114.201501,30.774317
,4,114.202107,30.774866
,4,114.202107,30.774810
,4,114.202131,30.774736
,4,114.202190,30.774668
,4,114.202261,30.774633
,4,114.202376,30.774624
,4,114.202473,30.774653
,4,114.201840,30.774006
,4,114.201906,30.774125
,4,114.201915,30.774202
,4,114.201889,30.774264
,4,114.201821,30.774340
,4,114.201744,30.774367
,4,114.201626,30.774361
,4,114.201501,30.774317
,5,114.202587,30.775320
,5,114.203117,30.775856
,5,114.203122,30.775774
,5,114.203128,30.775712
,5,114.203156,30.775672
,5,114.203209,30.775625
,5,114.203289,30.775595
,5,114.203377,30.775592
,5,114.203420,30.775600
,5,114.203419,30.775599
,5,114.203417,30.775598
,5,114.202903,30.775096
,5,114.202894,30.775087
,5,114.202901,30.775153
,5,114.202895,30.775215
,5,114.202882,30.775253
,5,114.202848,30.775290
,5,114.202784,30.775325
,5,114.202702,30.775341
,5,114.202649,30.775340
,5,114.202587,30.775320
,6,114.196740,30.772054
,6,114.196841,30.772169
,6,114.197089,30.772422
,6,114.197098,30.772364
,6,114.197104,30.772252
,6,114.197116,30.772181
,6,114.197146,30.772110
,6,114.197326,30.771934
,6,114.197528,30.771758
,6,114.197830,30.771611
,6,114.197942,30.771604
,6,114.198054,30.771611
,6,114.198228,30.771650
,6,114.198379,30.771728
,6,114.198514,30.771810
,6,114.199208,30.772447
,6,114.200085,30.773314
,6,114.200906,30.774115
,6,114.201991,30.775177
,6,114.202352,30.775519
,6,114.202383,30.775548
,6,114.202632,30.775832
,6,114.202954,30.776136
,6,114.204056,30.777176
,6,114.204983,30.778100
,6,114.205457,30.778574
,6,114.206899,30.779980
,6,114.207054,30.780132
,6,114.207138,30.780214
,6,114.207953,30.781012
,6,114.208000,30.781058
,6,114.208309,30.781360
,6,114.210847,30.783848
,6,114.213058,30.786027
,6,114.213170,30.786136
,6,114.213847,30.786794
,6,114.214331,30.787264
,6,114.217215,30.790061
,6,114.218096,30.791002
,6,114.218174,30.791076
,6,114.218648,30.791525
,6,114.220174,30.792970
,6,114.220463,30.793268
,6,114.220639,30.793469
,6,114.220744,30.793760
,6,114.220749,30.793897
,6,114.220726,30.794057
,6,114.220671,30.794176
,6,114.220573,30.794323
,6,114.220440,30.794449
,6,114.220293,30.794538
,6,114.220161,30.794620
,6,114.220051,30.794655
,6,114.219881,30.794687
,6,114.219776,30.794701
,6,114.220100,30.795019
,6,114.220293,30.794879
,6,114.220655,30.794604
,6,114.220808,30.794451
,6,114.220927,30.794268
,6,114.221010,30.794041
,6,114.221037,30.793754
,6,114.220996,30.793544
,6,114.220854,30.793319
,6,114.220122,30.792596
,6,114.218167,30.790701
,6,114.217096,30.789611
,6,114.214495,30.787112
,6,114.212976,30.785599
,6,114.212532,30.785059
,6,114.212528,30.785055
,6,114.212007,30.784546
,6,114.211988,30.784531
,6,114.211440,30.784104
,6,114.210581,30.783260
,6,114.210140,30.782786
,6,114.210097,30.782743
,6,114.209688,30.782334
,6,114.209670,30.782316
,6,114.209114,30.781829
,6,114.208853,30.781575
,6,114.208304,30.781058
,6,114.207965,30.780618
,6,114.207961,30.780615
,6,114.207455,30.780139
,6,114.207439,30.780124
,6,114.206979,30.779744
,6,114.205802,30.778602
,6,114.205235,30.777956
,6,114.205205,30.777924
,6,114.204726,30.777423
,6,114.203806,30.776640
,6,114.203145,30.775885
,6,114.203117,30.775856
,6,114.202587,30.775320
,6,114.202582,30.775315
,6,114.202261,30.775006
,6,114.202107,30.774866
,6,114.201501,30.774317
,6,114.200531,30.773438
,6,114.199931,30.772843
,6,114.198970,30.771891
,6,114.198709,30.771632
,6,114.198628,30.771578
,6,114.198544,30.771522
,6,114.198347,30.771433
,6,114.198105,30.771366
,6,114.197819,30.771348
,6,114.197638,30.771371
,6,114.197493,30.771412
,6,114.197349,30.771481
,6,114.196708,30.771945
,6,114.196782,30.772019
,6,114.196740,30.772054
,7,114.202159,30.777470
,7,114.203191,30.778486
,7,114.203192,30.778487
,7,114.203168,30.778374
,7,114.203046,30.778184
,7,114.202854,30.777868
,7,114.202772,30.777717
,7,114.202552,30.777156
,7,114.202467,30.776836
,7,114.202401,30.776513
,7,114.202364,30.776293
,7,114.202373,30.776222
,7,114.202408,30.776147
,7,114.202488,30.776071
,7,114.202609,30.776030
,7,114.202698,30.776028
,7,114.202817,30.776076
,7,114.202954,30.776136
,7,114.202632,30.775832
,7,114.202383,30.775548
,7,114.202354,30.775521
,7,114.202428,30.775645
,7,114.202440,30.775707
,7,114.202438,30.775751
,7,114.202408,30.775801
,7,114.202341,30.775858
,7,114.202234,30.775938
,7,114.202165,30.776007
,7,114.202106,30.776092
,7,114.202083,30.776165
,7,114.202076,30.776334
,7,114.202268,30.777174
,7,114.202309,30.777360
,7,114.202302,30.777417
,7,114.202277,30.777454
,7,114.202234,30.777474
,7,114.202193,30.777472
,7,114.202159,30.777470
,8,114.205931,30.781182
,8,114.206558,30.781790
,8,114.206532,30.781703
,8,114.206542,30.781575
,8,114.206571,30.781490
,8,114.206599,30.781422
,8,114.206686,30.781339
,8,114.207301,30.780874
,8,114.207425,30.780808
,8,114.207512,30.780792
,8,114.207610,30.780799
,8,114.207702,30.780836
,8,114.207908,30.780998
,8,114.207953,30.781012
,8,114.207138,30.780214
,8,114.207208,30.780353
,8,114.207240,30.780424
,8,114.207244,30.780499
,8,114.207228,30.780575
,8,114.207194,30.780634
,8,114.207164,30.780673
,8,114.206844,30.780925
,8,114.206443,30.781218
,8,114.206349,30.781261
,8,114.206239,30.781275
,8,114.206127,30.781266
,8,114.205999,30.781220
,8,114.205931,30.781182
,9,114.213847,30.786794
,9,114.213170,30.786136
,9,114.213189,30.786167
,9,114.213429,30.786444
,9,114.213480,30.786551
,9,114.213464,30.786663
,9,114.213420,30.786739
,9,114.213329,30.786810
,9,114.213207,30.786833
,9,114.212949,30.786792
,9,114.212097,30.786533
,9,114.211768,30.786391
,9,114.211500,30.786263
,9,114.210902,30.785936
,9,114.210675,30.785814
,9,114.211752,30.786851
,9,114.211756,30.786814
,9,114.211784,30.786769
,9,114.211843,30.786739
,9,114.211919,30.786744
,9,114.212120,30.786801
,9,114.212628,30.786959
,9,114.212969,30.787057
,9,114.213114,30.787096
,9,114.213260,30.787096
,9,114.213377,30.787069
,9,114.213512,30.787016
,9,114.213635,30.786929
,9,114.213748,30.786844
,9,114.213847,30.786794
,10,114.216945,30.791939
,10,114.216946,30.791940
,10,114.217538,30.792515
,10,114.217533,30.792460
,10,114.217536,30.792298
,10,114.217563,30.792195
,10,114.217609,30.792119
,10,114.218236,30.791620
,10,114.218357,30.791538
,10,114.218431,30.791519
,10,114.218520,30.791512
,10,114.218648,30.791525
,10,114.218174,30.791076
,10,114.218202,30.791162
,10,114.218193,30.791222
,10,114.218163,30.791284
,10,114.218078,30.791387
,10,114.217321,30.791959
,10,114.217252,30.791975
,10,114.217165,30.791977
,10,114.217048,30.791963
,10,114.216945,30.791939
,11,114.209688,30.782334
,11,114.210097,30.782743
,11,114.210097,30.782710
,11,114.210101,30.782636
,11,114.210117,30.782551
,11,114.210154,30.782498
,11,114.210244,30.782432
,11,114.210336,30.782397
,11,114.210502,30.782358
,11,114.210623,30.782358
,11,114.210775,30.782385
,11,114.210164,30.781788
,11,114.210184,30.781898
,11,114.210187,30.781983
,11,114.210158,30.782088
,11,114.210095,30.782200
,11,114.210038,30.782277
,11,114.209968,30.782325
,11,114.209867,30.782349
,11,114.209771,30.782349
,11,114.209688,30.782334
,12,114.211988,30.784531
,12,114.212007,30.784546
,12,114.212528,30.785055
,12,114.212519,30.784994
,12,114.212522,30.784953
,12,114.212547,30.784895
,12,114.212577,30.784859
,12,114.212639,30.784819
,12,114.212700,30.784798
,12,114.213013,30.784595
,12,114.212607,30.784188
,12,114.212344,30.784383
,12,114.212301,30.784441
,12,114.212270,30.784482
,12,114.212200,30.784528
,12,114.212123,30.784547
,12,114.212053,30.784545
,12,114.211988,30.784531
,13,114.213396,30.784414
,13,114.214819,30.785814
,13,114.215105,30.785592
,13,114.213719,30.784163
,13,114.213396,30.784414
,14,114.202331,30.774037
,14,114.202998,30.774668
,14,114.203051,30.774611
,14,114.203153,30.774548
,14,114.203241,30.774499
,14,114.203334,30.774499
,14,114.203405,30.774503
,14,114.202567,30.773674
,14,114.202567,30.773868
,14,114.202552,30.773937
,14,114.202498,30.774005
,14,114.202445,30.774034
,14,114.202362,30.774039
,14,114.202331,30.774037
