"FID_","ID","NAME","X","Y"
,1,118.114158,24.534497
,1,118.114971,24.535078
,1,118.118442,24.537545
,1,118.119031,24.537976
,1,118.122827,24.540687
,1,118.126002,24.542954
,1,118.130966,24.546501
,1,118.134091,24.548734
,1,118.140424,24.553253
,1,118.141386,24.553940
,2,118.114971,24.535078
,2,118.114934,24.535047
,2,118.114900,24.535011
,2,118.114872,24.534971
,2,118.114850,24.534927
,2,118.114835,24.534881
,2,118.114820,24.534805
,2,118.114809,24.534668
,2,118.114813,24.534581
,2,118.114832,24.534522
,2,118.114911,24.534382
,2,118.114976,24.534296
,2,118.115061,24.534232
,2,118.115128,24.534196
,2,118.115540,24.534078
,2,118.116040,24.533947
,2,118.116897,24.533737
,3,118.116040,24.533947
,3,118.116102,24.533940
,3,118.116164,24.533940
,3,118.116226,24.533946
,3,118.116287,24.533959
,3,118.116346,24.533978
,3,118.116403,24.534004
,3,118.116456,24.534036
,3,118.116856,24.534301
,3,118.119581,24.536261
,3,118.120127,24.536644
,3,118.120249,24.536730
,3,118.120711,24.537066
,3,118.121615,24.537723
,3,118.122124,24.538094
,3,118.123657,24.539208
,3,118.124717,24.539964
,3,118.124944,24.540126
,3,118.125229,24.540329
,3,118.127510,24.541956
,3,118.128054,24.542344
,3,118.131114,24.544524
,3,118.131649,24.544908
,3,118.133896,24.546510
,3,118.134446,24.546902
,3,118.137027,24.548743
,3,118.137298,24.548936
,3,118.137502,24.549082
,3,118.141111,24.551656
,3,118.141189,24.551736
,3,118.141290,24.551895
,3,118.141341,24.552077
,3,118.141341,24.552229
,3,118.141236,24.552900
,3,118.141181,24.553048
,3,118.141090,24.553149
,3,118.140918,24.553258
,3,118.140776,24.553299
,3,118.140647,24.553309
,3,118.140515,24.553291
,3,118.140424,24.553253
,4,118.137075,24.549192
,4,118.137298,24.548936
,4,118.137473,24.548732
,4,118.141075,24.544514
,5,118.134091,24.548734
,5,118.134264,24.548816
,5,118.134440,24.548893
,5,118.134618,24.548965
,5,118.134798,24.549031
,5,118.134980,24.549092
,5,118.135164,24.549147
,5,118.135350,24.549197
,5,118.135536,24.549241
,5,118.136354,24.549382
,5,118.136676,24.549415
,5,118.136729,24.549412
,5,118.136781,24.549403
,5,118.136832,24.549388
,5,118.136881,24.549368
,5,118.136928,24.549342
,5,118.136971,24.549311
,5,118.137010,24.549275
,5,118.137045,24.549236
,5,118.137075,24.549192
,5,118.137096,24.549143
,5,118.137110,24.549092
,5,118.137118,24.549040
,5,118.137119,24.548987
,5,118.137114,24.548934
,5,118.137101,24.548882
,5,118.137083,24.548833
,5,118.137057,24.548786
,5,118.137027,24.548743
,6,118.137502,24.549082
,6,118.137482,24.549035
,6,118.137466,24.548986
,6,118.137456,24.548936
,6,118.137451,24.548884
,6,118.137453,24.548833
,6,118.137460,24.548782
,6,118.137473,24.548732
,7,118.137027,24.548743
,7,118.137089,24.548762
,7,118.137153,24.548774
,7,118.137218,24.548779
,7,118.137284,24.548778
,7,118.137348,24.548769
,7,118.137411,24.548754
,7,118.137473,24.548732
,8,118.133975,24.546958
,8,118.134384,24.546491
,8,118.134468,24.546395
,8,118.134955,24.545837
,9,118.130966,24.546501
,9,118.131161,24.546590
,9,118.131359,24.546673
,9,118.131559,24.546750
,9,118.131762,24.546821
,9,118.131966,24.546885
,9,118.132172,24.546943
,9,118.132380,24.546995
,9,118.132590,24.547040
,9,118.132801,24.547079
,9,118.133013,24.547112
,9,118.133530,24.547166
,9,118.133594,24.547163
,9,118.133656,24.547154
,9,118.133717,24.547137
,9,118.133776,24.547113
,9,118.133833,24.547083
,9,118.133885,24.547047
,9,118.133932,24.547005
,9,118.133975,24.546958
,9,118.133994,24.546914
,9,118.134007,24.546867
,9,118.134014,24.546818
,9,118.134015,24.546770
,9,118.134009,24.546721
,9,118.133998,24.546674
,9,118.133981,24.546629
,9,118.133958,24.546586
,9,118.133929,24.546546
,9,118.133896,24.546510
,10,118.134446,24.546902
,10,118.134415,24.546869
,10,118.134390,24.546833
,10,118.134369,24.546793
,10,118.134354,24.546751
,10,118.134344,24.546707
,10,118.134340,24.546662
,10,118.134342,24.546618
,10,118.134351,24.546573
,10,118.134365,24.546531
,10,118.134384,24.546491
,11,118.133896,24.546510
,11,118.133942,24.546535
,11,118.133990,24.546555
,11,118.134040,24.546569
,11,118.134091,24.546576
,11,118.134143,24.546577
,11,118.134195,24.546572
,11,118.134246,24.546560
,11,118.134294,24.546543
,11,118.134341,24.546519
,11,118.134384,24.546491
,12,118.131601,24.544470
,12,118.131674,24.544385
,12,118.132213,24.543756
,12,118.132359,24.543585
,12,118.132879,24.542976
,12,118.134013,24.541650
,13,118.131649,24.544908
,13,118.131620,24.544871
,13,118.131595,24.544831
,13,118.131576,24.544788
,13,118.131562,24.544743
,13,118.131554,24.544697
,13,118.131552,24.544650
,13,118.131556,24.544603
,13,118.131565,24.544557
,13,118.131581,24.544513
,13,118.131601,24.544470
,14,118.131114,24.544524
,14,118.131162,24.544545
,14,118.131211,24.544560
,14,118.131262,24.544569
,14,118.131314,24.544572
,14,118.131366,24.544570
,14,118.131417,24.544561
,14,118.131467,24.544547
,14,118.131515,24.544526
,14,118.131560,24.544501
,14,118.131601,24.544470
,15,118.127996,24.541904
,15,118.128070,24.541814
,16,118.128054,24.542344
,16,118.128021,24.542313
,16,118.127994,24.542279
,16,118.127971,24.542241
,16,118.127953,24.542200
,16,118.127942,24.542157
,16,118.127936,24.542113
,16,118.127937,24.542069
,16,118.127943,24.542025
,16,118.127955,24.541982
,16,118.127973,24.541942
,16,118.127996,24.541904
,17,118.127510,24.541956
,17,118.127563,24.541974
,17,118.127618,24.541987
,17,118.127674,24.541993
,17,118.127731,24.541993
,17,118.127787,24.541987
,17,118.127842,24.541975
,17,118.127896,24.541957
,17,118.127947,24.541933
,17,118.127996,24.541904
,18,118.124783,24.540362
,18,118.125147,24.539920
,18,118.125269,24.539772
,18,118.125760,24.539177
,19,118.126002,24.542954
,19,118.125867,24.542818
,19,118.125736,24.542677
,19,118.125609,24.542533
,19,118.125487,24.542385
,19,118.125369,24.542234
,19,118.125256,24.542079
,19,118.125148,24.541921
,19,118.125044,24.541759
,19,118.124945,24.541595
,19,118.124609,24.540826
,19,118.124602,24.540769
,19,118.124602,24.540711
,19,118.124609,24.540654
,19,118.124623,24.540598
,19,118.124643,24.540544
,19,118.124670,24.540492
,19,118.124702,24.540444
,19,118.124740,24.540401
,19,118.124783,24.540362
,19,118.124835,24.540336
,19,118.124889,24.540317
,19,118.124945,24.540303
,19,118.125002,24.540296
,19,118.125060,24.540295
,19,118.125117,24.540300
,19,118.125174,24.540312
,19,118.125229,24.540329
,20,118.124609,24.540826
,20,118.124246,24.540036
,20,118.124190,24.539922
,20,118.124128,24.539810
,20,118.124061,24.539701
,20,118.123990,24.539595
,20,118.123913,24.539493
,20,118.123833,24.539394
,20,118.123747,24.539299
,20,118.123657,24.539208
,21,118.125630,24.539730
,21,118.125906,24.539926
,21,118.125946,24.539955
,21,118.125972,24.539975
,21,118.126258,24.540195
,21,118.126292,24.540221
,21,118.126323,24.540245
,21,118.126611,24.540466
,21,118.126648,24.540494
,21,118.126674,24.540515
,21,118.126962,24.540736
,21,118.126993,24.540759
,21,118.127029,24.540785
,21,118.127316,24.540988
,21,118.127343,24.541007
,21,118.127380,24.541033
,21,118.127688,24.541248
,21,118.127722,24.541271
,21,118.127755,24.541295
,21,118.128002,24.541474
,22,118.128454,24.541788
,22,118.128662,24.541939
,22,118.128690,24.541960
,22,118.128712,24.541975
,22,118.128982,24.542172
,22,118.129027,24.542205
,22,118.129078,24.542242
,22,118.129313,24.542412
,22,118.129352,24.542441
,22,118.129383,24.542463
,22,118.129643,24.542653
,22,118.129684,24.542682
,22,118.129723,24.542710
,22,118.129975,24.542893
,22,118.130019,24.542926
,22,118.130053,24.542950
,22,118.130309,24.543137
,22,118.130339,24.543158
,22,118.130368,24.543179
,22,118.130640,24.543377
,22,118.130671,24.543400
,22,118.130700,24.543420
,22,118.130975,24.543621
,22,118.131016,24.543650
,22,118.131052,24.543676
,22,118.131297,24.543855
,22,118.131344,24.543889
,22,118.131395,24.543926
,22,118.131605,24.544078
,23,118.134742,24.546363
,23,118.135005,24.546552
,24,118.132009,24.544404
,24,118.132282,24.544600
,24,118.132322,24.544628
,24,118.132365,24.544659
,24,118.132626,24.544847
,24,118.132667,24.544876
,24,118.132713,24.544909
,24,118.132976,24.545097
,24,118.133018,24.545128
,24,118.133068,24.545164
,24,118.133327,24.545349
,24,118.133367,24.545378
,24,118.133406,24.545406
,24,118.133680,24.545602
,24,118.133721,24.545631
,24,118.133763,24.545661
,24,118.134023,24.545848
,24,118.134066,24.545878
,24,118.134106,24.545908
,24,118.134444,24.546150
,25,118.125207,24.539472
,25,118.124920,24.539266
,25,118.124888,24.539243
,25,118.124859,24.539222
,25,118.124587,24.539028
,25,118.124540,24.538994
,25,118.124512,24.538974
,25,118.124250,24.538787
,25,118.124197,24.538749
,25,118.124155,24.538719
,25,118.123896,24.538533
,25,118.123854,24.538503
,25,118.123817,24.538477
,25,118.123533,24.538274
,25,118.123511,24.538258
,25,118.123472,24.538230
,25,118.123191,24.538029
,25,118.123172,24.538015
,25,118.123123,24.537980
,25,118.122849,24.537784
,25,118.122818,24.537762
,25,118.122782,24.537736
,25,118.122457,24.537503
,26,118.120090,24.535709
,26,118.119693,24.535424
,26,118.118875,24.534837
,26,118.118072,24.534261
,26,118.117308,24.533712
,27,118.121679,24.538123
,27,118.122044,24.537675
,27,118.122140,24.537558
,27,118.122627,24.536960
,28,118.120711,24.537066
,28,118.120790,24.537159
,28,118.120864,24.537257
,28,118.120934,24.537357
,28,118.120999,24.537461
,28,118.121059,24.537567
,28,118.121115,24.537677
,28,118.121165,24.537788
,28,118.121210,24.537902
,28,118.121506,24.538628
,28,118.121843,24.539337
,28,118.121949,24.539518
,28,118.122060,24.539696
,28,118.122175,24.539870
,28,118.122296,24.540041
,28,118.122422,24.540208
,28,118.122552,24.540372
,28,118.122687,24.540531
,28,118.122827,24.540687
,29,118.121506,24.538628
,29,118.121497,24.538573
,29,118.121494,24.538517
,29,118.121498,24.538461
,29,118.121507,24.538405
,29,118.121522,24.538351
,29,118.121543,24.538299
,29,118.121570,24.538250
,29,118.121601,24.538204
,29,118.121638,24.538161
,29,118.121679,24.538123
,29,118.121730,24.538098
,29,118.121785,24.538079
,29,118.121841,24.538065
,29,118.121898,24.538058
,29,118.121956,24.538058
,29,118.122013,24.538064
,29,118.122069,24.538075
,29,118.122124,24.538094
,30,118.122044,24.537675
,30,118.121986,24.537699
,30,118.121927,24.537719
,30,118.121865,24.537732
,30,118.121802,24.537739
,30,118.121739,24.537740
,30,118.121677,24.537734
,30,118.121615,24.537723
,31,118.122124,24.538094
,31,118.122092,24.538055
,31,118.122065,24.538013
,31,118.122044,24.537968
,31,118.122028,24.537920
,31,118.122019,24.537871
,31,118.122016,24.537821
,31,118.122019,24.537771
,31,118.122029,24.537722
,31,118.122044,24.537675
,32,118.122140,24.537558
,32,118.122188,24.537533
,32,118.122240,24.537514
,32,118.122293,24.537502
,32,118.122348,24.537496
,32,118.122402,24.537496
,32,118.122457,24.537503
,33,118.119031,24.537976
,33,118.119000,24.537930
,33,118.118975,24.537880
,33,118.118956,24.537828
,33,118.118943,24.537774
,33,118.118936,24.537719
,33,118.118936,24.537663
,33,118.118942,24.537608
,33,118.118954,24.537554
,33,118.118973,24.537501
,34,118.118442,24.537545
,34,118.118508,24.537564
,34,118.118575,24.537577
,34,118.118644,24.537582
,34,118.118712,24.537580
,34,118.118780,24.537570
,34,118.118847,24.537554
,34,118.118911,24.537531
,34,118.118973,24.537501
,35,118.119570,24.536804
,35,118.119624,24.536769
,35,118.119682,24.536739
,35,118.119742,24.536714
,35,118.119804,24.536696
,35,118.119868,24.536683
,35,118.119932,24.536676
,35,118.119997,24.536675
,35,118.120062,24.536680
,35,118.120126,24.536691
,35,118.120189,24.536708
,35,118.120249,24.536730
,36,118.119666,24.536688
,36,118.119683,24.536639
,36,118.119693,24.536589
,36,118.119696,24.536538
,36,118.119693,24.536487
,36,118.119683,24.536436
,36,118.119666,24.536388
,36,118.119644,24.536342
,36,118.119615,24.536299
,36,118.119581,24.536261
,37,118.119581,24.536261
,37,118.119634,24.536282
,37,118.119689,24.536298
,37,118.119745,24.536306
,37,118.119802,24.536308
,37,118.119859,24.536302
,37,118.119915,24.536290
,37,118.119968,24.536271
,37,118.120019,24.536246
,37,118.120067,24.536215
,38,118.120127,24.536644
,38,118.120095,24.536604
,38,118.120068,24.536560
,38,118.120048,24.536513
,38,118.120035,24.536464
,38,118.120027,24.536413
,38,118.120027,24.536362
,38,118.120034,24.536311
,38,118.120047,24.536262
,38,118.120067,24.536215
,39,118.120126,24.536143
,39,118.120152,24.536103
,39,118.120171,24.536059
,39,118.120184,24.536014
,39,118.120190,24.535967
,39,118.120190,24.535919
,39,118.120182,24.535872
,39,118.120168,24.535827
,39,118.120148,24.535784
,39,118.120122,24.535744
,39,118.120090,24.535709
,40,118.118973,24.537501
,40,118.119570,24.536804
,40,118.119666,24.536688
,40,118.120067,24.536215
,40,118.120126,24.536143
,40,118.120513,24.535687
,40,118.120756,24.535401
,41,118.120513,24.535687
,41,118.120482,24.535701
,41,118.120436,24.535723
,41,118.120388,24.535740
,41,118.120338,24.535750
,41,118.120287,24.535754
,41,118.120236,24.535752
,41,118.120186,24.535743
,41,118.120137,24.535729
,41,118.120090,24.535709
,42,118.116856,24.534301
,42,118.116821,24.534270
,42,118.116790,24.534233
,42,118.116765,24.534193
,42,118.116746,24.534149
,42,118.116733,24.534103
,42,118.116726,24.534056
,42,118.116726,24.534008
,42,118.116733,24.533961
,42,118.116747,24.533915
,42,118.116766,24.533872
,42,118.116792,24.533832
,42,118.116823,24.533795
,42,118.116858,24.533764
,42,118.116897,24.533737
,42,118.116954,24.533717
,42,118.117012,24.533702
,42,118.117071,24.533693
,42,118.117131,24.533689
,42,118.117191,24.533691
,42,118.117250,24.533699
,42,118.117308,24.533712
,43,118.125229,24.540329
,43,118.125195,24.540286
,43,118.125168,24.540239
,43,118.125148,24.540188
,43,118.125134,24.540135
,43,118.125126,24.540081
,43,118.125126,24.540027
,43,118.125133,24.539972
,43,118.125147,24.539920
,44,118.125147,24.539920
,44,118.125078,24.539944
,44,118.125008,24.539962
,44,118.124936,24.539973
,44,118.124862,24.539977
,44,118.124789,24.539974
,44,118.124717,24.539964
,45,118.125269,24.539772
,45,118.125317,24.539750
,45,118.125367,24.539732
,45,118.125419,24.539720
,45,118.125472,24.539714
,45,118.125525,24.539714
,45,118.125578,24.539719
,45,118.125630,24.539730
,46,118.125269,24.539772
,46,118.125277,24.539728
,46,118.125279,24.539683
,46,118.125276,24.539637
,46,118.125266,24.539593
,46,118.125252,24.539550
,46,118.125232,24.539509
,46,118.125207,24.539472
,47,118.128070,24.541814
,47,118.128474,24.541341
,48,118.128070,24.541814
,48,118.128114,24.541788
,48,118.128160,24.541768
,48,118.128209,24.541755
,48,118.128258,24.541748
,48,118.128309,24.541748
,48,118.128359,24.541755
,48,118.128407,24.541768
,48,118.128454,24.541788
,49,118.128070,24.541814
,49,118.128082,24.541770
,49,118.128088,24.541725
,49,118.128088,24.541680
,49,118.128083,24.541635
,49,118.128071,24.541591
,49,118.128053,24.541549
,49,118.128030,24.541510
,49,118.128002,24.541474
,50,118.131674,24.544385
,50,118.131714,24.544368
,50,118.131757,24.544355
,50,118.131800,24.544349
,50,118.131844,24.544349
,50,118.131888,24.544354
,50,118.131930,24.544365
,50,118.131971,24.544382
,50,118.132009,24.544404
,51,118.131674,24.544385
,51,118.131683,24.544339
,51,118.131686,24.544293
,51,118.131682,24.544246
,51,118.131671,24.544201
,51,118.131655,24.544157
,51,118.131633,24.544116
,51,118.131605,24.544078
,52,118.134468,24.546395
,52,118.134503,24.546374
,52,118.134540,24.546357
,52,118.134580,24.546347
,52,118.134621,24.546342
,52,118.134662,24.546343
,52,118.134703,24.546350
,52,118.134742,24.546363
,53,118.134468,24.546395
,53,118.134481,24.546361
,53,118.134490,24.546325
,53,118.134492,24.546288
,53,118.134489,24.546251
,53,118.134479,24.546215
,53,118.134464,24.546181
,53,118.134444,24.546150
,54,118.118072,24.534261
,54,118.118034,24.534216
,54,118.118002,24.534167
,54,118.117975,24.534115
,54,118.117955,24.534060
,54,118.117941,24.534004
,54,118.117854,24.532952
,55,118.118875,24.534837
,55,118.118839,24.534790
,55,118.118807,24.534739
,55,118.118781,24.534685
,55,118.118760,24.534629
,55,118.118746,24.534571
,55,118.118683,24.533568
,56,118.119693,24.535424
,56,118.119659,24.535398
,56,118.119630,24.535367
,56,118.119606,24.535332
,56,118.119588,24.535293
,56,118.119577,24.535252
,56,118.119573,24.535209
,56,118.119576,24.535167
,56,118.119547,24.534150
,57,118.120513,24.535687
,57,118.120524,24.534856
,58,118.121015,24.535401
,58,118.121135,24.535487
,58,118.121406,24.535683
,58,118.121489,24.535742
,58,118.121788,24.535959
,58,118.121855,24.536007
,58,118.122151,24.536220
,58,118.122193,24.536251
,58,118.122439,24.536428
,59,118.122439,24.536428
,59,118.122780,24.536695
,59,118.122915,24.536797
,59,118.123034,24.536886
,59,118.123192,24.537006
,59,118.123245,24.537045
,59,118.123511,24.537244
,59,118.123661,24.537358
,59,118.123865,24.537513
,59,118.124086,24.537667
,59,118.124195,24.537743
,59,118.124244,24.537777
,59,118.124548,24.537990
,59,118.124869,24.538214
,59,118.124959,24.538276
,59,118.125014,24.538315
,59,118.125276,24.538498
,59,118.125576,24.538707
,59,118.125742,24.538827
,59,118.126133,24.539107
,59,118.126323,24.539244
,59,118.126569,24.539421
,59,118.126686,24.539505
,59,118.126953,24.539698
,59,118.127050,24.539768
,59,118.127357,24.539989
,59,118.127479,24.540076
,59,118.127744,24.540267
,59,118.127869,24.540357
,59,118.127967,24.540427
,59,118.128079,24.540508
,59,118.128357,24.540708
,59,118.128601,24.540884
,59,118.129031,24.541193
,59,118.129247,24.541362
,59,118.129404,24.541486
,59,118.129690,24.541686
,59,118.130068,24.541951
,59,118.130407,24.542188
,59,118.130539,24.542281
,59,118.130712,24.542402
,59,118.130897,24.542535
,59,118.131041,24.542639
,59,118.131126,24.542700
,59,118.131215,24.542764
,59,118.131337,24.542851
,59,118.131403,24.542899
,59,118.131492,24.542963
,59,118.131674,24.543094
,59,118.131765,24.543160
,59,118.131898,24.543256
,59,118.132008,24.543334
,59,118.132200,24.543471
,59,118.132359,24.543585
,59,118.132506,24.543691
,59,118.132737,24.543859
,59,118.133075,24.544102
,59,118.133111,24.544128
,59,118.133303,24.544266
,59,118.133414,24.544346
,59,118.133763,24.544597
,59,118.133860,24.544667
,59,118.134109,24.544846
,59,118.134256,24.544952
,59,118.134433,24.545079
,59,118.134806,24.545348
,59,118.134876,24.545398
,59,118.134999,24.545487
,59,118.135401,24.545775
,59,118.135492,24.545841
,60,118.127343,24.541007
,60,118.127521,24.540814
,60,118.127776,24.540539
,61,118.126993,24.540759
,61,118.127170,24.540550
,61,118.127413,24.540265
,62,118.126648,24.540494
,62,118.126819,24.540285
,62,118.127038,24.540019
,63,118.126292,24.540221
,63,118.126472,24.540002
,63,118.126674,24.539755
,64,118.125946,24.539955
,64,118.126101,24.539759
,64,118.126326,24.539475
,65,118.124888,24.539243
,65,118.125077,24.539025
,65,118.125324,24.538741
,66,118.124540,24.538994
,66,118.124718,24.538791
,66,118.124952,24.538524
,67,118.124197,24.538749
,67,118.124366,24.538556
,67,118.124618,24.538268
,68,118.123854,24.538503
,68,118.124018,24.538311
,68,118.124245,24.538047
,69,118.123511,24.538258
,69,118.123685,24.538045
,69,118.123915,24.537764
,70,118.123172,24.538015
,70,118.123353,24.537789
,70,118.123558,24.537531
,71,118.122818,24.537762
,71,118.122997,24.537533
,71,118.123207,24.537262
,72,118.123288,24.535779
,72,118.122843,24.536307
,73,118.123254,24.536585
,73,118.123706,24.536080
,74,118.123696,24.536909
,74,118.124122,24.536420
,75,118.124075,24.537280
,75,118.124556,24.536731
,76,118.124543,24.537566
,76,118.124977,24.537066
,77,118.124983,24.537861
,77,118.125399,24.537396
,78,118.125472,24.538253
,78,118.125919,24.537749
,79,118.126081,24.538677
,79,118.126494,24.538170
,80,118.126565,24.539051
,80,118.126949,24.538604
,81,118.127023,24.539321
,81,118.127433,24.538855
,82,118.127431,24.539721
,82,118.127857,24.539200
,83,118.127867,24.540016
,83,118.128315,24.539480
,84,118.128286,24.540341
,84,118.128731,24.539802
,85,118.129230,24.541123
,85,118.129709,24.540553
,86,118.129638,24.541350
,86,118.130041,24.540877
,87,118.130010,24.541633
,87,118.130473,24.541099
,88,118.130410,24.541892
,88,118.130881,24.541337
,89,118.130902,24.542200
,89,118.131341,24.541690
,90,118.131205,24.542428
,90,118.131660,24.541892
,91,118.131467,24.542598
,91,118.131872,24.542106
,92,118.131864,24.542873
,92,118.132322,24.542349
,93,118.132670,24.542781
,93,118.132304,24.543213
,94,118.133114,24.543809
,94,118.133515,24.543351
,95,118.132704,24.543552
,95,118.133105,24.543067
,96,118.133698,24.544179
,96,118.134155,24.543649
,97,118.134249,24.544594
,97,118.134699,24.544043
,98,118.134828,24.544971
,98,118.135285,24.544437
,99,118.135425,24.545438
,99,118.135920,24.544863
,100,118.135860,24.545808
,100,118.136345,24.545247
,101,118.135181,24.546550
,101,118.135561,24.546102
,102,118.134066,24.545878
,102,118.134497,24.545380
,103,118.133721,24.545631
,103,118.134141,24.545140
,104,118.133367,24.545378
,104,118.133789,24.544885
,105,118.133018,24.545128
,105,118.133430,24.544655
,106,118.132667,24.544876
,106,118.133091,24.544397
,107,118.132322,24.544628
,107,118.132483,24.544443
,107,118.132753,24.544132
,108,118.131344,24.543889
,108,118.131521,24.543674
,108,118.131759,24.543385
,109,118.131016,24.543650
,109,118.131195,24.543426
,109,118.131417,24.543148
,110,118.130671,24.543400
,110,118.130872,24.543162
,110,118.131079,24.542918
,111,118.130339,24.543158
,111,118.130550,24.542911
,111,118.130745,24.542684
,112,118.130019,24.542926
,112,118.130188,24.542720
,112,118.130413,24.542447
,113,118.129684,24.542682
,113,118.129827,24.542511
,113,118.130075,24.542217
,114,118.129352,24.542441
,114,118.129487,24.542263
,114,118.129705,24.541973
,115,118.129166,24.542035
,115,118.129419,24.541725
,116,118.128848,24.541773
,116,118.129081,24.541499
,117,118.127722,24.541271
,117,118.127896,24.541066
,117,118.128122,24.540798
,118,118.135561,24.546102
,118,118.135571,24.546063
,118,118.135575,24.546022
,118,118.135572,24.545981
,118,118.135561,24.545941
,118,118.135544,24.545904
,118,118.135521,24.545870
,118,118.135492,24.545841
,119,118.135492,24.545841
,119,118.135544,24.545856
,119,118.135598,24.545865
,119,118.135652,24.545867
,119,118.135707,24.545862
,119,118.135760,24.545851
,119,118.135812,24.545832
,119,118.135860,24.545808
,120,118.135401,24.545775
,120,118.135382,24.545735
,120,118.135369,24.545692
,120,118.135362,24.545648
,120,118.135362,24.545603
,120,118.135369,24.545559
,120,118.135381,24.545516
,120,118.135400,24.545476
,120,118.135425,24.545438
,121,118.134955,24.545837
,121,118.134991,24.545804
,121,118.135031,24.545777
,121,118.135074,24.545754
,121,118.135120,24.545738
,121,118.135167,24.545729
,121,118.135216,24.545725
,121,118.135264,24.545728
,121,118.135312,24.545738
,121,118.135358,24.545754
,121,118.135401,24.545775
,122,118.134955,24.545837
,122,118.134975,24.545793
,122,118.134989,24.545747
,122,118.134996,24.545700
,122,118.134998,24.545652
,122,118.134992,24.545604
,122,118.134981,24.545557
,122,118.134963,24.545513
,122,118.134939,24.545471
,122,118.134910,24.545432
,122,118.134876,24.545398
,123,118.134999,24.545487
,123,118.135053,24.545501
,123,118.135107,24.545510
,123,118.135162,24.545512
,123,118.135217,24.545509
,123,118.135272,24.545500
,123,118.135325,24.545485
,123,118.135376,24.545464
,123,118.135425,24.545438
,124,118.134828,24.544971
,124,118.134804,24.545011
,124,118.134787,24.545055
,124,118.134775,24.545100
,124,118.134770,24.545147
,124,118.134773,24.545194
,124,118.134781,24.545240
,124,118.134796,24.545284
,124,118.134817,24.545326
,124,118.134844,24.545364
,124,118.134876,24.545398
,125,118.134497,24.545380
,125,118.134530,24.545355
,125,118.134566,24.545335
,125,118.134606,24.545321
,125,118.134646,24.545314
,125,118.134688,24.545313
,125,118.134729,24.545318
,125,118.134769,24.545330
,125,118.134806,24.545348
,126,118.134497,24.545380
,126,118.134512,24.545346
,126,118.134521,24.545310
,126,118.134525,24.545273
,126,118.134523,24.545236
,126,118.134516,24.545200
,126,118.134502,24.545165
,126,118.134484,24.545133
,126,118.134460,24.545104
,126,118.134433,24.545079
,127,118.134433,24.545079
,127,118.134493,24.545084
,127,118.134553,24.545083
,127,118.134613,24.545074
,127,118.134671,24.545058
,127,118.134726,24.545035
,127,118.134779,24.545006
,127,118.134828,24.544971
,128,118.134141,24.545140
,128,118.134171,24.545114
,128,118.134204,24.545093
,128,118.134240,24.545078
,128,118.134278,24.545067
,128,118.134318,24.545062
,128,118.134357,24.545062
,128,118.134396,24.545068
,128,118.134433,24.545079
,129,118.134141,24.545140
,129,118.134159,24.545104
,129,118.134171,24.545066
,129,118.134176,24.545027
,129,118.134175,24.544987
,129,118.134168,24.544948
,129,118.134154,24.544911
,129,118.134134,24.544877
,129,118.134109,24.544846
,130,118.134256,24.544952
,130,118.134234,24.544903
,130,118.134219,24.544852
,130,118.134211,24.544800
,130,118.134210,24.544747
,130,118.134216,24.544695
,130,118.134229,24.544643
,130,118.134249,24.544594
,131,118.133860,24.544667
,131,118.133918,24.544676
,131,118.133976,24.544679
,131,118.134033,24.544674
,131,118.134090,24.544664
,131,118.134146,24.544647
,131,118.134199,24.544624
,131,118.134249,24.544594
,132,118.133789,24.544885
,132,118.133824,24.544862
,132,118.133862,24.544843
,132,118.133902,24.544830
,132,118.133943,24.544822
,132,118.133986,24.544820
,132,118.134028,24.544823
,132,118.134069,24.544832
,132,118.134109,24.544846
,133,118.133789,24.544885
,133,118.133805,24.544845
,133,118.133814,24.544802
,133,118.133816,24.544759
,133,118.133812,24.544716
,133,118.133802,24.544674
,133,118.133786,24.544634
,133,118.133763,24.544597
,134,118.133430,24.544655
,134,118.133465,24.544627
,134,118.133504,24.544605
,134,118.133545,24.544589
,134,118.133588,24.544578
,134,118.133632,24.544573
,134,118.133677,24.544575
,134,118.133721,24.544583
,134,118.133763,24.544597
,135,118.133763,24.544597
,135,118.133731,24.544570
,135,118.133702,24.544538
,135,118.133679,24.544502
,135,118.133660,24.544464
,135,118.133648,24.544423
,135,118.133641,24.544381
,135,118.133641,24.544338
,135,118.133646,24.544296
,135,118.133658,24.544255
,135,118.133675,24.544216
,135,118.133698,24.544179
,136,118.133430,24.544655
,136,118.133449,24.544618
,136,118.133463,24.544579
,136,118.133470,24.544539
,136,118.133471,24.544498
,136,118.133466,24.544457
,136,118.133454,24.544417
,136,118.133437,24.544380
,136,118.133414,24.544346
,137,118.133091,24.544397
,137,118.133126,24.544372
,137,118.133164,24.544353
,137,118.133204,24.544338
,137,118.133246,24.544328
,137,118.133288,24.544325
,137,118.133331,24.544326
,137,118.133373,24.544333
,137,118.133414,24.544346
,138,118.133303,24.544266
,138,118.133354,24.544278
,138,118.133407,24.544283
,138,118.133459,24.544282
,138,118.133511,24.544274
,138,118.133562,24.544259
,138,118.133611,24.544238
,138,118.133657,24.544212
,138,118.133698,24.544179
,139,118.133091,24.544397
,139,118.133109,24.544356
,139,118.133121,24.544313
,139,118.133125,24.544269
,139,118.133123,24.544225
,139,118.133113,24.544182
,139,118.133097,24.544140
,139,118.133075,24.544102
,140,118.132753,24.544132
,140,118.132789,24.544109
,140,118.132827,24.544092
,140,118.132868,24.544079
,140,118.132910,24.544073
,140,118.132952,24.544071
,140,118.132995,24.544076
,140,118.133036,24.544086
,140,118.133075,24.544102
,141,118.133111,24.544128
,141,118.133094,24.544084
,141,118.133082,24.544039
,141,118.133077,24.543992
,141,118.133077,24.543945
,141,118.133084,24.543898
,141,118.133096,24.543852
,141,118.133114,24.543809
,142,118.132737,24.543859
,142,118.132784,24.543873
,142,118.132833,24.543882
,142,118.132883,24.543885
,142,118.132932,24.543881
,142,118.132980,24.543872
,142,118.133028,24.543856
,142,118.133073,24.543835
,142,118.133114,24.543809
,143,118.132753,24.544132
,143,118.132768,24.544087
,143,118.132776,24.544041
,143,118.132777,24.543994
,143,118.132770,24.543947
,143,118.132757,24.543902
,143,118.132737,24.543859
,144,118.132365,24.544659
,144,118.132390,24.544649
,144,118.132413,24.544636
,144,118.132435,24.544619
,144,118.132453,24.544599
,144,118.132468,24.544576
,144,118.132479,24.544551
,144,118.132487,24.544524
,144,118.132489,24.544497
,144,118.132488,24.544470
,144,118.132483,24.544443
,145,118.132483,24.544443
,145,118.132451,24.544443
,145,118.132421,24.544448
,145,118.132391,24.544457
,145,118.132363,24.544472
,145,118.132339,24.544491
,145,118.132318,24.544514
,145,118.132301,24.544541
,145,118.132289,24.544569
,145,118.132282,24.544600
,146,118.128712,24.541975
,146,118.128736,24.541974
,146,118.128759,24.541968
,146,118.128781,24.541958
,146,118.128801,24.541945
,146,118.128819,24.541929
,146,118.128834,24.541911
,146,118.128846,24.541890
,146,118.128854,24.541867
,146,118.128858,24.541843
,146,118.128859,24.541819
,146,118.128856,24.541796
,146,118.128848,24.541773
,147,118.128662,24.541939
,147,118.128660,24.541915
,147,118.128663,24.541890
,147,118.128670,24.541867
,147,118.128681,24.541845
,147,118.128695,24.541825
,147,118.128712,24.541807
,147,118.128731,24.541792
,147,118.128753,24.541781
,147,118.128776,24.541773
,147,118.128800,24.541769
,147,118.128824,24.541769
,147,118.128848,24.541773
,148,118.130745,24.542684
,148,118.130782,24.542660
,148,118.130822,24.542641
,148,118.130865,24.542628
,148,118.130909,24.542621
,148,118.130954,24.542621
,148,118.130998,24.542627
,148,118.131041,24.542639
,149,118.130745,24.542684
,149,118.130759,24.542650
,149,118.130769,24.542614
,149,118.130773,24.542576
,149,118.130772,24.542539
,149,118.130764,24.542502
,149,118.130752,24.542466
,149,118.130735,24.542433
,149,118.130712,24.542402
,150,118.130413,24.542447
,150,118.130451,24.542423
,150,118.130492,24.542405
,150,118.130535,24.542392
,150,118.130580,24.542386
,150,118.130625,24.542385
,150,118.130669,24.542391
,150,118.130712,24.542402
,151,118.131417,24.543148
,151,118.131443,24.543124
,151,118.131472,24.543105
,151,118.131503,24.543090
,151,118.131537,24.543080
,151,118.131571,24.543076
,151,118.131606,24.543076
,151,118.131641,24.543083
,151,118.131674,24.543094
,152,118.131417,24.543148
,152,118.131434,24.543114
,152,118.131444,24.543078
,152,118.131448,24.543041
,152,118.131446,24.543003
,152,118.131438,24.542966
,152,118.131423,24.542931
,152,118.131403,24.542899
,153,118.131079,24.542918
,153,118.131116,24.542891
,153,118.131157,24.542870
,153,118.131200,24.542855
,153,118.131245,24.542847
,153,118.131291,24.542846
,153,118.131337,24.542851
,154,118.131079,24.542918
,154,118.131094,24.542884
,154,118.131104,24.542847
,154,118.131107,24.542810
,154,118.131105,24.542772
,154,118.131097,24.542736
,154,118.131084,24.542701
,154,118.131065,24.542668
,154,118.131041,24.542639
,155,118.135005,24.546552
,155,118.135049,24.546559
,155,118.135093,24.546561
,155,118.135138,24.546559
,155,118.135181,24.546550
,156,118.125324,24.538741
,156,118.125372,24.538724
,156,118.125422,24.538712
,156,118.125473,24.538705
,156,118.125525,24.538703
,156,118.125576,24.538707
,157,118.125324,24.538741
,157,118.125335,24.538705
,157,118.125340,24.538668
,157,118.125339,24.538631
,157,118.125332,24.538594
,157,118.125318,24.538559
,157,118.125300,24.538527
,157,118.125276,24.538498
,158,118.124952,24.538524
,158,118.124982,24.538499
,158,118.125016,24.538479
,158,118.125052,24.538465
,158,118.125090,24.538456
,158,118.125129,24.538453
,158,118.125168,24.538456
,158,118.125206,24.538464
,158,118.125242,24.538478
,158,118.125276,24.538498
,159,118.124952,24.538524
,159,118.124969,24.538485
,159,118.124979,24.538443
,159,118.124983,24.538401
,159,118.124981,24.538358
,159,118.124973,24.538316
,159,118.124959,24.538276
,160,118.124618,24.538268
,160,118.124655,24.538244
,160,118.124695,24.538226
,160,118.124738,24.538213
,160,118.124781,24.538207
,160,118.124825,24.538207
,160,118.124869,24.538214
,161,118.125014,24.538315
,161,118.124987,24.538270
,161,118.124965,24.538221
,161,118.124950,24.538171
,161,118.124940,24.538119
,161,118.124936,24.538066
,161,118.124938,24.538013
,161,118.124947,24.537961
,161,118.124962,24.537910
,161,118.124983,24.537861
,162,118.124548,24.537990
,162,118.124614,24.537990
,162,118.124680,24.537984
,162,118.124745,24.537972
,162,118.124808,24.537953
,162,118.124869,24.537928
,162,118.124928,24.537898
,162,118.124983,24.537861
,163,118.124548,24.537990
,163,118.124527,24.537939
,163,118.124511,24.537887
,163,118.124501,24.537833
,163,118.124497,24.537778
,163,118.124500,24.537723
,163,118.124509,24.537669
,163,118.124523,24.537616
,163,118.124543,24.537566
,164,118.124245,24.538047
,164,118.124283,24.538021
,164,118.124324,24.538001
,164,118.124367,24.537987
,164,118.124412,24.537978
,164,118.124458,24.537976
,164,118.124504,24.537980
,164,118.124548,24.537990
,165,118.124618,24.538268
,165,118.124630,24.538231
,165,118.124636,24.538193
,165,118.124636,24.538155
,165,118.124630,24.538117
,165,118.124617,24.538081
,165,118.124599,24.538047
,165,118.124576,24.538016
,165,118.124548,24.537990
,166,118.125014,24.538315
,166,118.125081,24.538326
,166,118.125148,24.538331
,166,118.125215,24.538329
,166,118.125282,24.538320
,166,118.125347,24.538304
,166,118.125411,24.538282
,166,118.125472,24.538253
,167,118.125576,24.538707
,167,118.125541,24.538665
,167,118.125512,24.538620
,167,118.125487,24.538572
,167,118.125469,24.538521
,167,118.125457,24.538468
,167,118.125451,24.538414
,167,118.125452,24.538360
,167,118.125459,24.538306
,167,118.125472,24.538253
,168,118.125576,24.538707
,168,118.125638,24.538724
,168,118.125702,24.538734
,168,118.125766,24.538739
,168,118.125831,24.538739
,168,118.125896,24.538732
,168,118.125959,24.538719
,168,118.126021,24.538701
,168,118.126081,24.538677
,169,118.125760,24.539177
,169,118.125784,24.539142
,169,118.125802,24.539103
,169,118.125813,24.539062
,169,118.125818,24.539020
,169,118.125816,24.538977
,169,118.125807,24.538936
,169,118.125791,24.538896
,169,118.125769,24.538859
,169,118.125742,24.538827
,170,118.125760,24.539177
,170,118.125800,24.539147
,170,118.125843,24.539124
,170,118.125889,24.539105
,170,118.125937,24.539093
,170,118.125986,24.539087
,170,118.126036,24.539088
,170,118.126085,24.539094
,170,118.126133,24.539107
,171,118.124086,24.537667
,171,118.124145,24.537677
,171,118.124206,24.537681
,171,118.124266,24.537678
,171,118.124326,24.537668
,171,118.124384,24.537652
,171,118.124441,24.537629
,171,118.124493,24.537600
,171,118.124543,24.537566
,172,118.124245,24.538047
,172,118.124262,24.538003
,172,118.124272,24.537958
,172,118.124275,24.537912
,172,118.124271,24.537866
,172,118.124261,24.537820
,172,118.124244,24.537777
,173,118.124086,24.537667
,173,118.124064,24.537614
,173,118.124050,24.537559
,173,118.124041,24.537503
,173,118.124040,24.537446
,173,118.124045,24.537390
,173,118.124056,24.537334
,173,118.124075,24.537280
,174,118.123661,24.537358
,174,118.123732,24.537361
,174,118.123803,24.537358
,174,118.123873,24.537348
,174,118.123942,24.537331
,174,118.124010,24.537309
,174,118.124075,24.537280
,175,118.123915,24.537764
,175,118.123960,24.537746
,175,118.124006,24.537734
,175,118.124053,24.537727
,175,118.124101,24.537727
,175,118.124149,24.537732
,175,118.124195,24.537743
,176,118.123915,24.537764
,176,118.123924,24.537727
,176,118.123927,24.537689
,176,118.123925,24.537651
,176,118.123917,24.537613
,176,118.123905,24.537577
,176,118.123887,24.537543
,176,118.123865,24.537513
,177,118.123558,24.537531
,177,118.123599,24.537511
,177,118.123642,24.537497
,177,118.123687,24.537488
,177,118.123732,24.537485
,177,118.123777,24.537488
,177,118.123822,24.537498
,177,118.123865,24.537513
,178,118.123558,24.537531
,178,118.123572,24.537495
,178,118.123581,24.537457
,178,118.123583,24.537418
,178,118.123580,24.537380
,178,118.123571,24.537343
,178,118.123556,24.537307
,178,118.123536,24.537274
,178,118.123511,24.537244
,179,118.123207,24.537262
,179,118.123241,24.537240
,179,118.123278,24.537224
,179,118.123316,24.537213
,179,118.123356,24.537208
,179,118.123397,24.537209
,179,118.123436,24.537215
,179,118.123474,24.537227
,179,118.123511,24.537244
,180,118.123661,24.537358
,180,118.123637,24.537311
,180,118.123620,24.537260
,180,118.123610,24.537208
,180,118.123607,24.537155
,180,118.123611,24.537102
,180,118.123623,24.537050
,180,118.123641,24.537000
,180,118.123665,24.536953
,180,118.123696,24.536909
,181,118.123207,24.537262
,181,118.123224,24.537227
,181,118.123236,24.537190
,181,118.123240,24.537151
,181,118.123238,24.537112
,181,118.123229,24.537074
,181,118.123214,24.537038
,181,118.123192,24.537006
,182,118.123245,24.537045
,182,118.123306,24.537052
,182,118.123367,24.537052
,182,118.123427,24.537045
,182,118.123487,24.537030
,182,118.123544,24.537009
,182,118.123598,24.536982
,182,118.123649,24.536948
,182,118.123696,24.536909
,183,118.123245,24.537045
,183,118.123224,24.536996
,183,118.123208,24.536946
,183,118.123197,24.536893
,183,118.123193,24.536840
,183,118.123194,24.536787
,183,118.123200,24.536734
,183,118.123213,24.536683
,183,118.123231,24.536633
,183,118.123254,24.536585
,184,118.122439,24.536428
,184,118.122487,24.536438
,184,118.122537,24.536442
,184,118.122586,24.536440
,184,118.122634,24.536432
,184,118.122682,24.536418
,184,118.122727,24.536398
,184,118.122769,24.536373
,184,118.122808,24.536342
,184,118.122843,24.536307
,185,118.122627,24.536960
,185,118.122671,24.536928
,185,118.122718,24.536902
,185,118.122769,24.536883
,185,118.122821,24.536870
,185,118.122875,24.536864
,185,118.122929,24.536864
,185,118.122982,24.536872
,185,118.123034,24.536886
,186,118.121154,24.535737
,186,118.121169,24.535702
,186,118.121178,24.535665
,186,118.121180,24.535628
,186,118.121178,24.535591
,186,118.121169,24.535554
,186,118.121154,24.535519
,186,118.121135,24.535487
,187,118.121154,24.535737
,187,118.121191,24.535712
,187,118.121231,24.535693
,187,118.121274,24.535680
,187,118.121318,24.535675
,187,118.121362,24.535675
,187,118.121406,24.535683
,188,118.121507,24.535992
,188,118.121523,24.535958
,188,118.121534,24.535921
,188,118.121537,24.535883
,188,118.121534,24.535845
,188,118.121525,24.535809
,188,118.121510,24.535774
,188,118.121489,24.535742
,189,118.121507,24.535992
,189,118.121543,24.535970
,189,118.121582,24.535954
,189,118.121623,24.535943
,189,118.121665,24.535938
,189,118.121707,24.535939
,189,118.121748,24.535946
,189,118.121788,24.535959
,190,118.121831,24.536292
,190,118.121854,24.536256
,190,118.121871,24.536216
,190,118.121881,24.536174
,190,118.121885,24.536132
,190,118.121882,24.536089
,190,118.121872,24.536047
,190,118.121855,24.536007
,191,118.121831,24.536292
,191,118.121863,24.536263
,191,118.121899,24.536239
,191,118.121938,24.536220
,191,118.121980,24.536207
,191,118.122023,24.536201
,191,118.122066,24.536201
,191,118.122110,24.536207
,191,118.122151,24.536220
,192,118.122223,24.536516
,192,118.122237,24.536478
,192,118.122244,24.536439
,192,118.122245,24.536399
,192,118.122241,24.536359
,192,118.122231,24.536321
,192,118.122214,24.536284
,192,118.122193,24.536251
,193,118.126133,24.539107
,193,118.126104,24.539066
,193,118.126081,24.539021
,193,118.126064,24.538973
,193,118.126052,24.538924
,193,118.126046,24.538874
,193,118.126046,24.538824
,193,118.126052,24.538774
,193,118.126063,24.538724
,193,118.126081,24.538677
,194,118.126133,24.539107
,194,118.126180,24.539124
,194,118.126230,24.539135
,194,118.126280,24.539140
,194,118.126331,24.539140
,194,118.126381,24.539133
,194,118.126431,24.539121
,194,118.126478,24.539103
,194,118.126523,24.539080
,194,118.126565,24.539051
,195,118.126326,24.539475
,195,118.126343,24.539444
,195,118.126355,24.539411
,195,118.126360,24.539377
,195,118.126359,24.539342
,195,118.126353,24.539307
,195,118.126341,24.539274
,195,118.126323,24.539244
,196,118.126326,24.539475
,196,118.126362,24.539450
,196,118.126400,24.539431
,196,118.126441,24.539419
,196,118.126483,24.539413
,196,118.126526,24.539414
,196,118.126569,24.539421
,197,118.126565,24.539051
,197,118.126548,24.539102
,197,118.126536,24.539155
,197,118.126530,24.539209
,197,118.126531,24.539264
,197,118.126538,24.539317
,197,118.126550,24.539370
,197,118.126569,24.539421
,198,118.126569,24.539421
,198,118.126628,24.539429
,198,118.126687,24.539431
,198,118.126747,24.539427
,198,118.126806,24.539417
,198,118.126863,24.539401
,198,118.126919,24.539380
,198,118.126972,24.539353
,198,118.127023,24.539321
,199,118.127050,24.539768
,199,118.127026,24.539707
,199,118.127009,24.539644
,199,118.126998,24.539579
,199,118.126994,24.539514
,199,118.126997,24.539449
,199,118.127007,24.539384
,199,118.127023,24.539321
,200,118.127050,24.539768
,200,118.127098,24.539783
,200,118.127147,24.539792
,200,118.127196,24.539795
,200,118.127246,24.539792
,200,118.127295,24.539783
,200,118.127343,24.539768
,200,118.127388,24.539747
,200,118.127431,24.539721
,201,118.127038,24.540019
,201,118.127054,24.539970
,201,118.127063,24.539920
,201,118.127065,24.539869
,201,118.127061,24.539818
,201,118.127050,24.539768
,202,118.126674,24.539755
,202,118.126707,24.539728
,202,118.126745,24.539707
,202,118.126785,24.539692
,202,118.126826,24.539683
,202,118.126869,24.539681
,202,118.126912,24.539686
,202,118.126953,24.539698
,203,118.126674,24.539755
,203,118.126693,24.539722
,203,118.126706,24.539687
,203,118.126714,24.539651
,203,118.126715,24.539613
,203,118.126711,24.539576
,203,118.126701,24.539540
,203,118.126686,24.539505
,204,118.127038,24.540019
,204,118.127072,24.539993
,204,118.127110,24.539973
,204,118.127150,24.539959
,204,118.127192,24.539951
,204,118.127236,24.539951
,204,118.127278,24.539957
,204,118.127319,24.539970
,204,118.127357,24.539989
,205,118.127413,24.540265
,205,118.127427,24.540230
,205,118.127436,24.540193
,205,118.127438,24.540155
,205,118.127434,24.540117
,205,118.127423,24.540081
,205,118.127407,24.540046
,205,118.127384,24.540015
,205,118.127357,24.539989
,206,118.127776,24.540539
,206,118.127816,24.540518
,206,118.127858,24.540503
,206,118.127902,24.540493
,206,118.127947,24.540488
,206,118.127992,24.540489
,206,118.128036,24.540496
,206,118.128079,24.540508
,207,118.128122,24.540798
,207,118.128135,24.540762
,207,118.128143,24.540724
,207,118.128146,24.540685
,207,118.128143,24.540647
,207,118.128135,24.540609
,207,118.128121,24.540573
,207,118.128102,24.540539
,207,118.128079,24.540508
,208,118.127413,24.540265
,208,118.127458,24.540247
,208,118.127506,24.540235
,208,118.127554,24.540230
,208,118.127603,24.540230
,208,118.127652,24.540236
,208,118.127699,24.540249
,208,118.127744,24.540267
,209,118.127776,24.540539
,209,118.127786,24.540493
,209,118.127790,24.540446
,209,118.127787,24.540400
,209,118.127779,24.540354
,209,118.127764,24.540309
,209,118.127744,24.540267
,210,118.127479,24.540076
,210,118.127452,24.540044
,210,118.127429,24.540008
,210,118.127411,24.539969
,210,118.127400,24.539928
,210,118.127394,24.539885
,210,118.127394,24.539843
,210,118.127400,24.539800
,210,118.127413,24.539759
,210,118.127431,24.539721
,211,118.127479,24.540076
,211,118.127528,24.540092
,211,118.127579,24.540102
,211,118.127630,24.540104
,211,118.127682,24.540100
,211,118.127732,24.540089
,211,118.127780,24.540071
,211,118.127826,24.540046
,211,118.127867,24.540016
,212,118.127869,24.540357
,212,118.127847,24.540318
,212,118.127831,24.540276
,212,118.127821,24.540232
,212,118.127817,24.540187
,212,118.127820,24.540142
,212,118.127830,24.540098
,212,118.127846,24.540056
,212,118.127867,24.540016
,213,118.127967,24.540427
,213,118.128015,24.540433
,213,118.128064,24.540433
,213,118.128113,24.540427
,213,118.128160,24.540414
,213,118.128205,24.540395
,213,118.128248,24.540370
,213,118.128286,24.540341
,214,118.128357,24.540708
,214,118.128325,24.540676
,214,118.128298,24.540640
,214,118.128276,24.540601
,214,118.128261,24.540559
,214,118.128253,24.540515
,214,118.128251,24.540470
,214,118.128256,24.540425
,214,118.128268,24.540382
,214,118.128286,24.540341
,215,118.128357,24.540708
,215,118.128396,24.540726
,215,118.128437,24.540739
,215,118.128480,24.540746
,215,118.128523,24.540748
,215,118.128566,24.540743
,215,118.128608,24.540732
,215,118.128648,24.540715
,215,118.128685,24.540693
,215,118.128718,24.540667
,216,118.128718,24.540667
,216,118.129053,24.540267
,216,118.129141,24.540163
,217,118.128474,24.541341
,217,118.128502,24.541302
,217,118.128535,24.541267
,217,118.128570,24.541234
,217,118.128609,24.541205
,217,118.128650,24.541179
,217,118.128713,24.541168
,217,118.128777,24.541162
,217,118.128842,24.541161
,217,118.128906,24.541166
,217,118.128969,24.541177
,217,118.129031,24.541193
,217,118.129068,24.541195
,217,118.129104,24.541191
,217,118.129139,24.541181
,217,118.129172,24.541167
,217,118.129203,24.541147
,217,118.129230,24.541123
,218,118.129081,24.541499
,218,118.129094,24.541460
,218,118.129101,24.541420
,218,118.129104,24.541379
,218,118.129100,24.541339
,218,118.129091,24.541299
,218,118.129076,24.541261
,218,118.129056,24.541225
,218,118.129031,24.541193
,219,118.129081,24.541499
,219,118.129118,24.541478
,219,118.129157,24.541463
,219,118.129198,24.541453
,219,118.129240,24.541449
,219,118.129283,24.541450
,219,118.129325,24.541457
,219,118.129365,24.541469
,219,118.129404,24.541486
,220,118.129419,24.541725
,220,118.129430,24.541686
,220,118.129436,24.541645
,220,118.129436,24.541604
,220,118.129430,24.541563
,220,118.129420,24.541524
,220,118.129404,24.541486
,221,118.129247,24.541362
,221,118.129229,24.541331
,221,118.129216,24.541297
,221,118.129208,24.541262
,221,118.129206,24.541227
,221,118.129209,24.541191
,221,118.129217,24.541156
,221,118.129230,24.541123
,222,118.129247,24.541362
,222,118.129287,24.541383
,222,118.129330,24.541399
,222,118.129375,24.541409
,222,118.129421,24.541414
,222,118.129467,24.541412
,222,118.129513,24.541405
,222,118.129557,24.541392
,222,118.129599,24.541374
,222,118.129638,24.541350
,223,118.129690,24.541686
,223,118.129664,24.541643
,223,118.129644,24.541597
,223,118.129631,24.541549
,223,118.129623,24.541499
,223,118.129622,24.541449
,223,118.129627,24.541399
,223,118.129638,24.541350
,224,118.129690,24.541686
,224,118.129744,24.541694
,224,118.129800,24.541696
,224,118.129855,24.541690
,224,118.129909,24.541677
,224,118.129961,24.541658
,224,118.130010,24.541633
,225,118.130068,24.541951
,225,118.130044,24.541910
,225,118.130026,24.541866
,225,118.130012,24.541821
,225,118.130003,24.541774
,225,118.130000,24.541727
,225,118.130002,24.541680
,225,118.130010,24.541633
,226,118.130068,24.541951
,226,118.130118,24.541958
,226,118.130169,24.541960
,226,118.130219,24.541957
,226,118.130269,24.541948
,226,118.130318,24.541934
,226,118.130365,24.541916
,226,118.130410,24.541892
,227,118.130407,24.542188
,227,118.130387,24.542149
,227,118.130374,24.542106
,227,118.130367,24.542062
,227,118.130368,24.542017
,227,118.130375,24.541973
,227,118.130390,24.541931
,227,118.130410,24.541892
,228,118.130539,24.542281
,228,118.130586,24.542290
,228,118.130634,24.542293
,228,118.130682,24.542291
,228,118.130730,24.542283
,228,118.130776,24.542270
,228,118.130820,24.542252
,228,118.130863,24.542228
,228,118.130902,24.542200
,229,118.130897,24.542535
,229,118.130881,24.542488
,229,118.130871,24.542440
,229,118.130866,24.542392
,229,118.130867,24.542343
,229,118.130873,24.542294
,229,118.130885,24.542246
,229,118.130902,24.542200
,230,118.130897,24.542535
,230,118.130945,24.542536
,230,118.130992,24.542531
,230,118.131039,24.542520
,230,118.131084,24.542504
,230,118.131128,24.542484
,230,118.131168,24.542458
,230,118.131205,24.542428
,231,118.131215,24.542764
,231,118.131195,24.542719
,231,118.131181,24.542671
,231,118.131173,24.542622
,231,118.131171,24.542572
,231,118.131177,24.542523
,231,118.131188,24.542474
,231,118.131205,24.542428
,232,118.131492,24.542963
,232,118.131469,24.542922
,232,118.131451,24.542877
,232,118.131439,24.542831
,232,118.131432,24.542784
,232,118.131432,24.542736
,232,118.131438,24.542689
,232,118.131449,24.542642
,232,118.131467,24.542598
,233,118.131492,24.542963
,233,118.131541,24.542974
,233,118.131591,24.542978
,233,118.131641,24.542976
,233,118.131690,24.542968
,233,118.131738,24.542953
,233,118.131783,24.542932
,233,118.131826,24.542905
,233,118.131864,24.542873
,234,118.131898,24.543256
,234,118.131872,24.543213
,234,118.131852,24.543167
,234,118.131838,24.543118
,234,118.131830,24.543069
,234,118.131829,24.543018
,234,118.131834,24.542968
,234,118.131846,24.542919
,234,118.131864,24.542873
,235,118.131898,24.543256
,235,118.131949,24.543271
,235,118.132001,24.543280
,235,118.132053,24.543283
,235,118.132106,24.543281
,235,118.132158,24.543272
,235,118.132209,24.543258
,235,118.132258,24.543238
,235,118.132304,24.543213
,236,118.132359,24.543585
,236,118.132334,24.543535
,236,118.132314,24.543484
,236,118.132300,24.543431
,236,118.132293,24.543376
,236,118.132290,24.543322
,236,118.132294,24.543267
,236,118.132304,24.543213
,237,118.131759,24.543385
,237,118.131796,24.543363
,237,118.131836,24.543346
,237,118.131878,24.543334
,237,118.131921,24.543328
,237,118.131965,24.543328
,237,118.132008,24.543334
,238,118.131759,24.543385
,238,118.131774,24.543355
,238,118.131785,24.543323
,238,118.131791,24.543290
,238,118.131792,24.543256
,238,118.131788,24.543223
,238,118.131779,24.543190
,238,118.131765,24.543160
,239,118.128982,24.542172
,239,118.128985,24.542148
,239,118.128992,24.542125
,239,118.129002,24.542104
,239,118.129015,24.542084
,239,118.129032,24.542067
,239,118.129051,24.542053
,239,118.129072,24.542042
,239,118.129095,24.542035
,239,118.129119,24.542031
,239,118.129143,24.542031
,239,118.129166,24.542035
,240,118.129078,24.542242
,240,118.129102,24.542224
,240,118.129123,24.542203
,240,118.129141,24.542179
,240,118.129155,24.542152
,240,118.129164,24.542124
,240,118.129170,24.542095
,240,118.129170,24.542065
,240,118.129166,24.542035
,241,118.129419,24.541725
,241,118.129470,24.541705
,241,118.129524,24.541691
,241,118.129579,24.541683
,241,118.129635,24.541681
,241,118.129690,24.541686
,242,118.129705,24.541973
,242,118.129718,24.541926
,242,118.129725,24.541877
,242,118.129726,24.541828
,242,118.129720,24.541779
,242,118.129708,24.541732
,242,118.129690,24.541686
,243,118.129705,24.541973
,243,118.129754,24.541951
,243,118.129805,24.541934
,243,118.129857,24.541924
,243,118.129911,24.541921
,243,118.129964,24.541924
,243,118.130017,24.541934
,243,118.130068,24.541951
,244,118.130075,24.542217
,244,118.130090,24.542181
,244,118.130099,24.542142
,244,118.130104,24.542103
,244,118.130103,24.542063
,244,118.130096,24.542024
,244,118.130085,24.541987
,244,118.130068,24.541951
,245,118.130075,24.542217
,245,118.130111,24.542191
,245,118.130150,24.542170
,245,118.130192,24.542156
,245,118.130236,24.542149
,245,118.130280,24.542149
,245,118.130325,24.542155
,245,118.130367,24.542169
,245,118.130407,24.542188
,246,118.130413,24.542447
,246,118.130425,24.542405
,246,118.130432,24.542361
,246,118.130434,24.542317
,246,118.130430,24.542273
,246,118.130421,24.542230
,246,118.130407,24.542188
,247,118.120756,24.535401
,247,118.120790,24.535382
,247,118.120827,24.535370
,247,118.120866,24.535364
,247,118.120905,24.535363
,247,118.120943,24.535370
,247,118.120980,24.535382
,247,118.121015,24.535401
,248,118.122671,24.536928
,248,118.123020,24.536717
,248,118.123096,24.536670
,248,118.123174,24.536626
,248,118.123254,24.536585
,249,118.122915,24.536797
,249,118.122880,24.536748
,249,118.122851,24.536695
,249,118.122828,24.536639
,249,118.122811,24.536582
,249,118.122800,24.536522
,249,118.122796,24.536462
,249,118.122799,24.536402
,249,118.122808,24.536342
,250,118.122671,24.536928
,250,118.122690,24.536873
,250,118.122702,24.536817
,250,118.122710,24.536759
,250,118.122713,24.536701
,250,118.122709,24.536643
,250,118.122698,24.536603
,250,118.122693,24.536561
,250,118.122695,24.536520
,250,118.122704,24.536479
,250,118.122720,24.536440
,250,118.122742,24.536404
,250,118.122769,24.536373
,251,118.132359,24.543585
,251,118.132417,24.543596
,251,118.132475,24.543600
,251,118.132534,24.543598
,251,118.132593,24.543589
,251,118.132650,24.543574
,251,118.132704,24.543552
,252,118.132737,24.543859
,252,118.132720,24.543799
,252,118.132708,24.543738
,252,118.132701,24.543676
,252,118.132700,24.543614
,252,118.132704,24.543552
,253,118.132213,24.543756
,253,118.132269,24.543734
,253,118.132327,24.543716
,253,118.132386,24.543703
,253,118.132446,24.543695
,253,118.132506,24.543691
,253,118.132538,24.543689
,253,118.132570,24.543682
,253,118.132600,24.543670
,253,118.132628,24.543653
,253,118.132653,24.543633
,253,118.132674,24.543609
,253,118.132691,24.543581
,253,118.132704,24.543552
,254,118.132213,24.543756
,254,118.132224,24.543708
,254,118.132231,24.543660
,254,118.132231,24.543612
,254,118.132226,24.543564
,254,118.132215,24.543517
,254,118.132200,24.543471
,254,118.132193,24.543434
,254,118.132192,24.543397
,254,118.132197,24.543360
,254,118.132208,24.543324
,254,118.132225,24.543291
,254,118.132247,24.543261
,254,118.132273,24.543234
,254,118.132304,24.543213
,255,118.125906,24.539926
,255,118.125903,24.539902
,255,118.125904,24.539878
,255,118.125909,24.539854
,255,118.125917,24.539832
,255,118.125930,24.539811
,255,118.125945,24.539793
,255,118.125963,24.539777
,255,118.125984,24.539765
,255,118.126007,24.539756
,255,118.126030,24.539751
,255,118.126054,24.539749
,255,118.126078,24.539752
,255,118.126101,24.539759
,256,118.125972,24.539975
,256,118.125999,24.539966
,256,118.126024,24.539954
,256,118.126047,24.539937
,256,118.126066,24.539917
,256,118.126083,24.539894
,256,118.126095,24.539869
,256,118.126103,24.539842
,256,118.126107,24.539815
,256,118.126107,24.539787
,256,118.126101,24.539759
,257,118.126258,24.540195
,257,118.126259,24.540165
,257,118.126264,24.540135
,257,118.126274,24.540107
,257,118.126289,24.540081
,257,118.126308,24.540057
,257,118.126330,24.540037
,257,118.126355,24.540021
,257,118.126383,24.540009
,257,118.126412,24.540002
,257,118.126442,24.539999
,257,118.126472,24.540002
,258,118.126323,24.540245
,258,118.126356,24.540232
,258,118.126386,24.540215
,258,118.126413,24.540193
,258,118.126435,24.540167
,258,118.126453,24.540137
,258,118.126467,24.540105
,258,118.126474,24.540071
,258,118.126476,24.540036
,258,118.126472,24.540002
,259,118.126611,24.540466
,259,118.126612,24.540437
,259,118.126617,24.540409
,259,118.126627,24.540381
,259,118.126641,24.540356
,259,118.126660,24.540334
,259,118.126682,24.540315
,259,118.126706,24.540300
,259,118.126733,24.540289
,259,118.126761,24.540283
,259,118.126791,24.540282
,259,118.126819,24.540285
,260,118.126674,24.540515
,260,118.126705,24.540508
,260,118.126733,24.540496
,260,118.126759,24.540479
,260,118.126782,24.540458
,260,118.126800,24.540434
,260,118.126814,24.540406
,260,118.126823,24.540377
,260,118.126827,24.540346
,260,118.126826,24.540315
,260,118.126819,24.540285
,261,118.126962,24.540736
,261,118.126969,24.540703
,261,118.126981,24.540671
,261,118.126998,24.540642
,261,118.127019,24.540615
,261,118.127044,24.540593
,261,118.127073,24.540575
,261,118.127104,24.540561
,261,118.127137,24.540553
,261,118.127170,24.540550
,262,118.127029,24.540785
,262,118.127059,24.540777
,262,118.127087,24.540764
,262,118.127113,24.540747
,262,118.127136,24.540725
,262,118.127154,24.540700
,262,118.127167,24.540672
,262,118.127176,24.540642
,262,118.127179,24.540611
,262,118.127178,24.540580
,262,118.127170,24.540550
,263,118.127316,24.540988
,263,118.127322,24.540956
,263,118.127334,24.540925
,263,118.127351,24.540897
,263,118.127372,24.540872
,263,118.127397,24.540851
,263,118.127425,24.540834
,263,118.127456,24.540822
,263,118.127488,24.540815
,263,118.127521,24.540814
,264,118.127380,24.541033
,264,118.127404,24.541034
,264,118.127429,24.541030
,264,118.127452,24.541022
,264,118.127474,24.541010
,264,118.127494,24.540995
,264,118.127510,24.540977
,264,118.127524,24.540956
,264,118.127533,24.540933
,264,118.127539,24.540909
,264,118.127541,24.540885
,264,118.127538,24.540860
,264,118.127532,24.540836
,264,118.127521,24.540814
,265,118.127688,24.541248
,265,118.127695,24.541215
,265,118.127706,24.541183
,265,118.127723,24.541154
,265,118.127744,24.541128
,265,118.127769,24.541105
,265,118.127798,24.541088
,265,118.127829,24.541075
,265,118.127862,24.541068
,265,118.127896,24.541066
,266,118.127755,24.541295
,266,118.127783,24.541290
,266,118.127810,24.541280
,266,118.127834,24.541266
,266,118.127856,24.541249
,266,118.127875,24.541227
,266,118.127889,24.541203
,266,118.127900,24.541177
,266,118.127906,24.541149
,266,118.127907,24.541121
,266,118.127904,24.541093
,266,118.127896,24.541066
,267,118.124859,24.539222
,267,118.124869,24.539185
,267,118.124886,24.539149
,267,118.124908,24.539117
,267,118.124936,24.539088
,267,118.124967,24.539064
,267,118.125001,24.539045
,267,118.125038,24.539032
,267,118.125077,24.539025
,268,118.124920,24.539266
,268,118.124948,24.539264
,268,118.124976,24.539257
,268,118.125001,24.539245
,268,118.125025,24.539230
,268,118.125046,24.539210
,268,118.125063,24.539188
,268,118.125077,24.539163
,268,118.125086,24.539136
,268,118.125091,24.539108
,268,118.125091,24.539080
,268,118.125086,24.539052
,268,118.125077,24.539025
,269,118.124512,24.538974
,269,118.124521,24.538938
,269,118.124536,24.538904
,269,118.124556,24.538873
,269,118.124582,24.538846
,269,118.124612,24.538823
,269,118.124645,24.538806
,269,118.124681,24.538795
,269,118.124718,24.538791
,270,118.124587,24.539028
,270,118.124614,24.539021
,270,118.124640,24.539010
,270,118.124664,24.538994
,270,118.124685,24.538975
,270,118.124702,24.538953
,270,118.124716,24.538928
,270,118.124726,24.538902
,270,118.124730,24.538874
,270,118.124731,24.538846
,270,118.124727,24.538818
,270,118.124718,24.538791
,271,118.124155,24.538719
,271,118.124172,24.538683
,271,118.124195,24.538650
,271,118.124222,24.538621
,271,118.124254,24.538596
,271,118.124289,24.538577
,271,118.124326,24.538563
,271,118.124366,24.538556
,272,118.124250,24.538787
,272,118.124280,24.538769
,272,118.124307,24.538747
,272,118.124329,24.538721
,272,118.124347,24.538691
,272,118.124360,24.538659
,272,118.124367,24.538625
,272,118.124370,24.538590
,272,118.124366,24.538556
,273,118.123817,24.538477
,273,118.123820,24.538447
,273,118.123828,24.538419
,273,118.123841,24.538392
,273,118.123858,24.538369
,273,118.123879,24.538348
,273,118.123904,24.538331
,273,118.123931,24.538319
,273,118.123959,24.538311
,273,118.123989,24.538309
,273,118.124018,24.538311
,274,118.123896,24.538533
,274,118.123924,24.538520
,274,118.123949,24.538503
,274,118.123971,24.538482
,274,118.123991,24.538458
,274,118.124005,24.538431
,274,118.124015,24.538403
,274,118.124021,24.538372
,274,118.124022,24.538342
,274,118.124018,24.538311
,275,118.123533,24.538274
,275,118.123561,24.538269
,275,118.123588,24.538259
,275,118.123613,24.538245
,275,118.123636,24.538228
,275,118.123655,24.538207
,275,118.123671,24.538183
,275,118.123682,24.538157
,275,118.123690,24.538130
,275,118.123693,24.538101
,275,118.123691,24.538073
,275,118.123685,24.538045
,276,118.123472,24.538230
,276,118.123473,24.538200
,276,118.123478,24.538171
,276,118.123488,24.538143
,276,118.123503,24.538118
,276,118.123522,24.538095
,276,118.123544,24.538075
,276,118.123569,24.538060
,276,118.123597,24.538049
,276,118.123626,24.538043
,276,118.123656,24.538041
,276,118.123685,24.538045
,277,118.123123,24.537980
,277,118.123125,24.537949
,277,118.123133,24.537919
,277,118.123145,24.537891
,277,118.123161,24.537865
,277,118.123182,24.537841
,277,118.123205,24.537822
,277,118.123232,24.537806
,277,118.123261,24.537795
,277,118.123291,24.537788
,277,118.123322,24.537786
,277,118.123353,24.537789
,278,118.123191,24.538029
,278,118.123221,24.538024
,278,118.123249,24.538014
,278,118.123276,24.537999
,278,118.123299,24.537981
,278,118.123320,24.537959
,278,118.123336,24.537934
,278,118.123349,24.537907
,278,118.123357,24.537878
,278,118.123360,24.537848
,278,118.123359,24.537818
,278,118.123353,24.537789
,279,118.122782,24.537736
,279,118.122781,24.537705
,279,118.122785,24.537674
,279,118.122794,24.537644
,279,118.122808,24.537616
,279,118.122826,24.537591
,279,118.122849,24.537569
,279,118.122875,24.537552
,279,118.122904,24.537539
,279,118.122934,24.537532
,279,118.122966,24.537529
,279,118.122997,24.537533
,280,118.122849,24.537784
,280,118.122884,24.537767
,280,118.122916,24.537744
,280,118.122943,24.537716
,280,118.122966,24.537684
,280,118.122983,24.537648
,280,118.122994,24.537611
,280,118.122999,24.537572
,280,118.122997,24.537533
,281,118.122140,24.537558
,281,118.122161,24.537515
,281,118.122175,24.537470
,281,118.122183,24.537423
,281,118.122184,24.537376
,281,118.122178,24.537329
,281,118.122165,24.537283
,281,118.122145,24.537240
,281,118.122120,24.537200
,282,118.120152,24.536103
,282,118.120194,24.536074
,282,118.120240,24.536051
,282,118.120289,24.536033
,282,118.120339,24.536022
,282,118.120391,24.536017
,282,118.120442,24.536019
,282,118.120493,24.536027
,283,118.121280,24.536254
,283,118.121507,24.535992
,284,118.121069,24.536442
,284,118.121071,24.536424
,284,118.121081,24.536389
,284,118.121097,24.536357
,284,118.121118,24.536327
,284,118.121145,24.536302
,284,118.121175,24.536281
,284,118.121208,24.536266
,284,118.121243,24.536257
,284,118.121280,24.536254
,285,118.121098,24.536463
,285,118.121280,24.536254
,286,118.121138,24.536492
,286,118.121162,24.536485
,286,118.121190,24.536471
,286,118.121216,24.536453
,286,118.121238,24.536431
,286,118.121257,24.536405
,286,118.121271,24.536377
,286,118.121281,24.536347
,286,118.121286,24.536316
,286,118.121285,24.536285
,286,118.121280,24.536254
,287,118.121652,24.536499
,287,118.121831,24.536292
,288,118.121437,24.536708
,288,118.121442,24.536680
,288,118.121457,24.536640
,288,118.121478,24.536604
,288,118.121505,24.536572
,288,118.121537,24.536545
,288,118.121572,24.536523
,288,118.121611,24.536508
,288,118.121652,24.536499
,289,118.121463,24.536727
,289,118.121652,24.536499
,290,118.122041,24.536734
,290,118.122223,24.536516
,291,118.121498,24.536752
,291,118.121510,24.536749
,291,118.121545,24.536732
,291,118.121577,24.536709
,291,118.121604,24.536682
,291,118.121626,24.536650
,291,118.121643,24.536615
,291,118.121653,24.536577
,291,118.121656,24.536538
,291,118.121652,24.536499
,292,118.121797,24.536967
,292,118.121801,24.536942
,292,118.121813,24.536901
,292,118.121832,24.536863
,292,118.121857,24.536828
,292,118.121886,24.536798
,292,118.121921,24.536773
,292,118.121958,24.536754
,292,118.121999,24.536740
,292,118.122041,24.536734
,293,118.121827,24.536989
,293,118.122041,24.536734
,294,118.121859,24.537012
,294,118.121877,24.537005
,294,118.121915,24.536986
,294,118.121949,24.536960
,294,118.121978,24.536930
,294,118.122003,24.536896
,294,118.122022,24.536858
,294,118.122035,24.536818
,294,118.122041,24.536776
,294,118.122041,24.536734
,295,118.120749,24.536212
,295,118.120927,24.536004
,295,118.121154,24.535737
,296,118.120493,24.536027
,296,118.120715,24.536187
,296,118.120783,24.536236
,296,118.122120,24.537200
,297,118.120715,24.536187
,297,118.120730,24.536148
,297,118.120752,24.536112
,297,118.120779,24.536080
,297,118.120811,24.536052
,297,118.120847,24.536030
,297,118.120886,24.536014
,297,118.120927,24.536004
,298,118.120783,24.536236
,298,118.120814,24.536224
,298,118.120842,24.536207
,298,118.120868,24.536186
,298,118.120890,24.536161
,298,118.120907,24.536133
,298,118.120920,24.536102
,298,118.120927,24.536070
,298,118.120929,24.536037
,298,118.120927,24.536004
,299,118.134013,24.541650
,299,118.134025,24.541603
,299,118.134030,24.541556
,299,118.134030,24.541508
,299,118.134023,24.541460
,299,118.134010,24.541414
,299,118.133992,24.541370
,299,118.133653,24.540630
,299,118.133644,24.540590
,299,118.133642,24.540548
,299,118.133646,24.540507
,299,118.133657,24.540467
,299,118.133674,24.540429
,299,118.133696,24.540394
,300,118.133696,24.540394
,300,118.133976,24.540056
,301,118.134030,24.541556
,301,118.134105,24.541094
,301,118.134106,24.541071
,301,118.134110,24.541048
,301,118.134118,24.541026
,301,118.134129,24.541005
,301,118.134142,24.540986
,301,118.134158,24.540969
,301,118.134616,24.540415
,302,118.133419,24.540644
,302,118.133408,24.540597
,302,118.133403,24.540549
,302,118.133404,24.540502
,302,118.133438,24.539565
,303,118.132208,24.539760
,303,118.133068,24.540388
,303,118.133419,24.540644
,303,118.134316,24.541297
,303,118.134811,24.541658
,303,118.135540,24.542173
,303,118.136065,24.542544
,304,118.133068,24.540388
,304,118.132865,24.540145
,304,118.132847,24.540124
,304,118.132832,24.540099
,304,118.132821,24.540073
,304,118.132815,24.540045
,304,118.132813,24.540017
,304,118.132817,24.539989
,304,118.132824,24.539962
,304,118.132836,24.539936
,304,118.132852,24.539913
,304,118.132872,24.539892
,304,118.133245,24.539432
,305,118.132208,24.539760
,305,118.132193,24.539709
,305,118.132185,24.539656
,305,118.132183,24.539602
,305,118.132188,24.539549
,305,118.132200,24.539497
,305,118.132217,24.539447
,305,118.132241,24.539399
,305,118.132583,24.538989
,306,118.134013,24.541650
,306,118.134075,24.541617
,306,118.134139,24.541589
,306,118.134206,24.541568
,306,118.134274,24.541553
,306,118.134343,24.541544
,306,118.134413,24.541541
,306,118.134483,24.541545
,306,118.134552,24.541555
,306,118.134620,24.541572
,306,118.134686,24.541595
,306,118.134750,24.541623
,306,118.134811,24.541658
,306,118.134852,24.541666
,306,118.134894,24.541668
,306,118.134936,24.541662
,306,118.134976,24.541650
,306,118.135013,24.541631
,306,118.135047,24.541606
,306,118.135490,24.541108
,307,118.139732,24.543086
,307,118.140251,24.543471
,307,118.140585,24.543718
,307,118.140849,24.543913
,307,118.140914,24.543961
,307,118.141042,24.544056
,307,118.141073,24.544089
,307,118.141099,24.544127
,307,118.141120,24.544167
,307,118.141136,24.544211
,307,118.141145,24.544256
,307,118.141149,24.544301
,307,118.141146,24.544347
,307,118.141137,24.544392
,307,118.141122,24.544435
,307,118.141101,24.544476
,307,118.141075,24.544514
,308,118.140814,24.543748
,308,118.141417,24.543051
,309,118.141231,24.543908
,309,118.141758,24.543304
,310,118.140544,24.543406
,310,118.140964,24.542888
,311,118.136549,24.542446
,311,118.137702,24.542166
,311,118.137730,24.542165
,311,118.137758,24.542169
,311,118.137785,24.542176
,311,118.137811,24.542188
,311,118.137834,24.542204
,311,118.137855,24.542223
,312,118.137855,24.542223
,312,118.138972,24.543028
,313,118.138972,24.543028
,313,118.139012,24.543044
,313,118.139054,24.543055
,313,118.139096,24.543063
,313,118.139139,24.543067
,313,118.139732,24.543086
,314,118.140251,24.543471
,314,118.140295,24.543479
,314,118.140340,24.543482
,314,118.140384,24.543478
,314,118.140427,24.543469
,314,118.140469,24.543453
,314,118.140508,24.543432
,314,118.140544,24.543406
,315,118.140585,24.543718
,315,118.140560,24.543684
,315,118.140541,24.543648
,315,118.140527,24.543608
,315,118.140519,24.543568
,315,118.140516,24.543526
,315,118.140520,24.543485
,315,118.140529,24.543445
,315,118.140544,24.543406
,316,118.140585,24.543718
,316,118.140620,24.543736
,316,118.140657,24.543749
,316,118.140696,24.543757
,316,118.140736,24.543759
,316,118.140775,24.543756
,316,118.140814,24.543748
,317,118.140849,24.543913
,317,118.140831,24.543874
,317,118.140819,24.543833
,317,118.140813,24.543790
,317,118.140814,24.543748
,318,118.140914,24.543961
,318,118.140960,24.543972
,318,118.141007,24.543977
,318,118.141055,24.543976
,318,118.141102,24.543968
,318,118.141148,24.543954
,318,118.141191,24.543934
,318,118.141231,24.543908
,319,118.141145,24.544256
,319,118.141143,24.544195
,319,118.141147,24.544134
,319,118.141158,24.544074
,319,118.141176,24.544016
,319,118.141200,24.543961
,319,118.141231,24.543908
,320,118.136065,24.542544
,320,118.136123,24.542546
,320,118.136181,24.542542
,320,118.136237,24.542532
,320,118.136293,24.542516
,320,118.136347,24.542494
,320,118.136398,24.542468
,320,118.136409,24.542418
,320,118.136416,24.542368
,320,118.136418,24.542318
,320,118.136414,24.542267
,320,118.136405,24.542218
,320,118.136391,24.542169
,321,118.136398,24.542468
,321,118.136417,24.542454
,321,118.136437,24.542444
,321,118.136459,24.542438
,321,118.136482,24.542434
,321,118.136505,24.542435
,321,118.136527,24.542438
,321,118.136549,24.542446
,322,118.131467,24.542598
,322,118.131385,24.542633
,322,118.131300,24.542662
,322,118.131214,24.542684
,322,118.131126,24.542700
,323,118.134013,24.541650
,323,118.134189,24.541676
,323,118.134344,24.541661
,323,118.134403,24.541656
,323,118.134455,24.541618
,323,118.135139,24.540808
,324,118.128609,24.541205
,324,118.128601,24.540884
,324,118.128622,24.540825
,324,118.128649,24.540769
,324,118.128681,24.540716
,324,118.128718,24.540667
