"FID_","ID","NAME","X","Y"
,1,118.140893,24.542486
,1,118.142241,24.543463
,1,118.142263,24.543437
,1,118.142288,24.543407
,1,118.142378,24.543483
,1,118.142447,24.543402
,1,118.142297,24.543314
,1,118.142668,24.542859
,1,118.141407,24.541936
,1,118.140987,24.542432
,1,118.140952,24.542403
,1,118.140893,24.542486
,2,118.140803,24.542321
,2,118.140917,24.542413
,2,118.140980,24.542335
,2,118.140862,24.542239
,2,118.140803,24.542321
,3,118.142295,24.543663
,3,118.142334,24.543692
,3,118.142388,24.543626
,3,118.142351,24.543596
,3,118.142295,24.543663
,4,118.142353,24.543718
,4,118.142423,24.543770
,4,118.142472,24.543707
,4,118.142404,24.543654
,4,118.142353,24.543718
,5,118.142428,24.543521
,5,118.142552,24.543605
,5,118.142580,24.543564
,5,118.142456,24.543480
,5,118.142428,24.543521
,6,118.142649,24.543405
,6,118.142702,24.543456
,6,118.142799,24.543349
,6,118.142745,24.543300
,6,118.142649,24.543405
,7,118.142499,24.543387
,7,118.142552,24.543430
,7,118.142652,24.543309
,7,118.142599,24.543265
,7,118.142499,24.543387
,8,118.142798,24.541925
,8,118.143291,24.542300
,8,118.143420,24.542149
,8,118.143185,24.541966
,8,118.143202,24.541943
,8,118.142936,24.541744
,8,118.142798,24.541925
,9,118.141932,24.541249
,9,118.142222,24.541457
,9,118.142375,24.541272
,9,118.142085,24.541065
,9,118.141932,24.541249
,10,118.142733,24.542698
,10,118.142933,24.542456
,10,118.142958,24.542439
,10,118.143023,24.542493
,10,118.143035,24.542485
,10,118.143076,24.542509
,10,118.143186,24.542378
,10,118.143082,24.542299
,10,118.143109,24.542269
,10,118.141840,24.541366
,10,118.141469,24.541813
,10,118.141668,24.541953
,10,118.141651,24.541973
,10,118.141824,24.542095
,10,118.141841,24.542074
,10,118.142380,24.542451
,10,118.142358,24.542477
,10,118.142531,24.542603
,10,118.142555,24.542573
,10,118.142733,24.542698
,11,118.140407,24.541953
,11,118.140503,24.542024
,11,118.140561,24.541965
,11,118.140468,24.541893
,11,118.140407,24.541953
,12,118.139900,24.541601
,12,118.140021,24.541695
,12,118.140037,24.541695
,12,118.140191,24.541810
,12,118.140232,24.541763
,12,118.139942,24.541554
,12,118.139900,24.541601
,13,118.140543,24.541792
,13,118.140826,24.541457
,13,118.140846,24.541477
,13,118.141000,24.541314
,13,118.140971,24.541291
,13,118.141406,24.540773
,13,118.140867,24.540392
,13,118.140812,24.540473
,13,118.140796,24.540461
,13,118.140693,24.540609
,13,118.140046,24.541352
,13,118.140048,24.541424
,13,118.140080,24.541451
,13,118.140543,24.541792
,14,118.139876,24.542348
,14,118.140035,24.542162
,14,118.139988,24.542131
,14,118.139828,24.542313
,14,118.139876,24.542348
,15,118.139003,24.542565
,15,118.139183,24.542685
,15,118.139462,24.542344
,15,118.139274,24.542218
,15,118.139003,24.542565
,16,118.137415,24.541594
,16,118.138678,24.542500
,16,118.138720,24.542454
,16,118.138811,24.542509
,16,118.139467,24.541734
,16,118.138051,24.540721
,16,118.137847,24.540802
,16,118.137438,24.541250
,16,118.137438,24.541292
,16,118.137610,24.541415
,16,118.137503,24.541548
,16,118.137474,24.541522
,16,118.137415,24.541594
,17,118.137282,24.541519
,17,118.137396,24.541604
,17,118.137444,24.541536
,17,118.137334,24.541461
,17,118.137282,24.541519
,18,118.139395,24.542102
,18,118.139493,24.542169
,18,118.139707,24.541912
,18,118.139611,24.541841
,18,118.139575,24.541886
,18,118.139600,24.541906
,18,118.139512,24.542004
,18,118.139485,24.541991
,18,118.139395,24.542102
,19,118.137156,24.541236
,19,118.137570,24.540711
,19,118.136382,24.539832
,19,118.135967,24.540348
,19,118.135561,24.540856
,19,118.135510,24.540826
,19,118.135465,24.540902
,19,118.136732,24.541819
,19,118.136786,24.541738
,19,118.136756,24.541717
,19,118.137156,24.541236
,20,118.133815,24.539704
,20,118.135058,24.540627
,20,118.135122,24.540558
,20,118.135090,24.540534
,20,118.135901,24.539511
,20,118.134733,24.538640
,20,118.133903,24.539656
,20,118.133879,24.539628
,20,118.133815,24.539704
,21,118.132454,24.538665
,21,118.133726,24.539559
,21,118.133782,24.539499
,21,118.133746,24.539463
,21,118.134537,24.538452
,21,118.133341,24.537621
,21,118.132551,24.538620
,21,118.132515,24.538592
,21,118.132454,24.538665
,22,118.137825,24.544028
,22,118.137991,24.543820
,22,118.137861,24.543733
,22,118.137702,24.543938
,22,118.137825,24.544028
,23,118.138042,24.543893
,23,118.138460,24.544209
,23,118.138514,24.544163
,23,118.139309,24.544762
,23,118.139766,24.544230
,23,118.138951,24.543670
,23,118.139002,24.543604
,23,118.138370,24.543149
,23,118.138258,24.543273
,23,118.138463,24.543414
,23,118.138349,24.543556
,23,118.138234,24.543477
,23,118.138165,24.543568
,23,118.138262,24.543640
,23,118.138042,24.543893
,24,118.137915,24.544091
,24,118.138018,24.544178
,24,118.138033,24.544160
,24,118.138367,24.544398
,24,118.138406,24.544386
,24,118.138526,24.544482
,24,118.138478,24.544552
,24,118.138596,24.544636
,24,118.138689,24.544534
,24,118.138572,24.544449
,24,118.137985,24.543998
,24,118.137915,24.544091
,25,118.138698,24.544747
,25,118.138839,24.544841
,25,118.138984,24.544669
,25,118.138845,24.544570
,25,118.138698,24.544747
,26,118.138945,24.544895
,26,118.139140,24.545039
,26,118.139219,24.544937
,26,118.139131,24.544871
,26,118.139176,24.544804
,26,118.139083,24.544738
,26,118.138945,24.544895
,27,118.139239,24.545105
,27,118.139301,24.545153
,27,118.139332,24.545118
,27,118.139303,24.545097
,27,118.139328,24.545063
,27,118.139365,24.545085
,27,118.139445,24.544991
,27,118.139389,24.544950
,27,118.139364,24.544974
,27,118.139330,24.544985
,27,118.139239,24.545105
,28,118.136082,24.543548
,28,118.136365,24.543751
,28,118.136459,24.543638
,28,118.136174,24.543435
,28,118.136082,24.543548
,29,118.135936,24.543708
,29,118.136235,24.543929
,29,118.136322,24.543827
,29,118.136022,24.543600
,29,118.135936,24.543708
,30,118.135788,24.543876
,30,118.135913,24.543969
,30,118.135924,24.543953
,30,118.136084,24.544064
,30,118.136136,24.544000
,30,118.136084,24.543971
,30,118.136143,24.543899
,30,118.136030,24.543831
,30,118.136003,24.543860
,30,118.135876,24.543779
,30,118.135788,24.543876
,31,118.136467,24.543812
,31,118.136947,24.544159
,31,118.137065,24.544022
,31,118.136588,24.543674
,31,118.136467,24.543812
,32,118.135986,24.544444
,32,118.136435,24.544767
,32,118.136568,24.544611
,32,118.136252,24.544390
,32,118.136282,24.544352
,32,118.136234,24.544318
,32,118.136318,24.544210
,32,118.136686,24.544469
,32,118.136769,24.544379
,32,118.136309,24.544049
,32,118.135986,24.544444
,33,118.135570,24.544141
,33,118.135854,24.544346
,33,118.136042,24.544143
,33,118.135760,24.543938
,33,118.135570,24.544141
,34,118.136743,24.544658
,34,118.137026,24.544867
,34,118.137161,24.544702
,34,118.136872,24.544501
,34,118.136743,24.544658
,35,118.136543,24.544924
,35,118.136817,24.545119
,35,118.136953,24.544953
,35,118.136684,24.544757
,35,118.136543,24.544924
,36,118.133728,24.542884
,36,118.135386,24.544082
,36,118.135985,24.543387
,36,118.134333,24.542198
,36,118.133728,24.542884
,37,118.132852,24.541860
,37,118.133006,24.541971
,37,118.133348,24.541578
,37,118.133211,24.541465
,37,118.132852,24.541860
,38,118.132857,24.542120
,38,118.132985,24.542215
,38,118.133051,24.542133
,38,118.132929,24.542039
,38,118.132857,24.542120
,39,118.131619,24.541632
,39,118.132317,24.542116
,39,118.132350,24.542086
,39,118.132435,24.542140
,39,118.132631,24.542288
,39,118.132600,24.542333
,39,118.132781,24.542468
,39,118.132915,24.542303
,39,118.132538,24.542032
,39,118.132824,24.541693
,39,118.132966,24.541533
,39,118.132028,24.540852
,39,118.131583,24.541395
,39,118.131662,24.541441
,39,118.131624,24.541506
,39,118.131569,24.541479
,39,118.131538,24.541526
,39,118.131639,24.541605
,39,118.131619,24.541632
,40,118.132208,24.540876
,40,118.132898,24.541364
,40,118.132996,24.541251
,40,118.132291,24.540766
,40,118.132208,24.540876
,41,118.132237,24.540421
,41,118.132454,24.540578
,41,118.132520,24.540497
,41,118.132305,24.540343
,41,118.132237,24.540421
,42,118.131921,24.540314
,42,118.132171,24.540488
,42,118.132329,24.540299
,42,118.132077,24.540124
,42,118.131921,24.540314
,43,118.130472,24.540799
,43,118.131285,24.541386
,43,118.131348,24.541298
,43,118.130536,24.540718
,43,118.130472,24.540799
,44,118.131332,24.541411
,44,118.131429,24.541479
,44,118.131486,24.541411
,44,118.131389,24.541343
,44,118.131332,24.541411
,45,118.130682,24.540628
,45,118.131382,24.541145
,45,118.131443,24.541063
,45,118.130730,24.540549
,45,118.130682,24.540628
,46,118.129759,24.540001
,46,118.130541,24.540579
,46,118.130797,24.540284
,46,118.130027,24.539703
,46,118.129759,24.540001
,47,118.129690,24.540074
,47,118.129715,24.540099
,47,118.129688,24.540130
,47,118.129733,24.540170
,47,118.129722,24.540187
,47,118.130383,24.540656
,47,118.130365,24.540686
,47,118.130448,24.540740
,47,118.130536,24.540632
,47,118.130489,24.540602
,47,118.130514,24.540580
,47,118.129746,24.540009
,47,118.129690,24.540074
,48,118.130093,24.539598
,48,118.130860,24.540166
,48,118.130947,24.540070
,48,118.130165,24.539508
,48,118.130093,24.539598
,49,118.129342,24.539718
,49,118.129494,24.539823
,49,118.129432,24.539979
,49,118.129474,24.540007
,49,118.129501,24.539990
,49,118.129543,24.539960
,49,118.129575,24.539921
,49,118.129599,24.539892
,49,118.129614,24.539899
,49,118.129834,24.539642
,49,118.129695,24.539552
,49,118.129636,24.539625
,49,118.129596,24.539593
,49,118.129589,24.539560
,49,118.129630,24.539501
,49,118.129558,24.539457
,49,118.129342,24.539718
,50,118.132298,24.538601
,50,118.132412,24.538692
,50,118.132462,24.538628
,50,118.132351,24.538543
,50,118.132298,24.538601
,51,118.132450,24.538440
,51,118.132565,24.538527
,51,118.132897,24.538117
,51,118.132779,24.538041
,51,118.132450,24.538440
,52,118.131034,24.539056
,52,118.131177,24.539169
,52,118.131271,24.539069
,52,118.131138,24.538977
,52,118.131330,24.538757
,52,118.131458,24.538854
,52,118.131555,24.538744
,52,118.131394,24.538624
,52,118.131348,24.538683
,52,118.131302,24.538645
,52,118.131041,24.538936
,52,118.131095,24.538974
,52,118.131034,24.539056
,53,118.130975,24.539573
,53,118.131125,24.539682
,53,118.131504,24.539181
,53,118.131368,24.539095
,53,118.131228,24.539284
,53,118.131210,24.539268
,53,118.130975,24.539573
,54,118.131355,24.539757
,54,118.132140,24.538857
,54,118.131849,24.538655
,54,118.131762,24.538756
,54,118.131926,24.538877
,54,118.131237,24.539674
,54,118.131355,24.539757
,55,118.122176,24.535743
,55,118.122321,24.535846
,55,118.122363,24.535789
,55,118.122220,24.535690
,55,118.122176,24.535743
,56,118.121886,24.535079
,56,118.122051,24.535190
,56,118.122131,24.535088
,56,118.121965,24.534970
,56,118.121886,24.535079
,57,118.121816,24.535467
,57,118.121967,24.535572
,57,118.121937,24.535609
,57,118.122118,24.535738
,57,118.122153,24.535703
,57,118.122113,24.535669
,57,118.122270,24.535485
,57,118.122062,24.535327
,57,118.121940,24.535473
,57,118.121856,24.535418
,57,118.121816,24.535467
,58,118.121871,24.535390
,58,118.121944,24.535438
,58,118.122044,24.535306
,58,118.121972,24.535259
,58,118.121871,24.535390
,59,118.121672,24.535331
,59,118.121816,24.535423
,59,118.121853,24.535364
,59,118.121710,24.535274
,59,118.121672,24.535331
,60,118.120479,24.533217
,60,118.120810,24.533470
,60,118.120852,24.533413
,60,118.120885,24.533434
,60,118.120927,24.533369
,60,118.120539,24.533082
,60,118.120486,24.533148
,60,118.120506,24.533169
,60,118.120479,24.533217
,61,118.120559,24.533071
,61,118.120937,24.533340
,61,118.121002,24.533242
,61,118.120662,24.532996
,61,118.120616,24.533058
,61,118.120585,24.533033
,61,118.120559,24.533071
,62,118.120897,24.533550
,62,118.121323,24.533854
,62,118.121529,24.533622
,62,118.121097,24.533321
,62,118.120897,24.533550
,63,118.119726,24.532772
,63,118.120032,24.532981
,63,118.120167,24.532790
,63,118.119862,24.532585
,63,118.119726,24.532772
,64,118.119785,24.534112
,64,118.120530,24.534656
,64,118.120610,24.534559
,64,118.120402,24.534407
,64,118.120520,24.534267
,64,118.120661,24.534340
,64,118.120860,24.534093
,64,118.120474,24.533829
,64,118.120560,24.533713
,64,118.120620,24.533752
,64,118.120751,24.533546
,64,118.120384,24.533299
,64,118.120334,24.533373
,64,118.120280,24.533326
,64,118.119994,24.533671
,64,118.119892,24.533588
,64,118.119618,24.533907
,64,118.119734,24.533999
,64,118.119782,24.533943
,64,118.119866,24.534005
,64,118.119785,24.534112
,65,118.120560,24.533713
,65,118.120474,24.533829
,65,118.120860,24.534093
,65,118.120948,24.533976
,65,118.120620,24.533752
,65,118.120560,24.533713
,66,118.120779,24.534645
,66,118.120832,24.534686
,66,118.120794,24.534739
,66,118.120825,24.534768
,66,118.120856,24.534734
,66,118.120984,24.534827
,66,118.121043,24.534759
,66,118.120893,24.534642
,66,118.121026,24.534469
,66,118.120965,24.534416
,66,118.120779,24.534645
,67,118.120724,24.534454
,67,118.120830,24.534530
,67,118.120929,24.534397
,67,118.120825,24.534324
,67,118.120724,24.534454
,68,118.119389,24.533039
,68,118.119475,24.533103
,68,118.119731,24.532796
,68,118.119654,24.532727
,68,118.119389,24.533039
,69,118.119572,24.533173
,69,118.119909,24.533427
,69,118.119996,24.533348
,69,118.119879,24.533264
,69,118.119905,24.533232
,69,118.119830,24.533183
,69,118.119801,24.533207
,69,118.119713,24.533135
,69,118.119815,24.533014
,69,118.120033,24.533168
,69,118.119992,24.533214
,69,118.120068,24.533266
,69,118.120160,24.533172
,69,118.119800,24.532910
,69,118.119776,24.532940
,69,118.119743,24.532913
,69,118.119719,24.532939
,69,118.119751,24.532964
,69,118.119572,24.533173
,70,118.119087,24.533472
,70,118.119594,24.533832
,70,118.119854,24.533521
,70,118.119402,24.533185
,70,118.119277,24.533295
,70,118.119250,24.533273
,70,118.119087,24.533472
,71,118.120146,24.532969
,71,118.120298,24.533076
,71,118.120486,24.532844
,71,118.120342,24.532743
,71,118.120146,24.532969
,72,118.119635,24.532560
,72,118.118461,24.531731
,72,118.118401,24.531800
,72,118.118384,24.531791
,72,118.118367,24.531801
,72,118.118139,24.532064
,72,118.117593,24.531603
,72,118.117062,24.532226
,72,118.117662,24.532644
,72,118.117750,24.532540
,72,118.118970,24.533397
,72,118.119620,24.532652
,72,118.119581,24.532625
,72,118.119635,24.532560
