"FID_","ID","NAME","X","Y"
,1,118.141259,24.553491
,1,118.141256,24.553457
,1,118.141258,24.553423
,1,118.141266,24.553390
,1,118.141278,24.553358
,1,118.141324,24.553299
,1,118.141365,24.553235
,1,118.141399,24.553168
,1,118.141427,24.553099
,1,118.141449,24.553027
,1,118.141465,24.552954
,1,118.141474,24.552879
,1,118.141475,24.552804
,1,118.141559,24.552247
,1,118.141562,24.552174
,1,118.141559,24.552101
,1,118.141549,24.552029
,1,118.141534,24.551957
,1,118.141512,24.551888
,1,118.141485,24.551820
,1,118.141452,24.551755
,1,118.141413,24.551693
,1,118.141370,24.551634
,1,118.141321,24.551579
,1,118.141269,24.551529
,1,118.141212,24.551483
,1,118.138385,24.549452
,1,118.136485,24.548087
,1,118.135180,24.547150
,1,118.133458,24.545913
,1,118.131709,24.544656
,1,118.131381,24.544420
,1,118.128222,24.542151
,1,118.127787,24.541839
,1,118.127670,24.541754
,1,118.125428,24.540143
,1,118.124857,24.539733
,1,118.122298,24.537917
,1,118.121703,24.537467
,1,118.120386,24.536521
,1,118.119714,24.536038
,1,118.117104,24.534163
,1,118.116502,24.533731
,1,118.116418,24.533671
,1,118.116290,24.533703
,1,118.116273,24.533722
,1,118.116233,24.533735
,1,118.115285,24.533981
,1,118.115235,24.533986
,1,118.115139,24.534013
,1,118.115081,24.534031
,1,118.115025,24.534054
,1,118.114971,24.534082
,1,118.114920,24.534115
,1,118.114872,24.534152
,1,118.114827,24.534193
,1,118.114787,24.534238
,1,118.114592,24.534463
,1,118.115184,24.534882
,1,118.115155,24.534845
,1,118.115131,24.534805
,1,118.115113,24.534761
,1,118.115101,24.534716
,1,118.115096,24.534669
,1,118.115097,24.534622
,1,118.115104,24.534576
,1,118.115118,24.534531
,1,118.115139,24.534488
,1,118.115164,24.534449
,1,118.115195,24.534414
,1,118.115231,24.534383
,1,118.115270,24.534357
,1,118.115313,24.534338
,1,118.115358,24.534324
,1,118.115404,24.534317
,1,118.115940,24.534179
,1,118.115956,24.534202
,1,118.116081,24.534175
,1,118.116125,24.534172
,1,118.116168,24.534174
,1,118.116211,24.534180
,1,118.116253,24.534193
,1,118.116293,24.534210
,1,118.116331,24.534231
,1,118.116810,24.534524
,1,118.118599,24.535810
,1,118.120371,24.537085
,1,118.122446,24.538578
,1,118.123456,24.539304
,1,118.125407,24.540708
,1,118.133676,24.546629
,1,118.134279,24.547036
,1,118.136754,24.548837
,1,118.137456,24.549291
,1,118.140897,24.551805
,1,118.140966,24.551886
,1,118.141014,24.551963
,1,118.141037,24.552032
,1,118.141049,24.552088
,1,118.141047,24.552221
,1,118.141050,24.552286
,1,118.141047,24.552350
,1,118.141038,24.552414
,1,118.140976,24.552815
,1,118.140952,24.552856
,1,118.140922,24.552894
,1,118.140888,24.552927
,1,118.140849,24.552954
,1,118.140807,24.552976
,1,118.140762,24.552992
,1,118.140715,24.553001
,1,118.140667,24.553003
,1,118.140620,24.552999
,1,118.140573,24.552988
,1,118.140529,24.552970
,1,118.141259,24.553491
,2,118.136787,24.548858
,2,118.136771,24.548847
,2,118.136754,24.548837
,2,118.136787,24.548858
,2,118.134009,24.548333
,2,118.135675,24.549523
,2,118.135690,24.549511
,2,118.135704,24.549502
,2,118.135729,24.549498
,2,118.136627,24.549615
,2,118.136688,24.549620
,2,118.136749,24.549620
,2,118.136810,24.549613
,2,118.136871,24.549601
,2,118.136929,24.549582
,2,118.136986,24.549558
,2,118.137040,24.549529
,2,118.137091,24.549495
,2,118.137138,24.549455
,2,118.137181,24.549412
,2,118.137204,24.549379
,2,118.137232,24.549350
,2,118.137263,24.549325
,2,118.137299,24.549306
,2,118.137336,24.549293
,2,118.137376,24.549286
,2,118.137416,24.549285
,2,118.137456,24.549291
,2,118.136787,24.548858
,2,118.136809,24.548879
,2,118.136827,24.548904
,2,118.136840,24.548932
,2,118.136849,24.548961
,2,118.136852,24.548991
,2,118.136850,24.549022
,2,118.136843,24.549052
,2,118.136831,24.549080
,2,118.136814,24.549106
,2,118.136794,24.549128
,2,118.136769,24.549146
,2,118.136742,24.549160
,2,118.136713,24.549170
,2,118.136682,24.549174
,2,118.136652,24.549172
,2,118.135372,24.548944
,2,118.135194,24.548885
,2,118.135019,24.548820
,2,118.134846,24.548749
,2,118.134676,24.548673
,2,118.134508,24.548591
,2,118.134343,24.548503
,2,118.134181,24.548410
,2,118.134022,24.548311
,2,118.134009,24.548333
,3,118.134076,24.547160
,3,118.134100,24.547126
,3,118.134129,24.547097
,3,118.134162,24.547072
,3,118.134198,24.547054
,3,118.134238,24.547042
,3,118.134279,24.547036
,3,118.133676,24.546629
,3,118.133698,24.546647
,3,118.133717,24.546669
,3,118.133731,24.546693
,3,118.133742,24.546720
,3,118.133748,24.546747
,3,118.133749,24.546776
,3,118.133745,24.546804
,3,118.133737,24.546831
,3,118.133725,24.546857
,3,118.133708,24.546880
,3,118.133688,24.546900
,3,118.133664,24.546916
,3,118.133639,24.546929
,3,118.133611,24.546936
,3,118.133583,24.546939
,3,118.133554,24.546938
,3,118.132776,24.546851
,3,118.132590,24.546809
,3,118.132404,24.546760
,3,118.132222,24.546706
,3,118.132041,24.546645
,3,118.131862,24.546579
,3,118.131685,24.546506
,3,118.131511,24.546427
,3,118.131340,24.546343
,3,118.131171,24.546253
,3,118.130842,24.546034
,3,118.130790,24.546000
,3,118.130777,24.546020
,3,118.132539,24.547283
,3,118.132532,24.547274
,3,118.132530,24.547269
,3,118.132532,24.547265
,3,118.132537,24.547264
,3,118.132545,24.547264
,3,118.132578,24.547266
,3,118.133497,24.547380
,3,118.133556,24.547389
,3,118.133615,24.547391
,3,118.133674,24.547388
,3,118.133733,24.547378
,3,118.133790,24.547363
,3,118.133846,24.547342
,3,118.133899,24.547315
,3,118.133949,24.547283
,3,118.133995,24.547247
,3,118.134038,24.547206
,3,118.134076,24.547160
,4,118.126511,24.542966
,4,118.126368,24.542858
,4,118.126229,24.542745
,4,118.126095,24.542626
,4,118.125966,24.542503
,4,118.125841,24.542374
,4,118.125722,24.542241
,4,118.125608,24.542103
,4,118.125500,24.541961
,4,118.125397,24.541815
,4,118.125300,24.541665
,4,118.125208,24.541511
,4,118.125123,24.541354
,4,118.125044,24.541193
,4,118.124866,24.540750
,4,118.124862,24.540720
,4,118.124863,24.540690
,4,118.124869,24.540661
,4,118.124879,24.540633
,4,118.124895,24.540607
,4,118.124914,24.540584
,4,118.124936,24.540565
,4,118.124962,24.540549
,4,118.124990,24.540538
,4,118.125019,24.540532
,4,118.125049,24.540530
,4,118.125078,24.540534
,4,118.125107,24.540542
,4,118.125134,24.540555
,4,118.125407,24.540708
,4,118.123456,24.539304
,4,118.123558,24.539408
,4,118.123655,24.539516
,4,118.123747,24.539628
,4,118.123834,24.539745
,4,118.123915,24.539865
,4,118.123990,24.539990
,4,118.124059,24.540117
,4,118.124122,24.540248
,4,118.124777,24.541709
,4,118.124779,24.541711
,4,118.124781,24.541713
,4,118.124782,24.541715
,4,118.124783,24.541718
,4,118.124783,24.541721
,4,118.124783,24.541723
,4,118.124783,24.541726
,4,118.124782,24.541729
,4,118.124781,24.541731
,4,118.124779,24.541733
,4,118.124777,24.541735
,4,118.124775,24.541737
,4,118.124772,24.541738
,4,118.124769,24.541738
,4,118.124766,24.541739
,4,118.124764,24.541738
,4,118.124761,24.541738
,4,118.124758,24.541736
,4,118.126511,24.542966
,5,118.121645,24.539493
,5,118.123409,24.540753
,5,118.123420,24.540735
,5,118.123282,24.540636
,5,118.123149,24.540532
,5,118.123019,24.540423
,5,118.122894,24.540309
,5,118.122773,24.540189
,5,118.122657,24.540065
,5,118.122547,24.539937
,5,118.122441,24.539804
,5,118.122341,24.539667
,5,118.122246,24.539526
,5,118.122157,24.539382
,5,118.122074,24.539234
,5,118.121997,24.539083
,5,118.121926,24.538929
,5,118.121779,24.538529
,5,118.121755,24.538527
,5,118.121751,24.538498
,5,118.121752,24.538468
,5,118.121759,24.538439
,5,118.121769,24.538411
,5,118.121784,24.538385
,5,118.121804,24.538363
,5,118.121827,24.538343
,5,118.121852,24.538328
,5,118.121880,24.538317
,5,118.121909,24.538311
,5,118.121939,24.538310
,5,118.121968,24.538313
,5,118.121997,24.538322
,5,118.122024,24.538335
,5,118.122446,24.538578
,5,118.120371,24.537085
,5,118.120469,24.537180
,5,118.120560,24.537280
,5,118.120647,24.537384
,5,118.120729,24.537492
,5,118.120805,24.537605
,5,118.120875,24.537721
,5,118.120939,24.537840
,5,118.120997,24.537962
,5,118.121049,24.538088
,5,118.121667,24.539462
,5,118.121669,24.539465
,5,118.121670,24.539468
,5,118.121671,24.539471
,5,118.121671,24.539474
,5,118.121671,24.539477
,5,118.121670,24.539480
,5,118.121669,24.539483
,5,118.121667,24.539486
,5,118.121665,24.539488
,5,118.121663,24.539490
,5,118.121660,24.539492
,5,118.121657,24.539493
,5,118.121654,24.539494
,5,118.121651,24.539494
,5,118.121648,24.539494
,5,118.121645,24.539493
,6,118.119324,24.537836
,6,118.119297,24.537795
,6,118.119275,24.537751
,6,118.119259,24.537705
,6,118.119250,24.537657
,6,118.119246,24.537608
,6,118.119250,24.537559
,6,118.119259,24.537511
,6,118.119274,24.537464
,6,118.119295,24.537420
,6,118.119322,24.537379
,6,118.119353,24.537342
,6,118.119621,24.537035
,6,118.119663,24.537000
,6,118.119709,24.536971
,6,118.119758,24.536946
,6,118.119810,24.536928
,6,118.119863,24.536916
,6,118.119918,24.536909
,6,118.119972,24.536909
,6,118.120027,24.536916
,6,118.120080,24.536928
,6,118.120132,24.536947
,6,118.120371,24.537085
,6,118.118599,24.535810
,6,118.119268,24.536354
,6,118.119298,24.536389
,6,118.119324,24.536428
,6,118.119343,24.536470
,6,118.119357,24.536514
,6,118.119365,24.536560
,6,118.119367,24.536606
,6,118.119363,24.536652
,6,118.119352,24.536698
,6,118.119335,24.536741
,6,118.119313,24.536782
,6,118.119285,24.536819
,6,118.119300,24.536834
,6,118.119012,24.537180
,6,118.118997,24.537168
,6,118.118952,24.537203
,6,118.118902,24.537232
,6,118.118849,24.537256
,6,118.118794,24.537273
,6,118.118738,24.537283
,6,118.118680,24.537286
,6,118.118623,24.537283
,6,118.118566,24.537273
,6,118.118511,24.537256
,6,118.119324,24.537836
,7,118.133818,24.541606
,7,118.133821,24.541634
,7,118.133820,24.541662
,7,118.133814,24.541690
,7,118.133803,24.541716
,7,118.133789,24.541740
,7,118.132992,24.542665
,7,118.132940,24.542632
,7,118.132918,24.542649
,7,118.133239,24.542889
,7,118.133252,24.542872
,7,118.133174,24.542806
,7,118.134060,24.541774
,7,118.133818,24.541606
,8,118.136485,24.548087
,8,118.138385,24.549452
,8,118.138454,24.549345
,8,118.138171,24.549145
,8,118.137978,24.548914
,8,118.137945,24.548873
,8,118.137939,24.548849
,8,118.138148,24.548440
,8,118.141129,24.544930
,8,118.140626,24.544548
,8,118.137722,24.547968
,8,118.137633,24.548055
,8,118.137251,24.548341
,8,118.137224,24.548351
,8,118.137203,24.548351
,8,118.137141,24.548325
,8,118.136925,24.548232
,8,118.136574,24.547983
,8,118.136485,24.548087
,9,118.131381,24.544420
,9,118.131709,24.544656
,9,118.131714,24.544623
,9,118.131723,24.544591
,9,118.131738,24.544561
,9,118.131757,24.544534
,9,118.131781,24.544511
,9,118.131808,24.544491
,9,118.131837,24.544476
,9,118.131869,24.544466
,9,118.131527,24.544221
,9,118.131529,24.544252
,9,118.131526,24.544282
,9,118.131517,24.544311
,9,118.131503,24.544338
,9,118.131485,24.544363
,9,118.131463,24.544384
,9,118.131438,24.544401
,9,118.131411,24.544413
,9,118.131381,24.544420
,10,118.128400,24.541982
,10,118.127848,24.541615
,10,118.127820,24.541651
,10,118.127842,24.541672
,10,118.127829,24.541694
,10,118.127813,24.541714
,10,118.127793,24.541730
,10,118.127771,24.541744
,10,118.127747,24.541753
,10,118.127722,24.541758
,10,118.127696,24.541758
,10,118.127670,24.541754
,10,118.128222,24.542151
,10,118.128215,24.542131
,10,118.128212,24.542110
,10,118.128211,24.542089
,10,118.128214,24.542068
,10,118.128221,24.542047
,10,118.128231,24.542029
,10,118.128244,24.542012
,10,118.128259,24.541997
,10,118.128277,24.541985
,10,118.128296,24.541976
,10,118.128317,24.541970
,10,118.128338,24.541968
,10,118.128359,24.541969
,10,118.128380,24.541974
,10,118.128400,24.541982
,11,118.124857,24.539733
,11,118.125428,24.540143
,11,118.125415,24.540127
,11,118.125405,24.540109
,11,118.125398,24.540089
,11,118.125395,24.540069
,11,118.125394,24.540048
,11,118.125397,24.540027
,11,118.125404,24.540007
,11,118.125413,24.539989
,11,118.125426,24.539972
,11,118.125440,24.539957
,11,118.125457,24.539945
,11,118.125476,24.539936
,11,118.125517,24.539966
,11,118.125530,24.539948
,11,118.125024,24.539584
,11,118.124994,24.539624
,11,118.125025,24.539649
,11,118.125009,24.539672
,11,118.124989,24.539692
,11,118.124966,24.539709
,11,118.124941,24.539722
,11,118.124914,24.539730
,11,118.124885,24.539734
,11,118.124857,24.539733
,12,118.121703,24.537467
,12,118.122298,24.537917
,12,118.122289,24.537884
,12,118.122285,24.537850
,12,118.122287,24.537816
,12,118.122294,24.537782
,12,118.122306,24.537750
,12,118.122324,24.537720
,12,118.122402,24.537752
,12,118.122428,24.537716
,12,118.121912,24.537335
,12,118.121885,24.537361
,12,118.121923,24.537395
,12,118.121913,24.537417
,12,118.121899,24.537437
,12,118.121882,24.537454
,12,118.121863,24.537469
,12,118.121842,24.537480
,12,118.121819,24.537487
,12,118.121795,24.537491
,12,118.121770,24.537491
,12,118.121747,24.537487
,12,118.121724,24.537479
,12,118.121703,24.537467
,13,118.120386,24.536521
,13,118.120375,24.536494
,13,118.120368,24.536465
,13,118.120366,24.536436
,13,118.120369,24.536406
,13,118.120378,24.536378
,13,118.120391,24.536351
,13,118.120408,24.536327
,13,118.120430,24.536307
,13,118.120455,24.536290
,13,118.119875,24.535875
,13,118.119878,24.535897
,13,118.119878,24.535920
,13,118.119873,24.535942
,13,118.119865,24.535964
,13,118.119853,24.535983
,13,118.119839,24.536001
,13,118.119822,24.536015
,13,118.119802,24.536027
,13,118.119781,24.536035
,13,118.119759,24.536040
,13,118.119736,24.536041
,13,118.119714,24.536038
,13,118.120386,24.536521
,14,118.117104,24.534163
,14,118.117094,24.534143
,14,118.117088,24.534122
,14,118.117084,24.534100
,14,118.117085,24.534078
,14,118.117090,24.534056
,14,118.117098,24.534036
,14,118.117109,24.534017
,14,118.117124,24.534000
,14,118.117140,24.533985
,14,118.117160,24.533974
,14,118.117180,24.533966
,14,118.117202,24.533962
,14,118.117224,24.533961
,14,118.117246,24.533964
,14,118.117268,24.533971
,14,118.117287,24.533981
,14,118.117305,24.533994
,14,118.117320,24.534010
,14,118.117489,24.533827
,14,118.117108,24.533557
,14,118.117013,24.533595
,14,118.116915,24.533628
,14,118.116815,24.533654
,14,118.116714,24.533675
,14,118.116502,24.533731
,14,118.117104,24.534163
