"FID_","ID","X","Y"
,1,87.452003,43.902405
,1,87.453446,43.902722
,1,87.457538,43.903599
,1,87.458280,43.903757
,1,87.466956,43.905606
,1,87.472833,43.906858
,1,87.476788,43.907701
,1,87.482703,43.908961
,1,87.495152,43.911614
,1,87.496443,43.911889
,2,87.481323,43.903631
,2,87.481422,43.903655
,2,87.481431,43.903611
,2,87.481335,43.903580
,2,87.481323,43.903631
,3,87.495152,43.911614
,3,87.495222,43.911608
,3,87.495291,43.911596
,3,87.495359,43.911577
,3,87.495424,43.911552
,3,87.495487,43.911520
,3,87.495547,43.911483
,3,87.495602,43.911440
,3,87.495654,43.911392
,3,87.495700,43.911340
,3,87.495741,43.911283
,3,87.495777,43.911222
,3,87.496437,43.909594
,3,87.496627,43.909101
,3,87.496726,43.908816
,4,87.496437,43.909594
,4,87.496419,43.909540
,4,87.496395,43.909489
,4,87.496365,43.909441
,4,87.496330,43.909397
,4,87.496289,43.909358
,4,87.496245,43.909324
,4,87.496196,43.909295
,4,87.496145,43.909273
,5,87.496145,43.909273
,5,87.496198,43.909282
,5,87.496252,43.909286
,5,87.496306,43.909283
,5,87.496359,43.909274
,5,87.496411,43.909259
,5,87.496461,43.909238
,5,87.496509,43.909211
,5,87.496552,43.909179
,5,87.496592,43.909142
,5,87.496627,43.909101
,6,87.493105,43.907779
,6,87.494460,43.908066
,6,87.495171,43.908216
,6,87.496530,43.908503
,7,87.497442,43.908664
,7,87.498144,43.908460
,8,87.454673,43.899359
,8,87.456403,43.899731
,8,87.457052,43.899871
,8,87.458827,43.900252
,8,87.459594,43.900417
,8,87.459846,43.900471
,8,87.460578,43.900628
,8,87.461343,43.900792
,8,87.461580,43.900843
,8,87.462393,43.901018
,8,87.463137,43.901178
,8,87.463981,43.901359
,8,87.464534,43.901478
,9,87.465158,43.901411
,9,87.465439,43.901470
,9,87.465720,43.901529
,9,87.465887,43.901565
,9,87.466335,43.901659
,9,87.466456,43.901684
,9,87.467056,43.901811
,9,87.467149,43.901831
,9,87.467473,43.901899
,9,87.467807,43.901970
,9,87.467939,43.901997
,9,87.468374,43.902089
,9,87.468624,43.902142
,9,87.468818,43.902183
,9,87.469379,43.902301
,9,87.469676,43.902372
,9,87.469973,43.902431
,9,87.470347,43.902506
,9,87.470501,43.902538
,10,87.471127,43.902856
,10,87.471769,43.902993
,10,87.472427,43.903133
,10,87.472540,43.903157
,10,87.473173,43.903292
,10,87.473805,43.903426
,10,87.474032,43.903474
,10,87.474453,43.903564
,10,87.474802,43.903638
,10,87.475267,43.903737
,10,87.475839,43.903859
,10,87.476711,43.904045
,10,87.477232,43.904156
,10,87.477473,43.904207
,10,87.478249,43.904373
,10,87.478888,43.904509
,10,87.479529,43.904645
,10,87.480278,43.904805
,10,87.481052,43.904969
,10,87.481740,43.905116
,11,87.482017,43.905176
,11,87.482398,43.905257
,11,87.482781,43.905338
,11,87.483162,43.905419
,11,87.483668,43.905526
,11,87.484209,43.905641
,11,87.485806,43.905979
,11,87.486228,43.906069
,11,87.486687,43.906166
,11,87.487159,43.906266
,11,87.487620,43.906364
,11,87.488045,43.906454
,11,87.488159,43.906478
,11,87.488503,43.906551
,11,87.488616,43.906575
,11,87.489005,43.906657
,11,87.489468,43.906755
,11,87.489941,43.906856
,11,87.490414,43.906956
,11,87.490866,43.907051
,11,87.491328,43.907149
,11,87.491787,43.907247
,11,87.492199,43.907334
,11,87.492574,43.907414
,12,87.498544,43.908382
,12,87.498842,43.908445
,12,87.499704,43.908627
,12,87.500522,43.908799
,12,87.501333,43.908970
,12,87.502068,43.909125
,12,87.502800,43.909279
,12,87.503392,43.909404
,12,87.503959,43.909523
,12,87.504293,43.909594
,12,87.505092,43.909762
,13,87.454216,43.900366
,13,87.455941,43.900732
,13,87.456692,43.900892
,13,87.458315,43.901236
,13,87.459245,43.901434
,13,87.463986,43.902441
,13,87.464810,43.902616
,13,87.465388,43.902739
,13,87.465900,43.902848
,13,87.466120,43.902895
,13,87.466515,43.902978
,13,87.467012,43.903084
,13,87.467498,43.903187
,13,87.467987,43.903291
,13,87.468396,43.903378
,13,87.468850,43.903475
,13,87.469335,43.903571
,13,87.469512,43.903609
,13,87.469935,43.903699
,13,87.470698,43.903861
,13,87.475544,43.904893
,13,87.476244,43.905043
,13,87.480862,43.906026
,13,87.481681,43.906200
,13,87.485340,43.906977
,13,87.485804,43.907076
,13,87.486224,43.907165
,13,87.486335,43.907189
,13,87.486778,43.907283
,13,87.487201,43.907373
,13,87.487634,43.907465
,13,87.487737,43.907487
,13,87.488139,43.907572
,13,87.488593,43.907668
,13,87.489065,43.907769
,13,87.489525,43.907866
,13,87.489993,43.907966
,13,87.490458,43.908065
,13,87.490933,43.908166
,13,87.491405,43.908266
,13,87.491849,43.908360
,13,87.492230,43.908441
,13,87.494166,43.908852
,13,87.494818,43.908991
,13,87.496145,43.909273
,14,87.458007,43.903375
,14,87.458661,43.901713
,14,87.458931,43.901026
,14,87.459106,43.900582
,14,87.459289,43.900116
,14,87.459895,43.898576
,14,87.460067,43.898140
,14,87.461101,43.895511
,14,87.461135,43.895468
,14,87.461173,43.895429
,14,87.461215,43.895395
,14,87.461261,43.895365
,14,87.461310,43.895341
,14,87.461362,43.895323
,14,87.461415,43.895310
,14,87.461469,43.895303
,15,87.461981,43.896907
,15,87.462976,43.896919
,16,87.462108,43.896341
,16,87.462940,43.896515
,17,87.462663,43.895526
,17,87.463139,43.896328
,18,87.463592,43.895593
,18,87.464008,43.896328
,19,87.464520,43.895514
,19,87.464997,43.896328
,20,87.465304,43.895514
,20,87.465678,43.896178
,21,87.462325,43.897649
,21,87.462331,43.897293
,22,87.462874,43.897667
,22,87.462862,43.897293
,23,87.463411,43.897643
,23,87.463417,43.897269
,24,87.463959,43.897679
,24,87.463966,43.897305
,25,87.464514,43.897667
,25,87.464520,43.897257
,26,87.465063,43.897697
,26,87.465063,43.897263
,27,87.465594,43.897709
,27,87.465612,43.897263
,28,87.460255,43.900288
,28,87.460914,43.898618
,28,87.461015,43.898361
,28,87.461084,43.898186
,28,87.461126,43.898079
,28,87.461193,43.897909
,28,87.461263,43.897732
,28,87.461519,43.897084
,28,87.461733,43.896540
,28,87.461936,43.896026
,28,87.462088,43.895641
,29,87.461015,43.898361
,29,87.461374,43.898362
,29,87.461623,43.898363
,29,87.462114,43.898364
,29,87.462374,43.898365
,29,87.463131,43.898367
,29,87.463838,43.898369
,29,87.464567,43.898371
,29,87.465244,43.898373
,30,87.461193,43.897909
,30,87.461454,43.897909
,30,87.462090,43.897908
,30,87.462357,43.897907
,30,87.462597,43.897907
,30,87.463172,43.897906
,30,87.463719,43.897905
,30,87.464254,43.897904
,30,87.464805,43.897903
,30,87.465334,43.897902
,31,87.461047,43.900477
,31,87.461794,43.898548
,32,87.462711,43.898976
,32,87.462717,43.898620
,33,87.463441,43.898970
,33,87.463441,43.898608
,34,87.464146,43.899217
,34,87.464134,43.898626
,35,87.464828,43.899235
,35,87.464822,43.898602
,36,87.465503,43.899235
,36,87.465509,43.898614
,37,87.462066,43.900670
,37,87.462410,43.899802
,38,87.462850,43.900863
,38,87.463139,43.900116
,39,87.463640,43.901020
,39,87.463966,43.900182
,40,87.464551,43.901195
,40,87.464608,43.901035
,40,87.464840,43.900387
,41,87.465358,43.901219
,41,87.465618,43.900544
,42,87.466088,43.901310
,42,87.466335,43.900670
,43,87.466800,43.901479
,43,87.467065,43.900821
,44,87.467511,43.901641
,44,87.467771,43.900960
,45,87.468398,43.901816
,45,87.468615,43.901249
,46,87.469188,43.902021
,46,87.469447,43.901328
,47,87.470104,43.902172
,47,87.470352,43.901515
,48,87.469924,43.904862
,48,87.470220,43.904095
,48,87.470448,43.903507
,48,87.470624,43.903052
,48,87.470694,43.902870
,48,87.470874,43.902406
,48,87.471130,43.901744
,49,87.471516,43.902691
,49,87.471829,43.901901
,50,87.472221,43.902841
,50,87.472529,43.902051
,51,87.472951,43.902992
,51,87.473240,43.902232
,52,87.473572,43.903131
,52,87.473856,43.902365
,53,87.474531,43.903282
,53,87.474676,43.902878
,54,87.475086,43.903372
,54,87.475212,43.903010
,55,87.475598,43.903541
,55,87.475731,43.903203
,56,87.476063,43.902853
,56,87.476817,43.903414
,57,87.476575,43.902407
,57,87.477094,43.902504
,58,87.476804,43.901943
,58,87.477395,43.902045
,58,87.477969,43.902040
,58,87.478083,43.902039
,58,87.478481,43.902094
,58,87.479073,43.902222
,58,87.479715,43.902361
,58,87.480260,43.902480
,59,87.478029,43.903058
,59,87.478704,43.903197
,59,87.479349,43.903329
,59,87.479970,43.903456
,60,87.477058,43.903867
,60,87.477099,43.903759
,60,87.477315,43.903204
,60,87.477390,43.903010
,60,87.477655,43.902329
,61,87.480815,43.907179
,61,87.481111,43.906400
,61,87.481476,43.905442
,61,87.481546,43.905258
,62,87.482346,43.904339
,62,87.482733,43.904424
,62,87.483131,43.904511
,62,87.483504,43.904592
,63,87.484029,43.905376
,63,87.484192,43.904916
,63,87.484228,43.904815
,64,87.496726,43.908816
,64,87.496721,43.908768
,64,87.496710,43.908721
,64,87.496693,43.908676
,64,87.496670,43.908633
,64,87.496642,43.908594
,64,87.496609,43.908559
,64,87.496571,43.908528
,64,87.496530,43.908503
,65,87.496627,43.909101
,65,87.496650,43.909049
,65,87.496678,43.909001
,65,87.496713,43.908956
,65,87.496752,43.908916
,65,87.496796,43.908881
,65,87.496844,43.908851
,65,87.496895,43.908828
,65,87.496948,43.908810
,65,87.497004,43.908799
,65,87.497442,43.908664
,66,87.496530,43.908503
,66,87.497285,43.908660
,66,87.497356,43.908664
,66,87.497442,43.908664
,67,87.498359,43.908111
,67,87.498630,43.907383
,68,87.499277,43.908274
,68,87.499531,43.907582
,69,87.500195,43.908418
,69,87.500417,43.907776
,70,87.500987,43.908636
,70,87.501227,43.907993
,71,87.501711,43.908812
,71,87.501968,43.908138
,72,87.502475,43.908929
,72,87.502710,43.908305
,73,87.503199,43.909106
,73,87.503443,43.908459
,74,87.503949,43.909251
,74,87.504189,43.908626
,75,87.504687,43.909409
,75,87.504926,43.908771
,76,87.505428,43.909576
,76,87.505668,43.908925
,77,87.505092,43.909762
,77,87.505142,43.909759
,77,87.505191,43.909750
,77,87.505239,43.909734
,77,87.505285,43.909713
,77,87.505327,43.909686
,77,87.505365,43.909654
,77,87.505399,43.909617
,77,87.505428,43.909576
,78,87.498144,43.908460
,78,87.498193,43.908412
,78,87.498238,43.908359
,78,87.498277,43.908301
,78,87.498310,43.908241
,78,87.498338,43.908177
,78,87.498359,43.908111
,79,87.498544,43.908382
,79,87.498504,43.908364
,79,87.498468,43.908340
,79,87.498435,43.908311
,79,87.498408,43.908277
,79,87.498386,43.908239
,79,87.498370,43.908198
,79,87.498361,43.908155
,79,87.498359,43.908111
,80,87.498144,43.908460
,80,87.498221,43.908435
,80,87.498301,43.908414
,80,87.498381,43.908399
,80,87.498463,43.908388
,80,87.498544,43.908382
,81,87.498842,43.908445
,81,87.498896,43.908450
,81,87.498951,43.908449
,81,87.499005,43.908442
,81,87.499057,43.908428
,81,87.499108,43.908408
,81,87.499156,43.908382
,81,87.499201,43.908351
,81,87.499241,43.908314
,81,87.499277,43.908274
,82,87.499704,43.908627
,82,87.499755,43.908639
,82,87.499807,43.908645
,82,87.499860,43.908644
,82,87.499912,43.908636
,82,87.499963,43.908622
,82,87.500012,43.908602
,82,87.500057,43.908575
,82,87.500099,43.908543
,82,87.500136,43.908506
,82,87.500169,43.908464
,82,87.500195,43.908418
,83,87.500522,43.908799
,83,87.500579,43.908808
,83,87.500637,43.908810
,83,87.500694,43.908805
,83,87.500750,43.908792
,83,87.500805,43.908773
,83,87.500856,43.908748
,83,87.500904,43.908716
,83,87.500948,43.908678
,83,87.500987,43.908636
,84,87.501333,43.908970
,84,87.501387,43.908973
,84,87.501440,43.908970
,84,87.501493,43.908959
,84,87.501543,43.908942
,84,87.501591,43.908918
,84,87.501636,43.908888
,84,87.501676,43.908852
,84,87.501711,43.908812
,85,87.502068,43.909125
,85,87.502121,43.909127
,85,87.502173,43.909122
,85,87.502225,43.909112
,85,87.502275,43.909095
,85,87.502322,43.909072
,85,87.502366,43.909044
,85,87.502407,43.909010
,85,87.502443,43.908972
,85,87.502475,43.908929
,86,87.502800,43.909279
,86,87.502851,43.909286
,86,87.502902,43.909286
,86,87.502954,43.909279
,86,87.503003,43.909265
,86,87.503050,43.909245
,86,87.503094,43.909218
,86,87.503134,43.909186
,86,87.503169,43.909148
,86,87.503199,43.909106
,87,87.503392,43.909404
,87,87.503431,43.909417
,87,87.503467,43.909436
,87,87.503500,43.909460
,87,87.503529,43.909489
,87,87.503554,43.909521
,87,87.503574,43.909557
,87,87.503588,43.909595
,87,87.503597,43.909635
,87,87.503599,43.909676
,87,87.503597,43.909717
,88,87.503597,43.909717
,88,87.503637,43.909671
,88,87.503682,43.909631
,88,87.503732,43.909597
,88,87.503785,43.909568
,88,87.503841,43.909547
,88,87.503899,43.909531
,88,87.503959,43.909523
,89,87.503392,43.909404
,89,87.503512,43.909428
,89,87.503573,43.909429
,89,87.503634,43.909423
,89,87.503694,43.909410
,89,87.503752,43.909391
,89,87.503807,43.909365
,89,87.503859,43.909332
,89,87.503907,43.909294
,89,87.503949,43.909251
,90,87.504293,43.909594
,90,87.504339,43.909600
,90,87.504386,43.909600
,90,87.504432,43.909595
,90,87.504477,43.909583
,90,87.504520,43.909566
,90,87.504561,43.909544
,90,87.504599,43.909516
,90,87.504633,43.909484
,90,87.504662,43.909448
,90,87.504687,43.909409
,91,87.482703,43.908961
,91,87.482976,43.908986
,91,87.483249,43.909003
,91,87.483522,43.909014
,91,87.483796,43.909018
,91,87.484069,43.909016
,91,87.484343,43.909007
,91,87.484616,43.908990
,91,87.484889,43.908968
,91,87.485161,43.908938
,91,87.485432,43.908902
,91,87.485703,43.908859
,91,87.485972,43.908810
,91,87.486240,43.908753
,91,87.486506,43.908691
,91,87.486555,43.908675
,91,87.486601,43.908654
,91,87.486643,43.908627
,91,87.486682,43.908595
,91,87.486717,43.908558
,91,87.486746,43.908517
,91,87.486771,43.908472
,91,87.486789,43.908425
,91,87.486800,43.908376
,91,87.487068,43.907682
,92,87.487068,43.907682
,92,87.487071,43.907633
,92,87.487068,43.907584
,92,87.487057,43.907535
,92,87.487040,43.907489
,92,87.487017,43.907445
,92,87.486988,43.907405
,92,87.486953,43.907370
,92,87.486915,43.907339
,92,87.486872,43.907314
,92,87.486826,43.907295
,92,87.486778,43.907283
,93,87.487634,43.907465
,93,87.487576,43.907456
,93,87.487518,43.907452
,93,87.487460,43.907456
,93,87.487402,43.907465
,93,87.487346,43.907480
,93,87.487292,43.907501
,93,87.487240,43.907527
,93,87.487191,43.907559
,93,87.487146,43.907596
,93,87.487105,43.907637
,93,87.487068,43.907682
,94,87.484209,43.905641
,94,87.484172,43.905629
,94,87.484137,43.905611
,94,87.484106,43.905587
,94,87.484079,43.905559
,94,87.484057,43.905527
,94,87.484041,43.905492
,94,87.484031,43.905454
,94,87.484027,43.905415
,94,87.484029,43.905376
,95,87.483668,43.905526
,95,87.483734,43.905517
,95,87.483798,43.905501
,95,87.483860,43.905478
,95,87.483920,43.905450
,95,87.483976,43.905416
,95,87.484029,43.905376
,96,87.484228,43.904815
,96,87.484262,43.904774
,96,87.484301,43.904738
,96,87.484345,43.904707
,96,87.484392,43.904682
,96,87.484442,43.904663
,96,87.484495,43.904652
,96,87.484548,43.904647
,96,87.484585,43.904637
,96,87.484620,43.904622
,96,87.484653,43.904603
,96,87.484683,43.904579
,96,87.484709,43.904552
,96,87.484731,43.904521
,96,87.484841,43.904225
,97,87.484228,43.904815
,97,87.484233,43.904782
,97,87.484232,43.904749
,97,87.484226,43.904716
,97,87.484215,43.904684
,97,87.484200,43.904654
,97,87.484180,43.904627
,97,87.484156,43.904604
,97,87.484129,43.904584
,97,87.484103,43.904569
,97,87.484080,43.904551
,97,87.484059,43.904529
,97,87.484043,43.904504
,97,87.484031,43.904477
,97,87.484022,43.904449
,97,87.484019,43.904419
,97,87.484020,43.904389
,97,87.484026,43.904360
,97,87.484121,43.904056
,98,87.484192,43.904916
,98,87.484234,43.904885
,98,87.484279,43.904859
,98,87.484326,43.904839
,98,87.484376,43.904824
,98,87.484427,43.904816
,98,87.484479,43.904813
,98,87.484531,43.904816
,98,87.485477,43.905006
,99,87.476788,43.907701
,99,87.477065,43.907724
,99,87.477342,43.907740
,99,87.477619,43.907749
,99,87.477897,43.907752
,99,87.478174,43.907747
,99,87.478451,43.907735
,99,87.478728,43.907717
,99,87.479005,43.907691
,99,87.479280,43.907659
,99,87.479555,43.907620
,99,87.479829,43.907573
,99,87.480101,43.907520
,99,87.480311,43.907487
,99,87.480482,43.907449
,99,87.480536,43.907434
,99,87.480587,43.907413
,99,87.480635,43.907386
,99,87.480680,43.907354
,99,87.480721,43.907316
,99,87.480758,43.907274
,99,87.480789,43.907228
,99,87.480815,43.907179
,100,87.481111,43.906400
,100,87.481154,43.906353
,100,87.481202,43.906311
,100,87.481254,43.906275
,100,87.481309,43.906244
,100,87.481368,43.906220
,100,87.481429,43.906202
,100,87.481491,43.906191
,100,87.481555,43.906187
,100,87.481618,43.906190
,100,87.481681,43.906200
,101,87.481111,43.906400
,101,87.481114,43.906351
,101,87.481109,43.906302
,101,87.481098,43.906255
,101,87.481080,43.906209
,101,87.481056,43.906167
,101,87.481026,43.906128
,101,87.480991,43.906094
,101,87.480951,43.906066
,101,87.480908,43.906043
,101,87.480862,43.906026
,102,87.494604,43.908674
,102,87.494700,43.908372
,103,87.494166,43.908852
,103,87.494226,43.908850
,103,87.494286,43.908842
,103,87.494345,43.908827
,103,87.494403,43.908807
,103,87.494458,43.908782
,103,87.494510,43.908751
,103,87.494558,43.908715
,103,87.494604,43.908674
,104,87.494700,43.908372
,104,87.494694,43.908326
,104,87.494682,43.908282
,104,87.494665,43.908240
,104,87.494641,43.908200
,104,87.494613,43.908164
,104,87.494580,43.908132
,104,87.494543,43.908104
,104,87.494503,43.908082
,104,87.494460,43.908066
,105,87.494700,43.908372
,105,87.494750,43.908334
,105,87.494804,43.908300
,105,87.494861,43.908272
,105,87.494921,43.908249
,105,87.494982,43.908232
,105,87.495044,43.908221
,105,87.495107,43.908215
,105,87.495171,43.908216
,106,87.494818,43.908991
,106,87.494775,43.908974
,106,87.494736,43.908951
,106,87.494700,43.908922
,106,87.494669,43.908889
,106,87.494643,43.908851
,106,87.494623,43.908809
,106,87.494610,43.908765
,106,87.494603,43.908720
,106,87.494604,43.908674
,107,87.493105,43.907779
,107,87.493034,43.907760
,107,87.492965,43.907735
,107,87.492898,43.907705
,107,87.492835,43.907668
,107,87.492774,43.907627
,107,87.492718,43.907580
,107,87.492665,43.907529
,107,87.492617,43.907473
,107,87.492574,43.907414
,108,87.492465,43.908290
,108,87.492527,43.908067
,109,87.492230,43.908441
,109,87.492271,43.908437
,109,87.492312,43.908427
,109,87.492351,43.908410
,109,87.492387,43.908387
,109,87.492418,43.908359
,109,87.492444,43.908326
,109,87.492465,43.908290
,110,87.492527,43.908067
,110,87.492561,43.908015
,110,87.492601,43.907967
,110,87.492645,43.907924
,110,87.492694,43.907885
,110,87.492746,43.907852
,110,87.492802,43.907825
,110,87.492860,43.907803
,110,87.492920,43.907787
,110,87.492981,43.907778
,110,87.493043,43.907776
,110,87.493105,43.907779
,111,87.491683,43.908196
,111,87.491974,43.907440
,112,87.491218,43.908092
,112,87.491508,43.907333
,113,87.490755,43.907985
,113,87.491043,43.907248
,114,87.490292,43.907878
,114,87.490569,43.907155
,115,87.489824,43.907784
,115,87.490109,43.907048
,116,87.489361,43.907686
,116,87.489635,43.906969
,117,87.488893,43.907590
,117,87.489186,43.906853
,118,87.488430,43.907480
,118,87.488712,43.906766
,119,87.487961,43.907395
,119,87.488252,43.906642
,120,87.487502,43.907288
,120,87.487792,43.906549
,121,87.487030,43.907192
,121,87.487321,43.906444
,122,87.486570,43.907093
,122,87.486855,43.906351
,123,87.486108,43.907000
,123,87.486401,43.906232
,124,87.485637,43.906896
,124,87.485938,43.906122
,125,87.485340,43.906977
,125,87.485385,43.906983
,125,87.485430,43.906982
,125,87.485475,43.906976
,125,87.485519,43.906964
,125,87.485561,43.906946
,125,87.485601,43.906923
,125,87.485637,43.906896
,126,87.485804,43.907076
,126,87.485769,43.907065
,126,87.485736,43.907047
,126,87.485706,43.907025
,126,87.485680,43.906997
,126,87.485660,43.906966
,126,87.485645,43.906932
,126,87.485637,43.906896
,127,87.485804,43.907076
,127,87.485850,43.907083
,127,87.485896,43.907084
,127,87.485942,43.907079
,127,87.485987,43.907067
,127,87.486030,43.907050
,127,87.486071,43.907028
,127,87.486108,43.907000
,128,87.486224,43.907165
,128,87.486198,43.907151
,128,87.486174,43.907133
,128,87.486153,43.907111
,128,87.486135,43.907086
,128,87.486121,43.907059
,128,87.486112,43.907030
,128,87.486108,43.907000
,129,87.486335,43.907189
,129,87.486378,43.907186
,129,87.486421,43.907178
,129,87.486462,43.907165
,129,87.486501,43.907146
,129,87.486538,43.907122
,129,87.486570,43.907093
,130,87.486778,43.907283
,130,87.486741,43.907276
,130,87.486706,43.907263
,130,87.486673,43.907245
,130,87.486643,43.907222
,130,87.486618,43.907195
,130,87.486597,43.907163
,130,87.486581,43.907129
,130,87.486570,43.907093
,131,87.486826,43.907295
,131,87.486865,43.907291
,131,87.486903,43.907281
,131,87.486939,43.907266
,131,87.486973,43.907245
,131,87.487004,43.907221
,131,87.487030,43.907192
,132,87.487201,43.907373
,132,87.487166,43.907360
,132,87.487133,43.907342
,132,87.487104,43.907319
,132,87.487078,43.907292
,132,87.487057,43.907261
,132,87.487041,43.907228
,132,87.487030,43.907192
,133,87.487201,43.907373
,133,87.487241,43.907382
,133,87.487282,43.907385
,133,87.487323,43.907382
,133,87.487364,43.907374
,133,87.487402,43.907360
,133,87.487439,43.907341
,133,87.487472,43.907316
,133,87.487502,43.907288
,134,87.485938,43.906122
,134,87.485931,43.906094
,134,87.485919,43.906067
,134,87.485903,43.906042
,134,87.485883,43.906021
,134,87.485860,43.906003
,134,87.485834,43.905989
,134,87.485806,43.905979
,135,87.485938,43.906122
,135,87.485983,43.906099
,135,87.486030,43.906082
,135,87.486079,43.906070
,135,87.486128,43.906063
,135,87.486178,43.906063
,135,87.486228,43.906069
,136,87.486401,43.906232
,136,87.486390,43.906198
,136,87.486374,43.906166
,136,87.486352,43.906137
,136,87.486326,43.906112
,136,87.486296,43.906092
,136,87.486263,43.906078
,136,87.486228,43.906069
,137,87.486401,43.906232
,137,87.486435,43.906205
,137,87.486473,43.906183
,137,87.486514,43.906166
,137,87.486557,43.906156
,137,87.486600,43.906153
,137,87.486643,43.906158
,137,87.486687,43.906166
,138,87.486687,43.906166
,138,87.486719,43.906175
,138,87.486750,43.906189
,138,87.486778,43.906207
,138,87.486802,43.906230
,138,87.486822,43.906257
,138,87.486839,43.906286
,138,87.486849,43.906318
,138,87.486855,43.906351
,139,87.486855,43.906351
,139,87.486892,43.906323
,139,87.486933,43.906299
,139,87.486975,43.906281
,139,87.487020,43.906268
,139,87.487066,43.906262
,139,87.487113,43.906261
,139,87.487159,43.906266
,140,87.487321,43.906444
,140,87.487315,43.906412
,140,87.487305,43.906382
,140,87.487289,43.906354
,140,87.487269,43.906328
,140,87.487246,43.906306
,140,87.487219,43.906288
,140,87.487190,43.906275
,140,87.487159,43.906266
,141,87.487321,43.906444
,141,87.487357,43.906415
,141,87.487396,43.906392
,141,87.487439,43.906374
,141,87.487483,43.906362
,141,87.487529,43.906356
,141,87.487575,43.906357
,141,87.487620,43.906364
,142,87.487620,43.906364
,142,87.487660,43.906381
,142,87.487697,43.906405
,142,87.487729,43.906435
,142,87.487756,43.906469
,142,87.487777,43.906507
,142,87.487792,43.906549
,143,87.487792,43.906549
,143,87.487828,43.906520
,143,87.487868,43.906496
,143,87.487910,43.906477
,143,87.487954,43.906464
,143,87.487999,43.906456
,143,87.488045,43.906454
,144,87.488045,43.906454
,144,87.488085,43.906467
,144,87.488122,43.906485
,144,87.488156,43.906509
,144,87.488187,43.906537
,144,87.488213,43.906569
,144,87.488235,43.906604
,144,87.488252,43.906642
,145,87.488503,43.906551
,145,87.488457,43.906552
,145,87.488412,43.906560
,145,87.488369,43.906572
,145,87.488327,43.906591
,145,87.488288,43.906614
,145,87.488252,43.906642
,146,87.488712,43.906766
,146,87.488713,43.906733
,146,87.488709,43.906701
,146,87.488700,43.906670
,146,87.488685,43.906641
,146,87.488666,43.906615
,146,87.488643,43.906593
,146,87.488616,43.906575
,147,87.488712,43.906766
,147,87.488740,43.906735
,147,87.488771,43.906708
,147,87.488806,43.906686
,147,87.488843,43.906669
,147,87.488883,43.906658
,147,87.488923,43.906652
,147,87.488965,43.906652
,147,87.489005,43.906657
,148,87.489186,43.906853
,148,87.489180,43.906818
,148,87.489168,43.906784
,148,87.489151,43.906753
,148,87.489129,43.906725
,148,87.489103,43.906700
,148,87.489073,43.906681
,148,87.489040,43.906666
,148,87.489005,43.906657
,149,87.489635,43.906969
,149,87.489632,43.906933
,149,87.489623,43.906897
,149,87.489608,43.906864
,149,87.489588,43.906834
,149,87.489563,43.906807
,149,87.489535,43.906784
,149,87.489503,43.906767
,149,87.489468,43.906755
,150,87.489186,43.906853
,150,87.489217,43.906821
,150,87.489253,43.906794
,150,87.489293,43.906774
,150,87.489335,43.906759
,150,87.489379,43.906751
,150,87.489424,43.906750
,150,87.489468,43.906755
,151,87.489635,43.906969
,151,87.489664,43.906938
,151,87.489698,43.906911
,151,87.489734,43.906889
,151,87.489773,43.906871
,151,87.489814,43.906859
,151,87.489856,43.906852
,151,87.489899,43.906851
,151,87.489941,43.906856
,152,87.490109,43.907048
,152,87.490104,43.907014
,152,87.490093,43.906982
,152,87.490077,43.906952
,152,87.490057,43.906924
,152,87.490032,43.906900
,152,87.490005,43.906881
,152,87.489974,43.906866
,152,87.489941,43.906856
,153,87.490569,43.907155
,153,87.490566,43.907121
,153,87.490557,43.907089
,153,87.490544,43.907058
,153,87.490525,43.907029
,153,87.490502,43.907004
,153,87.490476,43.906984
,153,87.490446,43.906967
,153,87.490414,43.906956
,154,87.490866,43.907051
,154,87.490819,43.907047
,154,87.490772,43.907050
,154,87.490727,43.907059
,154,87.490682,43.907074
,154,87.490641,43.907096
,154,87.490603,43.907123
,154,87.490569,43.907155
,155,87.490109,43.907048
,155,87.490153,43.907016
,155,87.490201,43.906991
,155,87.490252,43.906972
,155,87.490305,43.906959
,155,87.490360,43.906954
,155,87.490414,43.906956
,156,87.490866,43.907051
,156,87.490907,43.907072
,156,87.490944,43.907098
,156,87.490977,43.907129
,156,87.491005,43.907166
,156,87.491027,43.907206
,156,87.491043,43.907248
,157,87.491043,43.907248
,157,87.491085,43.907219
,157,87.491130,43.907194
,157,87.491177,43.907175
,157,87.491227,43.907161
,157,87.491277,43.907152
,157,87.491328,43.907149
,158,87.491508,43.907333
,158,87.491501,43.907299
,158,87.491489,43.907267
,158,87.491471,43.907238
,158,87.491449,43.907211
,158,87.491423,43.907189
,158,87.491394,43.907170
,158,87.491362,43.907157
,158,87.491328,43.907149
,159,87.491508,43.907333
,159,87.491542,43.907306
,159,87.491579,43.907283
,159,87.491618,43.907265
,159,87.491659,43.907253
,159,87.491701,43.907245
,159,87.491744,43.907243
,159,87.491787,43.907247
,160,87.491974,43.907440
,160,87.491962,43.907402
,160,87.491944,43.907366
,160,87.491921,43.907333
,160,87.491893,43.907304
,160,87.491861,43.907279
,160,87.491825,43.907260
,160,87.491787,43.907247
,161,87.491974,43.907440
,161,87.491996,43.907410
,161,87.492023,43.907383
,161,87.492054,43.907361
,161,87.492088,43.907345
,161,87.492124,43.907335
,161,87.492162,43.907332
,161,87.492199,43.907334
,162,87.491849,43.908360
,162,87.491816,43.908350
,162,87.491785,43.908334
,162,87.491756,43.908314
,162,87.491731,43.908289
,162,87.491710,43.908261
,162,87.491694,43.908230
,162,87.491683,43.908196
,163,87.491405,43.908266
,163,87.491477,43.908258
,163,87.491547,43.908244
,163,87.491616,43.908223
,163,87.491683,43.908196
,164,87.491405,43.908266
,164,87.491363,43.908251
,164,87.491325,43.908230
,164,87.491290,43.908202
,164,87.491260,43.908170
,164,87.491236,43.908133
,164,87.491218,43.908092
,165,87.490933,43.908166
,165,87.490983,43.908168
,165,87.491033,43.908165
,165,87.491082,43.908155
,165,87.491130,43.908140
,165,87.491175,43.908119
,165,87.491218,43.908092
,166,87.490933,43.908166
,166,87.490896,43.908155
,166,87.490862,43.908138
,166,87.490831,43.908115
,166,87.490804,43.908088
,166,87.490782,43.908056
,166,87.490765,43.908022
,166,87.490755,43.907985
,167,87.490458,43.908065
,167,87.490503,43.908069
,167,87.490548,43.908068
,167,87.490593,43.908062
,167,87.490637,43.908050
,167,87.490679,43.908033
,167,87.490719,43.908011
,167,87.490755,43.907985
,168,87.490458,43.908065
,168,87.490419,43.908046
,168,87.490383,43.908022
,168,87.490352,43.907992
,168,87.490326,43.907957
,168,87.490306,43.907919
,168,87.490292,43.907878
,169,87.489993,43.907966
,169,87.490039,43.907970
,169,87.490085,43.907969
,169,87.490130,43.907961
,169,87.490175,43.907948
,169,87.490217,43.907930
,169,87.490256,43.907906
,169,87.490292,43.907878
,170,87.489993,43.907966
,170,87.489954,43.907948
,170,87.489918,43.907924
,170,87.489887,43.907895
,170,87.489860,43.907862
,170,87.489839,43.907825
,170,87.489824,43.907784
,171,87.489525,43.907866
,171,87.489570,43.907870
,171,87.489616,43.907869
,171,87.489661,43.907862
,171,87.489705,43.907850
,171,87.489747,43.907833
,171,87.489787,43.907811
,171,87.489824,43.907784
,172,87.489525,43.907866
,172,87.489493,43.907858
,172,87.489464,43.907844
,172,87.489437,43.907826
,172,87.489413,43.907803
,172,87.489393,43.907778
,172,87.489377,43.907749
,172,87.489367,43.907718
,172,87.489361,43.907686
,173,87.489065,43.907769
,173,87.489110,43.907777
,173,87.489156,43.907778
,173,87.489202,43.907772
,173,87.489246,43.907760
,173,87.489288,43.907741
,173,87.489327,43.907716
,173,87.489361,43.907686
,174,87.488593,43.907668
,174,87.488639,43.907673
,174,87.488684,43.907672
,174,87.488729,43.907666
,174,87.488773,43.907654
,174,87.488815,43.907637
,174,87.488856,43.907616
,174,87.488893,43.907590
,175,87.489065,43.907769
,175,87.489028,43.907758
,175,87.488995,43.907741
,175,87.488965,43.907719
,175,87.488938,43.907692
,175,87.488918,43.907661
,175,87.488902,43.907626
,175,87.488893,43.907590
,176,87.488139,43.907572
,176,87.488184,43.907576
,176,87.488229,43.907573
,176,87.488273,43.907565
,176,87.488316,43.907551
,176,87.488357,43.907532
,176,87.488395,43.907508
,176,87.488430,43.907480
,177,87.488593,43.907668
,177,87.488559,43.907654
,177,87.488527,43.907635
,177,87.488498,43.907611
,177,87.488474,43.907582
,177,87.488454,43.907550
,177,87.488439,43.907516
,177,87.488430,43.907480
,178,87.488139,43.907572
,178,87.488099,43.907556
,178,87.488061,43.907534
,178,87.488028,43.907506
,178,87.488000,43.907473
,178,87.487978,43.907435
,178,87.487961,43.907395
,179,87.487737,43.907487
,179,87.487779,43.907485
,179,87.487820,43.907478
,179,87.487859,43.907465
,179,87.487897,43.907446
,179,87.487931,43.907423
,179,87.487961,43.907395
,180,87.487634,43.907465
,180,87.487603,43.907451
,180,87.487575,43.907433
,180,87.487551,43.907410
,180,87.487531,43.907383
,180,87.487516,43.907353
,180,87.487506,43.907321
,180,87.487502,43.907288
,181,87.454131,43.899555
,181,87.454165,43.899511
,181,87.454204,43.899470
,181,87.454247,43.899434
,181,87.454294,43.899404
,181,87.454344,43.899379
,181,87.454396,43.899360
,181,87.454451,43.899347
,181,87.454507,43.899340
,181,87.454562,43.899340
,181,87.454618,43.899347
,181,87.454673,43.899359
,182,87.453446,43.902722
,182,87.453393,43.902702
,182,87.453342,43.902675
,182,87.453295,43.902643
,182,87.453252,43.902605
,182,87.453214,43.902562
,182,87.453181,43.902516
,182,87.453154,43.902465
,182,87.453134,43.902412
,182,87.453119,43.902357
,182,87.453111,43.902301
,182,87.453109,43.902243
,182,87.453115,43.902187
,182,87.453127,43.902131
,183,87.453127,43.902131
,183,87.453748,43.900538
,183,87.453972,43.899962
,183,87.454131,43.899555
,184,87.453748,43.900538
,184,87.453788,43.900495
,184,87.453832,43.900458
,184,87.453880,43.900425
,184,87.453932,43.900399
,184,87.453986,43.900379
,184,87.454043,43.900366
,184,87.454101,43.900359
,184,87.454158,43.900359
,184,87.454216,43.900366
,185,87.454216,43.900366
,185,87.454170,43.900352
,185,87.454126,43.900332
,185,87.454086,43.900306
,185,87.454051,43.900274
,185,87.454020,43.900237
,185,87.453995,43.900196
,185,87.453977,43.900151
,185,87.453965,43.900105
,185,87.453960,43.900057
,185,87.453963,43.900009
,185,87.453972,43.899962
,186,87.456429,43.900562
,186,87.456628,43.900041
,187,87.455941,43.900732
,187,87.456001,43.900736
,187,87.456060,43.900734
,187,87.456119,43.900726
,187,87.456177,43.900712
,187,87.456233,43.900692
,187,87.456286,43.900667
,187,87.456338,43.900637
,187,87.456385,43.900601
,187,87.456429,43.900562
,188,87.456692,43.900892
,188,87.456646,43.900873
,188,87.456603,43.900849
,188,87.456564,43.900819
,188,87.456528,43.900784
,188,87.456497,43.900746
,188,87.456471,43.900703
,188,87.456451,43.900658
,188,87.456437,43.900610
,188,87.456429,43.900562
,189,87.456628,43.900041
,189,87.456621,43.899991
,189,87.456607,43.899943
,189,87.456587,43.899896
,189,87.456560,43.899854
,189,87.456528,43.899815
,189,87.456491,43.899781
,189,87.456448,43.899753
,189,87.456403,43.899731
,190,87.456628,43.900041
,190,87.456672,43.900003
,190,87.456720,43.899969
,190,87.456770,43.899940
,190,87.456824,43.899915
,190,87.456879,43.899896
,190,87.456936,43.899882
,190,87.456994,43.899874
,190,87.457052,43.899871
,191,87.457538,43.903599
,191,87.457598,43.903598
,191,87.457658,43.903591
,191,87.457716,43.903577
,191,87.457773,43.903557
,191,87.457827,43.903532
,191,87.457878,43.903500
,191,87.457926,43.903463
,191,87.457969,43.903421
,191,87.458007,43.903375
,192,87.458280,43.903757
,192,87.458236,43.903744
,192,87.458193,43.903724
,192,87.458154,43.903700
,192,87.458118,43.903670
,192,87.458086,43.903636
,192,87.458059,43.903598
,192,87.458037,43.903557
,192,87.458021,43.903513
,192,87.458010,43.903468
,192,87.458006,43.903421
,192,87.458007,43.903375
,193,87.461469,43.895303
,193,87.461746,43.895303
,194,87.462088,43.895641
,194,87.462069,43.895588
,194,87.462045,43.895538
,194,87.462015,43.895491
,194,87.461980,43.895448
,194,87.461941,43.895409
,194,87.461897,43.895374
,194,87.461849,43.895345
,194,87.461799,43.895321
,194,87.461746,43.895303
,195,87.461746,43.895303
,195,87.462416,43.895303
,195,87.463252,43.895303
,195,87.464191,43.895303
,195,87.465023,43.895303
,196,87.462088,43.895641
,196,87.462104,43.895588
,196,87.462126,43.895538
,196,87.462154,43.895491
,196,87.462187,43.895447
,196,87.462225,43.895408
,196,87.462268,43.895373
,196,87.462315,43.895344
,196,87.462364,43.895321
,196,87.462416,43.895303
,197,87.462663,43.895526
,197,87.462631,43.895480
,197,87.462595,43.895437
,197,87.462555,43.895397
,197,87.462512,43.895362
,197,87.462465,43.895330
,197,87.462416,43.895303
,198,87.463592,43.895593
,198,87.463557,43.895538
,198,87.463517,43.895487
,198,87.463472,43.895440
,198,87.463422,43.895398
,198,87.463369,43.895361
,198,87.463312,43.895329
,198,87.463252,43.895303
,199,87.464520,43.895514
,199,87.464485,43.895469
,199,87.464445,43.895428
,199,87.464400,43.895392
,199,87.464352,43.895361
,199,87.464301,43.895336
,199,87.464247,43.895316
,199,87.464191,43.895303
,200,87.465304,43.895514
,200,87.465269,43.895466
,200,87.465228,43.895422
,200,87.465182,43.895384
,200,87.465132,43.895351
,200,87.465079,43.895324
,200,87.465023,43.895303
,201,87.459895,43.898576
,201,87.459935,43.898533
,201,87.459979,43.898495
,201,87.460026,43.898461
,201,87.460077,43.898432
,201,87.460131,43.898409
,201,87.460186,43.898392
,201,87.460244,43.898380
,201,87.460302,43.898375
,201,87.460360,43.898375
,201,87.460418,43.898382
,201,87.460475,43.898395
,201,87.460536,43.898406
,201,87.460597,43.898411
,201,87.460659,43.898409
,201,87.460720,43.898401
,201,87.460780,43.898387
,201,87.460838,43.898367
,201,87.460894,43.898341
,201,87.460947,43.898310
,201,87.460997,43.898274
,201,87.461043,43.898232
,201,87.461084,43.898186
,202,87.460067,43.898140
,202,87.460108,43.898091
,202,87.460154,43.898046
,202,87.460204,43.898007
,202,87.460258,43.897973
,202,87.460316,43.897946
,202,87.460376,43.897925
,202,87.460438,43.897910
,202,87.460501,43.897902
,202,87.460565,43.897901
,202,87.460628,43.897906
,202,87.460691,43.897918
,202,87.460747,43.897930
,202,87.460805,43.897936
,202,87.460862,43.897935
,202,87.460920,43.897929
,202,87.460976,43.897917
,202,87.461031,43.897899
,202,87.461084,43.897875
,202,87.461134,43.897847
,202,87.461181,43.897813
,202,87.461224,43.897775
,202,87.461263,43.897732
,203,87.465509,43.898614
,203,87.465498,43.898573
,203,87.465482,43.898533
,203,87.465460,43.898497
,203,87.465433,43.898464
,203,87.465401,43.898435
,203,87.465366,43.898411
,203,87.465327,43.898392
,203,87.465286,43.898380
,203,87.465244,43.898373
,204,87.464822,43.898602
,204,87.464801,43.898556
,204,87.464773,43.898512
,204,87.464741,43.898473
,204,87.464703,43.898439
,204,87.464661,43.898410
,204,87.464615,43.898387
,204,87.464567,43.898371
,205,87.464134,43.898626
,205,87.464115,43.898578
,205,87.464089,43.898534
,205,87.464058,43.898493
,205,87.464021,43.898457
,205,87.463980,43.898426
,205,87.463936,43.898400
,205,87.463888,43.898381
,205,87.463838,43.898369
,206,87.463441,43.898608
,206,87.463422,43.898566
,206,87.463399,43.898527
,206,87.463371,43.898490
,206,87.463338,43.898458
,206,87.463302,43.898430
,206,87.463262,43.898406
,206,87.463220,43.898388
,206,87.463176,43.898375
,206,87.463131,43.898367
,207,87.462374,43.898365
,207,87.462420,43.898366
,207,87.462466,43.898374
,207,87.462510,43.898388
,207,87.462552,43.898407
,207,87.462590,43.898432
,207,87.462626,43.898462
,207,87.462656,43.898497
,207,87.462682,43.898535
,207,87.462702,43.898576
,207,87.462717,43.898620
,208,87.461794,43.898548
,208,87.461853,43.898502
,208,87.461914,43.898460
,208,87.461979,43.898424
,208,87.462045,43.898392
,208,87.462114,43.898364
,209,87.460914,43.898618
,209,87.460948,43.898567
,209,87.460988,43.898521
,209,87.461033,43.898480
,209,87.461083,43.898444
,209,87.461137,43.898414
,209,87.461193,43.898391
,209,87.461252,43.898374
,209,87.461313,43.898365
,209,87.461374,43.898362
,210,87.461623,43.898363
,210,87.461670,43.898362
,210,87.461717,43.898354
,210,87.461762,43.898340
,210,87.461805,43.898319
,210,87.461845,43.898294
,210,87.461881,43.898263
,210,87.461913,43.898227
,210,87.461939,43.898188
,210,87.461960,43.898145
,210,87.461997,43.898099
,210,87.462040,43.898057
,210,87.462086,43.898019
,210,87.462135,43.897987
,210,87.462188,43.897959
,210,87.462242,43.897936
,210,87.462299,43.897919
,210,87.462357,43.897907
,211,87.465334,43.897902
,211,87.465376,43.897896
,211,87.465417,43.897884
,211,87.465456,43.897866
,211,87.465492,43.897843
,211,87.465524,43.897816
,211,87.465552,43.897784
,211,87.465576,43.897748
,211,87.465594,43.897709
,212,87.464805,43.897903
,212,87.464852,43.897890
,212,87.464897,43.897871
,212,87.464939,43.897846
,212,87.464977,43.897815
,212,87.465011,43.897780
,212,87.465040,43.897740
,212,87.465063,43.897697
,213,87.464254,43.897904
,213,87.464293,43.897904
,213,87.464332,43.897897
,213,87.464369,43.897885
,213,87.464404,43.897866
,213,87.464435,43.897842
,213,87.464462,43.897813
,213,87.464484,43.897780
,213,87.464500,43.897745
,213,87.464510,43.897706
,213,87.464514,43.897667
,214,87.463719,43.897905
,214,87.463762,43.897896
,214,87.463804,43.897881
,214,87.463842,43.897859
,214,87.463876,43.897831
,214,87.463906,43.897799
,214,87.463930,43.897762
,214,87.463948,43.897722
,214,87.463959,43.897679
,215,87.463172,43.897906
,215,87.463214,43.897896
,215,87.463254,43.897881
,215,87.463290,43.897859
,215,87.463323,43.897832
,215,87.463352,43.897801
,215,87.463375,43.897765
,215,87.463393,43.897726
,215,87.463405,43.897685
,215,87.463411,43.897643
,216,87.462597,43.897907
,216,87.462644,43.897897
,216,87.462690,43.897881
,216,87.462733,43.897858
,216,87.462771,43.897829
,216,87.462806,43.897794
,216,87.462834,43.897756
,216,87.462858,43.897713
,216,87.462874,43.897667
,217,87.462090,43.897908
,217,87.462130,43.897897
,217,87.462168,43.897881
,217,87.462204,43.897859
,217,87.462236,43.897833
,217,87.462264,43.897802
,217,87.462288,43.897767
,217,87.462306,43.897730
,217,87.462318,43.897690
,217,87.462325,43.897649
,218,87.461084,43.898186
,218,87.461109,43.898139
,218,87.461139,43.898095
,218,87.461174,43.898054
,218,87.461213,43.898017
,218,87.461256,43.897985
,218,87.461302,43.897958
,218,87.461350,43.897936
,218,87.461401,43.897920
,218,87.461454,43.897909
,219,87.461519,43.897084
,219,87.461559,43.897043
,219,87.461603,43.897007
,219,87.461651,43.896975
,219,87.461702,43.896949
,219,87.461755,43.896929
,219,87.461811,43.896914
,219,87.461867,43.896906
,219,87.461924,43.896904
,219,87.461981,43.896907
,220,87.461733,43.896540
,220,87.461733,43.896588
,220,87.461738,43.896635
,220,87.461750,43.896682
,220,87.461768,43.896726
,220,87.461792,43.896768
,220,87.461822,43.896805
,220,87.461856,43.896839
,220,87.461895,43.896867
,220,87.461937,43.896890
,220,87.461981,43.896907
,221,87.461733,43.896540
,221,87.461767,43.896497
,221,87.461806,43.896458
,221,87.461850,43.896424
,221,87.461897,43.896395
,221,87.461947,43.896372
,221,87.461999,43.896355
,221,87.462053,43.896345
,221,87.462108,43.896341
,222,87.462108,43.896341
,222,87.462069,43.896322
,222,87.462033,43.896298
,222,87.462001,43.896268
,222,87.461975,43.896234
,222,87.461954,43.896196
,222,87.461940,43.896155
,222,87.461932,43.896112
,222,87.461930,43.896069
,222,87.461936,43.896026
,223,87.458661,43.901713
,223,87.458705,43.901662
,223,87.458753,43.901615
,223,87.458805,43.901573
,223,87.458861,43.901536
,223,87.458920,43.901504
,223,87.458982,43.901478
,223,87.459046,43.901458
,223,87.459111,43.901444
,223,87.459178,43.901436
,223,87.459245,43.901434
,224,87.459245,43.901434
,224,87.459195,43.901412
,224,87.459148,43.901385
,224,87.459105,43.901353
,224,87.459065,43.901316
,224,87.459030,43.901275
,224,87.458999,43.901230
,224,87.458974,43.901182
,224,87.458954,43.901132
,224,87.458940,43.901079
,224,87.458931,43.901026
,225,87.458315,43.901236
,225,87.458382,43.901242
,225,87.458449,43.901242
,225,87.458517,43.901235
,225,87.458583,43.901222
,225,87.458648,43.901203
,225,87.458710,43.901179
,225,87.458771,43.901148
,225,87.458828,43.901112
,225,87.458882,43.901071
,225,87.458931,43.901026
,226,87.458315,43.901236
,226,87.458367,43.901251
,226,87.458417,43.901271
,226,87.458463,43.901297
,226,87.458507,43.901329
,226,87.458546,43.901366
,226,87.458580,43.901408
,226,87.458609,43.901453
,226,87.458632,43.901502
,226,87.458649,43.901553
,226,87.458660,43.901605
,226,87.458664,43.901659
,226,87.458661,43.901713
,227,87.464678,43.901752
,227,87.464478,43.902267
,227,87.464269,43.902802
,227,87.463965,43.903583
,227,87.463949,43.903627
,227,87.463940,43.903672
,227,87.463938,43.903719
,227,87.463941,43.903765
,227,87.463952,43.903810
,227,87.463968,43.903854
,227,87.463990,43.903895
,227,87.464018,43.903932
,227,87.464050,43.903965
,227,87.464087,43.903994
,227,87.465132,43.904758
,227,87.465384,43.904896
,227,87.465640,43.905029
,227,87.465898,43.905156
,227,87.466159,43.905277
,227,87.466422,43.905393
,227,87.466688,43.905502
,227,87.466956,43.905606
,228,87.464269,43.902802
,228,87.464317,43.902757
,228,87.464370,43.902718
,228,87.464427,43.902684
,228,87.464487,43.902657
,228,87.464549,43.902635
,228,87.464613,43.902620
,228,87.464678,43.902612
,228,87.464744,43.902611
,228,87.464810,43.902616
,229,87.464810,43.902616
,229,87.464761,43.902602
,229,87.464714,43.902582
,229,87.464669,43.902557
,229,87.464628,43.902527
,229,87.464591,43.902492
,229,87.464558,43.902453
,229,87.464530,43.902410
,229,87.464507,43.902365
,229,87.464489,43.902317
,229,87.464478,43.902267
,230,87.463986,43.902441
,230,87.464037,43.902461
,230,87.464084,43.902488
,230,87.464127,43.902520
,230,87.464165,43.902558
,230,87.464199,43.902600
,230,87.464226,43.902647
,230,87.464247,43.902697
,230,87.464262,43.902749
,230,87.464269,43.902802
,231,87.463986,43.902441
,231,87.464053,43.902438
,231,87.464119,43.902429
,231,87.464183,43.902415
,231,87.464247,43.902395
,231,87.464308,43.902371
,231,87.464367,43.902341
,231,87.464424,43.902306
,231,87.464478,43.902267
,232,87.464534,43.901478
,232,87.464571,43.901516
,232,87.464603,43.901557
,232,87.464630,43.901602
,232,87.464652,43.901650
,232,87.464668,43.901700
,232,87.464678,43.901752
,233,87.464678,43.901752
,233,87.464701,43.901700
,233,87.464729,43.901650
,233,87.464762,43.901604
,233,87.464800,43.901562
,233,87.464843,43.901524
,233,87.464889,43.901492
,233,87.464939,43.901464
,233,87.464991,43.901442
,233,87.465046,43.901425
,233,87.465101,43.901415
,233,87.465158,43.901411
,234,87.465158,43.901411
,234,87.465202,43.901392
,234,87.465242,43.901367
,234,87.465279,43.901336
,234,87.465311,43.901301
,234,87.465338,43.901262
,234,87.465358,43.901219
,235,87.464608,43.901035
,235,87.464615,43.901079
,235,87.464628,43.901123
,235,87.464647,43.901164
,235,87.464671,43.901203
,235,87.464700,43.901238
,235,87.464732,43.901270
,235,87.464769,43.901296
,235,87.464809,43.901318
,235,87.464851,43.901335
,235,87.464895,43.901346
,235,87.465158,43.901411
,236,87.464534,43.901478
,236,87.464889,43.901492
,237,87.464534,43.901478
,237,87.464522,43.901431
,237,87.464516,43.901383
,237,87.464515,43.901335
,237,87.464521,43.901287
,237,87.464533,43.901240
,237,87.464551,43.901195
,238,87.463981,43.901359
,238,87.464048,43.901364
,238,87.464116,43.901362
,238,87.464183,43.901355
,238,87.464249,43.901342
,238,87.464314,43.901324
,238,87.464377,43.901299
,238,87.464438,43.901270
,238,87.464496,43.901235
,238,87.464551,43.901195
,239,87.463640,43.901020
,239,87.463653,43.901069
,239,87.463672,43.901117
,239,87.463696,43.901161
,239,87.463725,43.901203
,239,87.463759,43.901241
,239,87.463797,43.901275
,239,87.463839,43.901304
,239,87.463884,43.901328
,239,87.463931,43.901346
,239,87.463981,43.901359
,240,87.463137,43.901178
,240,87.463204,43.901180
,240,87.463272,43.901175
,240,87.463338,43.901164
,240,87.463403,43.901147
,240,87.463467,43.901124
,240,87.463527,43.901095
,240,87.463585,43.901060
,240,87.463640,43.901020
,241,87.462850,43.900863
,241,87.462859,43.900913
,241,87.462875,43.900961
,241,87.462897,43.901006
,241,87.462926,43.901048
,241,87.462960,43.901085
,241,87.462999,43.901117
,241,87.463042,43.901144
,241,87.463088,43.901164
,241,87.463137,43.901178
,242,87.462393,43.901018
,242,87.462455,43.901020
,242,87.462517,43.901015
,242,87.462578,43.901004
,242,87.462638,43.900988
,242,87.462695,43.900965
,242,87.462750,43.900936
,242,87.462802,43.900902
,242,87.462850,43.900863
,243,87.462393,43.901018
,243,87.462341,43.901000
,243,87.462290,43.900976
,243,87.462243,43.900946
,243,87.462200,43.900910
,243,87.462162,43.900870
,243,87.462129,43.900825
,243,87.462102,43.900776
,243,87.462080,43.900724
,243,87.462066,43.900670
,244,87.461580,43.900843
,244,87.461639,43.900849
,244,87.461699,43.900848
,244,87.461758,43.900841
,244,87.461816,43.900827
,244,87.461872,43.900807
,244,87.461926,43.900781
,244,87.461977,43.900749
,244,87.462023,43.900712
,244,87.462066,43.900670
,245,87.461047,43.900477
,245,87.461055,43.900523
,245,87.461069,43.900567
,245,87.461089,43.900609
,245,87.461114,43.900648
,245,87.461143,43.900683
,245,87.461177,43.900715
,245,87.461214,43.900742
,245,87.461255,43.900764
,245,87.461298,43.900781
,245,87.461343,43.900792
,246,87.460578,43.900628
,246,87.460660,43.900619
,246,87.460742,43.900604
,246,87.460822,43.900582
,246,87.460899,43.900553
,246,87.460975,43.900518
,246,87.461047,43.900477
,247,87.460255,43.900288
,247,87.460270,43.900341
,247,87.460291,43.900392
,247,87.460318,43.900439
,247,87.460351,43.900483
,247,87.460389,43.900523
,247,87.460431,43.900557
,247,87.460477,43.900587
,247,87.460526,43.900610
,247,87.460578,43.900628
,248,87.459846,43.900471
,248,87.459920,43.900457
,248,87.459993,43.900436
,248,87.460063,43.900408
,248,87.460131,43.900374
,248,87.460195,43.900334
,248,87.460255,43.900288
,249,87.459289,43.900116
,249,87.459305,43.900164
,249,87.459326,43.900209
,249,87.459353,43.900251
,249,87.459384,43.900290
,249,87.459419,43.900325
,249,87.459458,43.900355
,249,87.459501,43.900381
,249,87.459546,43.900401
,249,87.459594,43.900417
,250,87.459106,43.900582
,250,87.459148,43.900540
,250,87.459196,43.900503
,250,87.459246,43.900472
,250,87.459300,43.900446
,250,87.459357,43.900427
,250,87.459415,43.900414
,250,87.459475,43.900408
,250,87.459534,43.900409
,250,87.459594,43.900417
,251,87.458827,43.900252
,251,87.458876,43.900268
,251,87.458922,43.900290
,251,87.458965,43.900318
,251,87.459003,43.900352
,251,87.459036,43.900392
,251,87.459063,43.900435
,251,87.459084,43.900482
,251,87.459099,43.900531
,251,87.459106,43.900582
,252,87.458827,43.900252
,252,87.458908,43.900247
,252,87.458988,43.900234
,252,87.459067,43.900215
,252,87.459144,43.900189
,252,87.459218,43.900156
,252,87.459289,43.900116
,253,87.465236,43.902491
,253,87.465551,43.901674
,254,87.465706,43.902598
,254,87.466027,43.901802
,255,87.466358,43.902747
,255,87.466694,43.901887
,256,87.466828,43.902859
,256,87.467165,43.902010
,257,87.467314,43.902934
,257,87.467634,43.902095
,258,87.467773,43.903046
,258,87.468105,43.902213
,259,87.468238,43.903158
,259,87.468569,43.902282
,260,87.468703,43.903244
,260,87.469044,43.902373
,261,87.469109,43.903351
,261,87.469451,43.902485
,262,87.469434,43.903393
,262,87.469750,43.902550
,263,87.469718,43.903463
,263,87.470043,43.902635
,264,87.472833,43.906858
,264,87.472604,43.906771
,264,87.472377,43.906678
,264,87.472153,43.906579
,264,87.471931,43.906474
,264,87.471712,43.906365
,264,87.471496,43.906249
,264,87.471283,43.906128
,264,87.471072,43.906002
,264,87.470866,43.905871
,264,87.470662,43.905734
,264,87.470462,43.905592
,264,87.470266,43.905446
,264,87.470073,43.905294
,264,87.470034,43.905271
,264,87.469998,43.905242
,264,87.469966,43.905208
,264,87.469939,43.905171
,264,87.469919,43.905130
,264,87.469903,43.905086
,264,87.469895,43.905041
,264,87.469892,43.904995
,264,87.469896,43.904949
,264,87.469907,43.904904
,264,87.469924,43.904862
,265,87.465338,43.901262
,265,87.465369,43.901313
,265,87.465407,43.901361
,265,87.465450,43.901404
,265,87.465497,43.901441
,265,87.465548,43.901473
,265,87.465603,43.901498
,265,87.465660,43.901515
,265,87.465720,43.901529
,266,87.465720,43.901529
,266,87.465781,43.901516
,266,87.465841,43.901496
,266,87.465898,43.901470
,266,87.465952,43.901438
,266,87.466002,43.901400
,266,87.466047,43.901357
,266,87.466088,43.901310
,267,87.465551,43.901674
,267,87.465546,43.901634
,267,87.465535,43.901595
,267,87.465518,43.901559
,267,87.465496,43.901525
,267,87.465469,43.901495
,267,87.465439,43.901470
,268,87.466027,43.901802
,268,87.466031,43.901768
,268,87.466030,43.901735
,268,87.466023,43.901702
,268,87.466011,43.901671
,268,87.465994,43.901642
,268,87.465973,43.901616
,268,87.465947,43.901594
,268,87.465918,43.901577
,268,87.465887,43.901565
,269,87.465551,43.901674
,269,87.465585,43.901642
,269,87.465622,43.901615
,269,87.465662,43.901592
,269,87.465705,43.901576
,269,87.465749,43.901564
,269,87.465795,43.901559
,269,87.465841,43.901559
,269,87.465887,43.901565
,270,87.466335,43.901659
,270,87.466291,43.901645
,270,87.466249,43.901625
,270,87.466210,43.901598
,270,87.466176,43.901567
,270,87.466146,43.901531
,270,87.466122,43.901491
,270,87.466104,43.901448
,270,87.466092,43.901403
,270,87.466087,43.901356
,270,87.466088,43.901310
,271,87.466456,43.901684
,271,87.466513,43.901672
,271,87.466569,43.901654
,271,87.466622,43.901629
,271,87.466673,43.901599
,271,87.466719,43.901564
,271,87.466762,43.901523
,271,87.466800,43.901479
,272,87.466456,43.901684
,272,87.466501,43.901697
,272,87.466544,43.901716
,272,87.466583,43.901740
,272,87.466619,43.901771
,272,87.466650,43.901806
,272,87.466675,43.901845
,272,87.466694,43.901887
,273,87.464810,43.902616
,273,87.464867,43.902622
,273,87.464925,43.902622
,273,87.464982,43.902615
,273,87.465037,43.902602
,273,87.465092,43.902583
,273,87.465143,43.902558
,273,87.465191,43.902527
,273,87.465236,43.902491
,274,87.465236,43.902491
,274,87.465235,43.902530
,274,87.465240,43.902569
,274,87.465252,43.902606
,274,87.465270,43.902641
,274,87.465293,43.902672
,274,87.465321,43.902700
,274,87.465353,43.902722
,274,87.465388,43.902739
,275,87.465388,43.902739
,275,87.465439,43.902735
,275,87.465489,43.902726
,275,87.465538,43.902711
,275,87.465585,43.902690
,275,87.465629,43.902664
,275,87.465669,43.902633
,275,87.465706,43.902598
,276,87.465706,43.902598
,276,87.465707,43.902636
,276,87.465713,43.902674
,276,87.465726,43.902710
,276,87.465744,43.902744
,276,87.465767,43.902775
,276,87.465795,43.902801
,276,87.465828,43.902822
,276,87.465863,43.902838
,276,87.465900,43.902848
,277,87.466515,43.902978
,277,87.466480,43.902965
,277,87.466448,43.902945
,277,87.466419,43.902920
,277,87.466396,43.902891
,277,87.466377,43.902858
,277,87.466364,43.902822
,277,87.466358,43.902785
,277,87.466358,43.902747
,278,87.466515,43.902978
,278,87.466572,43.902974
,278,87.466628,43.902963
,278,87.466682,43.902946
,278,87.466734,43.902923
,278,87.466783,43.902894
,278,87.466828,43.902859
,279,87.466120,43.902895
,279,87.466166,43.902882
,279,87.466211,43.902865
,279,87.466252,43.902842
,279,87.466291,43.902815
,279,87.466326,43.902783
,279,87.466358,43.902747
,280,87.467012,43.903084
,280,87.466974,43.903064
,280,87.466939,43.903038
,280,87.466908,43.903009
,280,87.466881,43.902976
,280,87.466858,43.902939
,280,87.466841,43.902900
,280,87.466828,43.902859
,281,87.467012,43.903084
,281,87.467067,43.903072
,281,87.467121,43.903054
,281,87.467174,43.903031
,281,87.467224,43.903003
,281,87.467270,43.902971
,281,87.467314,43.902934
,282,87.467498,43.903187
,282,87.467459,43.903172
,282,87.467423,43.903150
,282,87.467391,43.903123
,282,87.467364,43.903091
,282,87.467342,43.903056
,282,87.467326,43.903017
,282,87.467317,43.902976
,282,87.467314,43.902934
,283,87.467498,43.903187
,283,87.467549,43.903176
,283,87.467599,43.903160
,283,87.467647,43.903139
,283,87.467692,43.903112
,283,87.467734,43.903081
,283,87.467773,43.903046
,284,87.467987,43.903291
,284,87.467943,43.903272
,284,87.467901,43.903246
,284,87.467865,43.903214
,284,87.467833,43.903178
,284,87.467807,43.903137
,284,87.467787,43.903093
,284,87.467773,43.903046
,285,87.467987,43.903291
,285,87.468042,43.903276
,285,87.468096,43.903254
,285,87.468146,43.903227
,285,87.468194,43.903195
,285,87.468238,43.903158
,286,87.468396,43.903378
,286,87.468361,43.903358
,286,87.468330,43.903333
,286,87.468302,43.903304
,286,87.468278,43.903271
,286,87.468260,43.903236
,286,87.468246,43.903198
,286,87.468238,43.903158
,287,87.468396,43.903378
,287,87.468453,43.903372
,287,87.468508,43.903359
,287,87.468562,43.903340
,287,87.468613,43.903313
,287,87.468660,43.903281
,287,87.468703,43.903244
,288,87.468850,43.903475
,288,87.468817,43.903459
,288,87.468786,43.903439
,288,87.468759,43.903414
,288,87.468737,43.903384
,288,87.468720,43.903352
,288,87.468708,43.903317
,288,87.468702,43.903281
,288,87.468703,43.903244
,289,87.468850,43.903475
,289,87.468906,43.903459
,289,87.468960,43.903439
,289,87.469012,43.903414
,289,87.469062,43.903385
,289,87.469109,43.903351
,290,87.469335,43.903571
,290,87.469286,43.903547
,290,87.469241,43.903518
,290,87.469200,43.903483
,290,87.469164,43.903443
,290,87.469133,43.903399
,290,87.469109,43.903351
,291,87.467056,43.901811
,291,87.467010,43.901793
,291,87.466967,43.901768
,291,87.466927,43.901739
,291,87.466892,43.901704
,291,87.466862,43.901664
,291,87.466837,43.901622
,291,87.466818,43.901576
,291,87.466806,43.901528
,291,87.466800,43.901479
,292,87.467149,43.901831
,292,87.467207,43.901819
,292,87.467264,43.901802
,292,87.467319,43.901780
,292,87.467372,43.901752
,292,87.467422,43.901720
,292,87.467468,43.901683
,292,87.467511,43.901641
,293,87.467743,43.901954
,293,87.467697,43.901931
,293,87.467655,43.901903
,293,87.467616,43.901869
,293,87.467583,43.901830
,293,87.467556,43.901787
,293,87.467534,43.901741
,293,87.467520,43.901692
,293,87.467511,43.901641
,294,87.467056,43.901811
,294,87.467087,43.901836
,294,87.467113,43.901865
,294,87.467134,43.901897
,294,87.467151,43.901933
,294,87.467161,43.901971
,294,87.467165,43.902010
,295,87.467165,43.902010
,295,87.467200,43.901976
,295,87.467239,43.901948
,295,87.467282,43.901925
,295,87.467328,43.901909
,295,87.467376,43.901899
,295,87.467424,43.901896
,295,87.467473,43.901899
,296,87.467473,43.901899
,296,87.467506,43.901909
,296,87.467536,43.901925
,296,87.467564,43.901945
,296,87.467588,43.901970
,296,87.467607,43.901998
,296,87.467621,43.902029
,296,87.467631,43.902062
,296,87.467634,43.902095
,297,87.467939,43.901997
,297,87.467977,43.902013
,297,87.468012,43.902036
,297,87.468042,43.902064
,297,87.468067,43.902096
,297,87.468087,43.902133
,297,87.468099,43.902172
,297,87.468105,43.902213
,298,87.467939,43.901997
,298,87.468003,43.901997
,298,87.468066,43.901990
,298,87.468128,43.901976
,298,87.468188,43.901956
,298,87.468246,43.901930
,298,87.468300,43.901897
,298,87.468351,43.901859
,298,87.468398,43.901816
,299,87.468624,43.902142
,299,87.468582,43.902122
,299,87.468543,43.902096
,299,87.468507,43.902066
,299,87.468476,43.902032
,299,87.468449,43.901993
,299,87.468428,43.901952
,299,87.468412,43.901908
,299,87.468402,43.901863
,299,87.468398,43.901816
,300,87.468374,43.902089
,300,87.468410,43.902098
,300,87.468444,43.902111
,300,87.468475,43.902130
,300,87.468503,43.902154
,300,87.468527,43.902182
,300,87.468546,43.902213
,300,87.468561,43.902247
,300,87.468569,43.902282
,301,87.468569,43.902282
,301,87.468615,43.902254
,301,87.468664,43.902230
,301,87.468714,43.902210
,301,87.468765,43.902194
,301,87.468818,43.902183
,302,87.468818,43.902183
,302,87.468866,43.902201
,302,87.468911,43.902225
,302,87.468952,43.902254
,302,87.468988,43.902290
,302,87.469019,43.902329
,302,87.469044,43.902373
,303,87.468818,43.902183
,303,87.468877,43.902176
,303,87.468934,43.902164
,303,87.468990,43.902146
,303,87.469044,43.902122
,303,87.469095,43.902093
,303,87.469143,43.902060
,303,87.469188,43.902021
,304,87.469451,43.902485
,304,87.469447,43.902445
,304,87.469438,43.902406
,304,87.469424,43.902368
,304,87.469404,43.902333
,304,87.469379,43.902301
,305,87.469379,43.902301
,305,87.469338,43.902273
,305,87.469301,43.902240
,305,87.469268,43.902202
,305,87.469240,43.902161
,305,87.469217,43.902117
,305,87.469200,43.902070
,305,87.469188,43.902021
,306,87.469750,43.902550
,306,87.469753,43.902521
,306,87.469751,43.902491
,306,87.469744,43.902463
,306,87.469733,43.902436
,306,87.469718,43.902412
,306,87.469698,43.902390
,306,87.469676,43.902372
,307,87.469676,43.902372
,307,87.469736,43.902368
,307,87.469797,43.902357
,307,87.469855,43.902341
,307,87.469912,43.902318
,307,87.469965,43.902290
,307,87.470016,43.902255
,307,87.470063,43.902216
,307,87.470104,43.902172
,308,87.470347,43.902506
,308,87.470303,43.902485
,308,87.470262,43.902460
,308,87.470225,43.902429
,308,87.470192,43.902394
,308,87.470163,43.902355
,308,87.470140,43.902312
,308,87.470122,43.902267
,308,87.470110,43.902220
,308,87.470104,43.902172
,309,87.469750,43.902550
,309,87.469780,43.902519
,309,87.469814,43.902492
,309,87.469851,43.902470
,309,87.469890,43.902452
,309,87.469931,43.902439
,309,87.469973,43.902431
,310,87.470043,43.902635
,310,87.470045,43.902598
,310,87.470042,43.902561
,310,87.470032,43.902525
,310,87.470018,43.902490
,310,87.469997,43.902459
,310,87.469973,43.902431
,311,87.470043,43.902635
,311,87.470071,43.902602
,311,87.470103,43.902573
,311,87.470139,43.902548
,311,87.470177,43.902528
,311,87.470218,43.902514
,311,87.470261,43.902506
,311,87.470304,43.902503
,311,87.470347,43.902506
,312,87.469512,43.903609
,312,87.469486,43.903579
,312,87.469465,43.903546
,312,87.469449,43.903510
,312,87.469438,43.903472
,312,87.469434,43.903433
,312,87.469434,43.903393
,313,87.469512,43.903609
,313,87.469567,43.903578
,313,87.469620,43.903543
,313,87.469670,43.903505
,313,87.469718,43.903463
,314,87.469718,43.903463
,314,87.469729,43.903503
,314,87.469746,43.903542
,314,87.469768,43.903578
,314,87.469794,43.903610
,314,87.469825,43.903639
,314,87.469859,43.903664
,314,87.469896,43.903684
,314,87.469935,43.903699
,315,87.470220,43.904095
,315,87.470221,43.904047
,315,87.470216,43.903999
,315,87.470205,43.903952
,315,87.470188,43.903907
,315,87.470165,43.903864
,315,87.470137,43.903825
,315,87.470104,43.903790
,315,87.470067,43.903759
,315,87.470025,43.903733
,315,87.469982,43.903713
,315,87.469935,43.903699
,316,87.469935,43.903699
,316,87.470005,43.903698
,316,87.470075,43.903689
,316,87.470144,43.903675
,316,87.470210,43.903653
,316,87.470275,43.903625
,316,87.470336,43.903592
,316,87.470394,43.903552
,316,87.470448,43.903507
,317,87.470220,43.904095
,317,87.470267,43.904046
,317,87.470319,43.904001
,317,87.470375,43.903962
,317,87.470435,43.903929
,317,87.470497,43.903902
,317,87.470563,43.903882
,317,87.470630,43.903868
,317,87.470698,43.903861
,318,87.470698,43.903861
,318,87.470653,43.903838
,318,87.470611,43.903810
,318,87.470573,43.903776
,318,87.470539,43.903739
,318,87.470510,43.903697
,318,87.470486,43.903653
,318,87.470467,43.903606
,318,87.470455,43.903557
,318,87.470448,43.903507
,319,87.470624,43.903052
,319,87.470666,43.903006
,319,87.470713,43.902965
,319,87.470765,43.902929
,319,87.470821,43.902900
,319,87.470879,43.902877
,319,87.470940,43.902861
,319,87.471002,43.902852
,319,87.471065,43.902850
,319,87.471127,43.902856
,320,87.471127,43.902856
,320,87.471176,43.902859
,320,87.471225,43.902857
,320,87.471274,43.902849
,320,87.471321,43.902835
,320,87.471366,43.902816
,320,87.471409,43.902791
,320,87.471448,43.902762
,320,87.471484,43.902728
,320,87.471516,43.902691
,321,87.471769,43.902993
,321,87.471728,43.902982
,321,87.471688,43.902967
,321,87.471651,43.902945
,321,87.471617,43.902919
,321,87.471587,43.902888
,321,87.471562,43.902854
,321,87.471541,43.902816
,321,87.471527,43.902775
,321,87.471518,43.902733
,321,87.471516,43.902691
,322,87.471769,43.902993
,322,87.471824,43.903002
,322,87.471879,43.903004
,322,87.471935,43.902999
,322,87.471990,43.902988
,322,87.472043,43.902971
,322,87.472093,43.902947
,322,87.472140,43.902917
,322,87.472183,43.902882
,322,87.472221,43.902841
,323,87.470501,43.902538
,323,87.470559,43.902535
,323,87.470616,43.902526
,323,87.470671,43.902513
,323,87.470726,43.902493
,323,87.470778,43.902469
,323,87.470827,43.902440
,323,87.470874,43.902406
,324,87.470694,43.902870
,324,87.470696,43.902824
,324,87.470692,43.902779
,324,87.470681,43.902734
,324,87.470664,43.902692
,324,87.470641,43.902652
,324,87.470612,43.902617
,324,87.470579,43.902585
,324,87.470542,43.902559
,324,87.470501,43.902538
,325,87.470501,43.902538
,325,87.470711,43.902641
,325,87.470920,43.902747
,325,87.471127,43.902856
,326,87.470920,43.902747
,326,87.470896,43.902702
,326,87.470877,43.902655
,326,87.470864,43.902606
,326,87.470857,43.902556
,326,87.470857,43.902505
,326,87.470862,43.902455
,326,87.470874,43.902406
,327,87.475971,43.904659
,327,87.476124,43.904254
,328,87.475544,43.904893
,328,87.475622,43.904870
,328,87.475699,43.904840
,328,87.475773,43.904804
,328,87.475843,43.904761
,328,87.475909,43.904713
,328,87.475971,43.904659
,329,87.476244,43.905043
,329,87.476198,43.905025
,329,87.476155,43.905002
,329,87.476115,43.904973
,329,87.476080,43.904939
,329,87.476050,43.904901
,329,87.476025,43.904859
,329,87.476005,43.904814
,329,87.475992,43.904766
,329,87.475986,43.904718
,329,87.475986,43.904669
,329,87.475993,43.904620
,330,87.475839,43.903859
,330,87.475889,43.903876
,330,87.475936,43.903900
,330,87.475979,43.903930
,330,87.476018,43.903966
,330,87.476052,43.904006
,330,87.476079,43.904051
,330,87.476101,43.904099
,330,87.476116,43.904150
,330,87.476123,43.904202
,330,87.476124,43.904254
,331,87.476124,43.904254
,331,87.476189,43.904209
,331,87.476257,43.904168
,331,87.476328,43.904133
,331,87.476401,43.904104
,331,87.476477,43.904080
,331,87.476554,43.904062
,331,87.476632,43.904051
,331,87.476711,43.904045
,332,87.476711,43.904045
,332,87.476762,43.904043
,332,87.476812,43.904034
,332,87.476860,43.904020
,332,87.476907,43.903999
,332,87.476950,43.903973
,332,87.476990,43.903942
,332,87.477026,43.903906
,332,87.477058,43.903867
,333,87.477232,43.904156
,333,87.477164,43.904100
,333,87.477102,43.904039
,333,87.477045,43.903973
,333,87.476993,43.903903
,333,87.476947,43.903828
,333,87.476908,43.903750
,333,87.476874,43.903669
,333,87.476848,43.903586
,333,87.476829,43.903501
,333,87.476817,43.903414
,334,87.476817,43.903414
,334,87.476864,43.903434
,334,87.476908,43.903460
,334,87.476949,43.903491
,334,87.476985,43.903528
,334,87.477015,43.903570
,334,87.477039,43.903615
,334,87.477057,43.903663
,334,87.477067,43.903714
,334,87.477071,43.903765
,334,87.477068,43.903816
,334,87.477058,43.903867
,335,87.472221,43.902841
,335,87.472226,43.902888
,335,87.472237,43.902934
,335,87.472255,43.902978
,335,87.472279,43.903019
,335,87.472310,43.903055
,335,87.472345,43.903087
,335,87.472384,43.903113
,335,87.472427,43.903133
,336,87.472540,43.903157
,336,87.472597,43.903155
,336,87.472653,43.903148
,336,87.472709,43.903135
,336,87.472763,43.903117
,336,87.472814,43.903093
,336,87.472863,43.903064
,336,87.472909,43.903030
,336,87.472951,43.902992
,337,87.472951,43.902992
,337,87.472953,43.903037
,337,87.472962,43.903081
,337,87.472976,43.903123
,337,87.472998,43.903162
,337,87.473024,43.903198
,337,87.473056,43.903229
,337,87.473092,43.903256
,337,87.473131,43.903277
,337,87.473173,43.903292
,338,87.473173,43.903292
,338,87.473228,43.903290
,338,87.473283,43.903283
,338,87.473337,43.903271
,338,87.473389,43.903253
,338,87.473439,43.903229
,338,87.473487,43.903201
,338,87.473531,43.903168
,338,87.473572,43.903131
,339,87.473572,43.903131
,339,87.473573,43.903172
,339,87.473579,43.903213
,339,87.473591,43.903252
,339,87.473609,43.903289
,339,87.473632,43.903323
,339,87.473660,43.903354
,339,87.473692,43.903380
,339,87.473727,43.903401
,339,87.473765,43.903416
,339,87.473805,43.903426
,340,87.474032,43.903474
,340,87.474093,43.903479
,340,87.474155,43.903476
,340,87.474216,43.903467
,340,87.474276,43.903451
,340,87.474334,43.903429
,340,87.474389,43.903400
,340,87.474441,43.903366
,340,87.474488,43.903326
,340,87.474531,43.903282
,341,87.474802,43.903638
,341,87.474755,43.903625
,341,87.474710,43.903605
,341,87.474669,43.903579
,341,87.474632,43.903547
,341,87.474599,43.903511
,341,87.474573,43.903470
,341,87.474552,43.903426
,341,87.474538,43.903379
,341,87.474531,43.903330
,341,87.474531,43.903282
,342,87.474453,43.903564
,342,87.474515,43.903578
,342,87.474578,43.903585
,342,87.474641,43.903586
,342,87.474704,43.903581
,342,87.474767,43.903569
,342,87.474827,43.903550
,342,87.474886,43.903525
,342,87.474941,43.903495
,342,87.474993,43.903459
,342,87.475042,43.903418
,342,87.475086,43.903372
,343,87.475086,43.903372
,343,87.475095,43.903431
,343,87.475110,43.903488
,343,87.475132,43.903544
,343,87.475158,43.903597
,343,87.475190,43.903647
,343,87.475226,43.903694
,343,87.475267,43.903737
,344,87.475267,43.903737
,344,87.475329,43.903717
,344,87.475388,43.903691
,344,87.475445,43.903661
,344,87.475500,43.903625
,344,87.475551,43.903585
,344,87.475598,43.903541
,345,87.475839,43.903859
,345,87.475798,43.903846
,345,87.475759,43.903828
,345,87.475723,43.903804
,345,87.475690,43.903776
,345,87.475662,43.903743
,345,87.475638,43.903707
,345,87.475620,43.903668
,345,87.475607,43.903627
,345,87.475600,43.903584
,345,87.475598,43.903541
,346,87.481476,43.905442
,346,87.481524,43.905393
,346,87.481576,43.905349
,346,87.481632,43.905309
,346,87.481691,43.905273
,346,87.481752,43.905243
,346,87.481816,43.905218
,346,87.481882,43.905199
,346,87.481949,43.905185
,346,87.482017,43.905176
,347,87.481546,43.905258
,347,87.481533,43.905167
,347,87.481480,43.905085
,347,87.481431,43.905019
,347,87.481406,43.904949
,347,87.481422,43.904851
,347,87.481443,43.904781
,347,87.481693,43.904167
,348,87.481052,43.904969
,348,87.481287,43.905044
,348,87.481390,43.905130
,348,87.481443,43.905195
,348,87.481463,43.905265
,348,87.481476,43.905442
,349,87.481546,43.905258
,349,87.481567,43.905222
,349,87.481594,43.905190
,349,87.481625,43.905163
,349,87.481661,43.905141
,349,87.481699,43.905125
,349,87.481740,43.905116
,349,87.481780,43.905100
,349,87.481818,43.905078
,349,87.481853,43.905051
,349,87.481882,43.905019
,349,87.482119,43.904420
,349,87.482150,43.904393
,349,87.482186,43.904371
,349,87.482224,43.904354
,349,87.482264,43.904343
,349,87.482305,43.904338
,349,87.482346,43.904339
,350,87.481052,43.904969
,350,87.481135,43.904942
,350,87.481216,43.904910
,350,87.481294,43.904872
,350,87.481370,43.904829
,350,87.481443,43.904781
,351,87.482017,43.905176
,351,87.481991,43.905168
,351,87.481966,43.905155
,351,87.481944,43.905139
,351,87.481925,43.905119
,351,87.481908,43.905097
,351,87.481895,43.905072
,351,87.481887,43.905046
,351,87.481882,43.905019
,352,87.482017,43.905176
,352,87.482055,43.905182
,352,87.482093,43.905182
,352,87.482131,43.905176
,352,87.482168,43.905164
,352,87.482202,43.905146
,352,87.482233,43.905123
,352,87.482259,43.905096
,352,87.482485,43.904538
,352,87.482487,43.904509
,352,87.482485,43.904479
,352,87.482477,43.904450
,352,87.482465,43.904423
,352,87.482447,43.904398
,352,87.482426,43.904377
,352,87.482402,43.904360
,352,87.482375,43.904347
,352,87.482346,43.904339
,353,87.482398,43.905257
,353,87.482368,43.905245
,353,87.482341,43.905229
,353,87.482316,43.905208
,353,87.482295,43.905184
,353,87.482279,43.905156
,353,87.482267,43.905127
,353,87.482259,43.905096
,354,87.482485,43.904538
,354,87.482511,43.904507
,354,87.482541,43.904479
,354,87.482575,43.904457
,354,87.482613,43.904440
,354,87.482652,43.904428
,354,87.482692,43.904423
,354,87.482733,43.904424
,355,87.482398,43.905257
,355,87.482439,43.905259
,355,87.482480,43.905256
,355,87.482521,43.905247
,355,87.482560,43.905234
,355,87.482596,43.905215
,355,87.482630,43.905191
,355,87.482870,43.904598
,355,87.482868,43.904568
,355,87.482861,43.904539
,355,87.482849,43.904511
,355,87.482833,43.904486
,355,87.482812,43.904464
,355,87.482789,43.904446
,355,87.482762,43.904433
,355,87.482733,43.904424
,356,87.482781,43.905338
,356,87.482823,43.905340
,356,87.482866,43.905335
,356,87.482908,43.905324
,356,87.482947,43.905306
,356,87.482983,43.905283
,356,87.483015,43.905254
,356,87.483244,43.904689
,356,87.483244,43.904660
,356,87.483239,43.904633
,356,87.483229,43.904606
,356,87.483216,43.904581
,356,87.483199,43.904559
,356,87.483179,43.904539
,356,87.483156,43.904523
,356,87.483131,43.904511
,357,87.482870,43.904598
,357,87.482899,43.904569
,357,87.482933,43.904546
,357,87.482970,43.904527
,357,87.483009,43.904514
,357,87.483049,43.904507
,357,87.483090,43.904506
,357,87.483131,43.904511
,358,87.482781,43.905338
,358,87.482743,43.905317
,358,87.482709,43.905291
,358,87.482678,43.905261
,358,87.482652,43.905228
,358,87.482630,43.905191
,359,87.483015,43.905254
,359,87.483022,43.905287
,359,87.483034,43.905318
,359,87.483052,43.905346
,359,87.483074,43.905371
,359,87.483101,43.905392
,359,87.483130,43.905408
,359,87.483162,43.905419
,360,87.483244,43.904689
,360,87.483273,43.904659
,360,87.483306,43.904633
,360,87.483342,43.904613
,360,87.483381,43.904599
,360,87.483421,43.904590
,360,87.483463,43.904588
,360,87.483504,43.904592
,361,87.483504,43.904592
,361,87.483529,43.904599
,361,87.483552,43.904610
,361,87.483573,43.904624
,361,87.483592,43.904642
,361,87.483608,43.904662
,361,87.483620,43.904684
,361,87.483629,43.904708
,361,87.483633,43.904734
,361,87.483388,43.905348
,361,87.483347,43.905375
,361,87.483304,43.905396
,361,87.483258,43.905410
,361,87.483210,43.905418
,361,87.483162,43.905419
,362,87.477315,43.903204
,362,87.477361,43.903159
,362,87.477412,43.903119
,362,87.477467,43.903084
,362,87.477525,43.903055
,362,87.477585,43.903033
,362,87.477648,43.903016
,362,87.477712,43.903007
,362,87.477777,43.903004
,362,87.477842,43.903008
,362,87.477906,43.903018
,362,87.477968,43.903035
,362,87.478029,43.903058
,363,87.477094,43.902504
,363,87.477145,43.902521
,363,87.477194,43.902545
,363,87.477239,43.902575
,363,87.477280,43.902611
,363,87.477315,43.902651
,363,87.477346,43.902696
,363,87.477370,43.902745
,363,87.477388,43.902796
,363,87.477399,43.902849
,363,87.477403,43.902903
,363,87.477400,43.902957
,363,87.477390,43.903010
,364,87.477094,43.902504
,364,87.477191,43.902490
,364,87.477288,43.902469
,364,87.477383,43.902443
,364,87.477476,43.902411
,364,87.477566,43.902373
,364,87.477655,43.902329
,365,87.477395,43.902045
,365,87.477448,43.902083
,365,87.477498,43.902124
,365,87.477543,43.902170
,365,87.477585,43.902220
,365,87.477622,43.902273
,365,87.477655,43.902329
,366,87.477655,43.902329
,366,87.477684,43.902274
,366,87.477719,43.902222
,366,87.477760,43.902175
,366,87.477806,43.902133
,366,87.477857,43.902096
,366,87.477911,43.902065
,366,87.477969,43.902040
,367,87.477473,43.904207
,367,87.477533,43.904209
,367,87.477593,43.904204
,367,87.477652,43.904194
,367,87.477710,43.904177
,367,87.477765,43.904154
,367,87.477819,43.904126
,367,87.477868,43.904093
,367,87.477915,43.904055
,367,87.477957,43.904012
,367,87.478210,43.903347
,367,87.478203,43.903297
,367,87.478189,43.903248
,367,87.478168,43.903202
,367,87.478141,43.903159
,367,87.478109,43.903121
,367,87.478071,43.903087
,367,87.478029,43.903058
,368,87.478029,43.903058
,368,87.478085,43.903066
,368,87.478141,43.903066
,368,87.478198,43.903060
,368,87.478253,43.903047
,368,87.478306,43.903028
,368,87.478357,43.903002
,368,87.478403,43.902970
,368,87.478446,43.902933
,368,87.478484,43.902891
,368,87.478692,43.902333
,368,87.478688,43.902295
,368,87.478677,43.902258
,368,87.478662,43.902223
,368,87.478641,43.902191
,368,87.478615,43.902162
,368,87.478586,43.902138
,368,87.478554,43.902118
,368,87.478518,43.902103
,368,87.478481,43.902094
,369,87.478704,43.903197
,369,87.478764,43.903187
,369,87.478822,43.903172
,369,87.478880,43.903152
,369,87.478935,43.903127
,369,87.478987,43.903098
,369,87.479037,43.903063
,369,87.479255,43.902475
,369,87.479244,43.902430
,369,87.479227,43.902388
,369,87.479205,43.902347
,369,87.479179,43.902310
,369,87.479147,43.902276
,369,87.479112,43.902247
,369,87.479073,43.902222
,370,87.479349,43.903329
,370,87.479402,43.903323
,370,87.479454,43.903310
,370,87.479504,43.903291
,370,87.479551,43.903266
,370,87.479595,43.903237
,370,87.479635,43.903202
,370,87.479671,43.903162
,370,87.479702,43.903119
,370,87.479889,43.902612
,370,87.479878,43.902569
,370,87.479862,43.902527
,370,87.479841,43.902487
,370,87.479815,43.902450
,370,87.479785,43.902417
,370,87.479752,43.902387
,370,87.479715,43.902361
,371,87.479970,43.903456
,371,87.480017,43.903453
,371,87.480063,43.903445
,371,87.480107,43.903430
,371,87.480150,43.903411
,371,87.480189,43.903386
,371,87.480226,43.903357
,371,87.480258,43.903324
,371,87.480287,43.903286
,371,87.480310,43.903246
,371,87.480472,43.902785
,371,87.480473,43.902740
,371,87.480467,43.902695
,371,87.480454,43.902652
,371,87.480435,43.902612
,371,87.480409,43.902575
,371,87.480378,43.902543
,371,87.480342,43.902516
,371,87.480302,43.902494
,371,87.480260,43.902480
,372,87.478249,43.904373
,372,87.478309,43.904365
,372,87.478368,43.904351
,372,87.478425,43.904332
,372,87.478480,43.904308
,372,87.478533,43.904279
,372,87.478583,43.904245
,372,87.478629,43.904206
,372,87.478672,43.904164
,372,87.478936,43.903520
,372,87.478940,43.903476
,372,87.478938,43.903432
,372,87.478928,43.903388
,372,87.478911,43.903347
,372,87.478889,43.903309
,372,87.478860,43.903275
,372,87.478826,43.903247
,372,87.478789,43.903224
,372,87.478748,43.903207
,372,87.478704,43.903197
,373,87.478888,43.904509
,373,87.478946,43.904496
,373,87.479002,43.904477
,373,87.479055,43.904453
,373,87.479106,43.904422
,373,87.479153,43.904386
,373,87.479196,43.904346
,373,87.479235,43.904301
,373,87.479509,43.903626
,373,87.479510,43.903582
,373,87.479505,43.903537
,373,87.479493,43.903494
,373,87.479475,43.903453
,373,87.479451,43.903415
,373,87.479422,43.903382
,373,87.479388,43.903353
,373,87.479349,43.903329
,374,87.478672,43.904164
,374,87.478679,43.904216
,374,87.478693,43.904267
,374,87.478712,43.904316
,374,87.478737,43.904363
,374,87.478768,43.904406
,374,87.478804,43.904445
,374,87.478844,43.904479
,374,87.478888,43.904509
,375,87.477957,43.904012
,375,87.477963,43.904061
,375,87.477976,43.904109
,375,87.477994,43.904155
,375,87.478017,43.904198
,375,87.478046,43.904238
,375,87.478079,43.904275
,375,87.478117,43.904307
,375,87.478158,43.904334
,375,87.478203,43.904356
,375,87.478249,43.904373
,376,87.479235,43.904301
,376,87.479247,43.904352
,376,87.479264,43.904402
,376,87.479288,43.904449
,376,87.479317,43.904493
,376,87.479352,43.904534
,376,87.479391,43.904569
,376,87.479433,43.904600
,376,87.479480,43.904626
,376,87.479529,43.904645
,377,87.479529,43.904645
,377,87.479594,43.904632
,377,87.479657,43.904613
,377,87.479718,43.904588
,377,87.479777,43.904557
,377,87.479833,43.904522
,377,87.479886,43.904481
,377,87.479934,43.904436
,377,87.480208,43.903716
,377,87.480204,43.903674
,377,87.480193,43.903633
,377,87.480176,43.903594
,377,87.480152,43.903558
,377,87.480123,43.903526
,377,87.480090,43.903500
,377,87.480053,43.903479
,377,87.480012,43.903464
,377,87.479970,43.903456
,378,87.479934,43.904436
,378,87.479941,43.904485
,378,87.479954,43.904533
,378,87.479973,43.904579
,378,87.479997,43.904622
,378,87.480026,43.904661
,378,87.480060,43.904698
,378,87.480098,43.904729
,378,87.480139,43.904756
,378,87.480183,43.904778
,378,87.480230,43.904794
,378,87.480278,43.904805
,379,87.480278,43.904805
,379,87.480338,43.904806
,379,87.480398,43.904801
,379,87.480458,43.904790
,379,87.480515,43.904773
,379,87.480571,43.904750
,379,87.480624,43.904721
,379,87.480674,43.904687
,379,87.480719,43.904648
,379,87.480761,43.904604
,379,87.480933,43.904158
,380,87.480761,43.904604
,380,87.480773,43.904657
,380,87.480791,43.904708
,380,87.480815,43.904756
,380,87.480843,43.904802
,380,87.480877,43.904844
,380,87.480915,43.904883
,380,87.480958,43.904917
,380,87.481003,43.904946
,380,87.481052,43.904969
