"FID_","ID","X","Y"
,1,87.458028,43.894454
,1,87.458312,43.894509
,1,87.458321,43.894463
,1,87.458221,43.894443
,1,87.458069,43.894414
,1,87.458036,43.894407
,1,87.458028,43.894454
,2,87.458069,43.894414
,2,87.458221,43.894443
,2,87.458234,43.894388
,2,87.458081,43.894356
,2,87.458069,43.894414
,3,87.459970,43.893768
,3,87.460120,43.893801
,3,87.460132,43.893754
,3,87.459981,43.893721
,3,87.459970,43.893768
,4,87.458970,43.895363
,4,87.459666,43.895527
,4,87.460254,43.894053
,4,87.459535,43.893887
,4,87.458970,43.895363
,5,87.490921,43.906512
,5,87.491386,43.906610
,5,87.491438,43.906439
,5,87.490978,43.906339
,5,87.490921,43.906512
,6,87.491402,43.906614
,6,87.491484,43.906630
,6,87.491512,43.906542
,6,87.491431,43.906524
,6,87.491402,43.906614
,7,87.491489,43.906640
,7,87.491655,43.906674
,7,87.491688,43.906576
,7,87.491523,43.906544
,7,87.491489,43.906640
,8,87.492442,43.906507
,8,87.492605,43.906541
,8,87.492657,43.906378
,8,87.492495,43.906341
,8,87.492442,43.906507
,9,87.491944,43.906392
,9,87.492108,43.906426
,9,87.492159,43.906264
,9,87.491997,43.906226
,9,87.491944,43.906392
,10,87.491790,43.906673
,10,87.491889,43.906699
,10,87.491958,43.906521
,10,87.491971,43.906524
,10,87.492003,43.906421
,10,87.491894,43.906394
,10,87.491790,43.906673
,11,87.491971,43.906524
,11,87.492385,43.906613
,11,87.492477,43.906632
,11,87.492504,43.906527
,11,87.492422,43.906510
,11,87.492426,43.906491
,11,87.492007,43.906409
,11,87.492003,43.906421
,11,87.491971,43.906524
,12,87.492324,43.906805
,12,87.492414,43.906826
,12,87.492477,43.906632
,12,87.492385,43.906613
,12,87.492324,43.906805
,13,87.492601,43.906861
,13,87.493416,43.907045
,13,87.493481,43.906848
,13,87.493283,43.906807
,13,87.493261,43.906882
,13,87.492822,43.906789
,13,87.492919,43.906527
,13,87.493005,43.906546
,13,87.493027,43.906471
,13,87.492779,43.906413
,13,87.492601,43.906861
,14,87.494028,43.906887
,14,87.494163,43.906924
,14,87.494493,43.906986
,14,87.494523,43.906885
,14,87.493799,43.906728
,14,87.493768,43.906842
,14,87.494028,43.906887
,15,87.494482,43.907132
,15,87.494468,43.907129
,15,87.494492,43.907039
,15,87.494150,43.906971
,15,87.494163,43.906924
,15,87.494028,43.906887
,15,87.494018,43.906946
,15,87.493989,43.906940
,15,87.493965,43.907034
,15,87.494478,43.907145
,15,87.494482,43.907132
,16,87.494482,43.907132
,16,87.494478,43.907145
,16,87.493965,43.907034
,16,87.493684,43.906975
,16,87.493648,43.907115
,16,87.494833,43.907361
,16,87.494899,43.907164
,16,87.494673,43.907120
,16,87.494658,43.907161
,16,87.494482,43.907132
,17,87.494858,43.907360
,17,87.495158,43.907424
,17,87.495205,43.907294
,17,87.494894,43.907228
,17,87.494858,43.907360
,18,87.495369,43.907461
,18,87.495562,43.907502
,18,87.495559,43.907517
,18,87.495674,43.907543
,18,87.495713,43.907405
,18,87.495407,43.907334
,18,87.495369,43.907461
,19,87.495745,43.907546
,19,87.496214,43.907651
,19,87.496238,43.907550
,19,87.495999,43.907503
,19,87.496018,43.907439
,19,87.495789,43.907391
,19,87.495745,43.907546
,20,87.496286,43.907666
,20,87.496757,43.907762
,20,87.496796,43.907639
,20,87.496276,43.907530
,20,87.496254,43.907602
,20,87.496302,43.907613
,20,87.496286,43.907666
,21,87.496122,43.907342
,21,87.496327,43.907388
,21,87.496430,43.907075
,21,87.496220,43.907026
,21,87.496122,43.907342
,22,87.497033,43.907322
,22,87.497243,43.907366
,22,87.497271,43.907283
,22,87.497231,43.907274
,22,87.497234,43.907259
,22,87.497067,43.907223
,22,87.497033,43.907322
,23,87.497111,43.907217
,23,87.497288,43.907256
,23,87.497305,43.907194
,23,87.497128,43.907155
,23,87.497111,43.907217
,24,87.495963,43.906629
,24,87.497119,43.906876
,24,87.497189,43.906658
,24,87.496038,43.906415
,24,87.495963,43.906629
,25,87.496176,43.906114
,25,87.497315,43.906353
,25,87.497366,43.906193
,25,87.496233,43.905951
,25,87.496176,43.906114
,26,87.496324,43.905691
,26,87.497480,43.905935
,26,87.497527,43.905800
,26,87.496366,43.905546
,26,87.496324,43.905691
,27,87.494077,43.906042
,27,87.494366,43.906104
,27,87.494391,43.906021
,27,87.494099,43.905960
,27,87.494077,43.906042
,28,87.494431,43.906131
,28,87.494718,43.906190
,28,87.494742,43.906097
,28,87.494454,43.906037
,28,87.494431,43.906131
,29,87.494727,43.906178
,29,87.495329,43.906304
,29,87.495358,43.906217
,29,87.494747,43.906102
,29,87.494727,43.906178
,30,87.494184,43.905721
,30,87.494901,43.905874
,30,87.494927,43.905783
,30,87.494207,43.905633
,30,87.494184,43.905721
,31,87.494932,43.905886
,31,87.495651,43.906034
,31,87.495678,43.905938
,31,87.494952,43.905786
,31,87.494932,43.905886
,32,87.494957,43.905661
,32,87.495348,43.905747
,32,87.495369,43.905675
,32,87.494974,43.905592
,32,87.494957,43.905661
,33,87.494286,43.905517
,33,87.494882,43.905647
,33,87.494898,43.905575
,33,87.494304,43.905453
,33,87.494286,43.905517
,34,87.492644,43.905728
,34,87.493258,43.905865
,34,87.493286,43.905785
,34,87.492667,43.905649
,34,87.492644,43.905728
,35,87.493309,43.905873
,35,87.493859,43.905997
,35,87.493885,43.905914
,35,87.493333,43.905797
,35,87.493309,43.905873
,36,87.492021,43.905605
,36,87.492593,43.905728
,36,87.492611,43.905639
,36,87.492043,43.905520
,36,87.492021,43.905605
,37,87.493551,43.905580
,37,87.493998,43.905681
,37,87.494025,43.905583
,37,87.493579,43.905482
,37,87.493551,43.905580
,38,87.493047,43.905468
,38,87.493515,43.905575
,38,87.493545,43.905465
,38,87.493078,43.905354
,38,87.493047,43.905468
,39,87.492424,43.905334
,39,87.492987,43.905456
,39,87.493006,43.905367
,39,87.492442,43.905245
,39,87.492424,43.905334
,40,87.492590,43.905204
,40,87.493068,43.905299
,40,87.493099,43.905196
,40,87.492618,43.905099
,40,87.492590,43.905204
,41,87.493144,43.905287
,41,87.493558,43.905378
,41,87.493577,43.905299
,41,87.493166,43.905212
,41,87.493144,43.905287
,42,87.493608,43.905380
,42,87.494000,43.905468
,42,87.494005,43.905448
,42,87.494088,43.905464
,42,87.494101,43.905409
,42,87.493624,43.905309
,42,87.493608,43.905380
,43,87.493502,43.905082
,43,87.494172,43.905224
,43,87.494198,43.905110
,43,87.493528,43.904975
,43,87.493502,43.905082
,44,87.492970,43.904969
,44,87.493449,43.905077
,44,87.493483,43.904946
,44,87.493009,43.904838
,44,87.492970,43.904969
,45,87.493839,43.904988
,45,87.493983,43.905020
,45,87.494061,43.904812
,45,87.493912,43.904778
,45,87.493839,43.904988
,46,87.493543,43.904921
,46,87.493831,43.904986
,46,87.493845,43.904934
,46,87.493557,43.904867
,46,87.493543,43.904921
,47,87.486542,43.904757
,47,87.486024,43.904646
,47,87.486002,43.904722
,47,87.486521,43.904832
,47,87.486542,43.904757
,48,87.486542,43.904757
,48,87.486521,43.904832
,48,87.486515,43.904854
,48,87.487079,43.904974
,48,87.487102,43.904878
,48,87.486542,43.904757
,49,87.486140,43.904414
,49,87.486316,43.904449
,49,87.486387,43.904225
,49,87.486211,43.904193
,49,87.486140,43.904414
,50,87.482279,43.903575
,50,87.483283,43.903786
,50,87.483322,43.903645
,50,87.482325,43.903437
,50,87.482279,43.903575
,51,87.482387,43.903268
,51,87.483403,43.903482
,51,87.483450,43.903342
,51,87.482429,43.903122
,51,87.482387,43.903268
,52,87.482681,43.902822
,52,87.482707,43.902723
,52,87.482581,43.902696
,52,87.482508,43.902928
,52,87.482623,43.902952
,52,87.482664,43.902819
,52,87.482681,43.902822
,53,87.483057,43.903040
,53,87.483049,43.903037
,53,87.482704,43.902960
,53,87.482681,43.903039
,53,87.483036,43.903117
,53,87.483057,43.903040
,54,87.483221,43.902838
,54,87.483229,43.902817
,54,87.482712,43.902704
,54,87.482707,43.902723
,54,87.482681,43.902822
,54,87.483089,43.902908
,54,87.483191,43.902929
,54,87.483221,43.902838
,55,87.483221,43.902838
,55,87.483191,43.902929
,55,87.483089,43.902908
,55,87.483049,43.903037
,55,87.483057,43.903040
,55,87.483241,43.903083
,55,87.483320,43.902860
,55,87.483221,43.902838
,56,87.481878,43.903721
,56,87.481923,43.903587
,56,87.481846,43.903571
,56,87.481790,43.903559
,56,87.481200,43.903434
,56,87.481147,43.903423
,56,87.481105,43.903414
,56,87.481068,43.903545
,56,87.481330,43.903602
,56,87.481323,43.903631
,56,87.481420,43.903655
,56,87.481428,43.903623
,56,87.481510,43.903641
,56,87.481503,43.903670
,56,87.481600,43.903692
,56,87.481608,43.903662
,56,87.481878,43.903721
,57,87.481147,43.903423
,57,87.481200,43.903434
,57,87.481218,43.903354
,57,87.481167,43.903343
,57,87.481147,43.903423
,58,87.481016,43.903309
,58,87.481167,43.903343
,58,87.481218,43.903354
,58,87.481284,43.903369
,58,87.481494,43.903287
,58,87.481594,43.903298
,58,87.481715,43.903464
,58,87.481807,43.903482
,58,87.481862,43.903493
,58,87.481987,43.903518
,58,87.482024,43.903387
,58,87.481766,43.903336
,58,87.482055,43.903223
,58,87.481958,43.903093
,58,87.481722,43.903194
,58,87.481473,43.903143
,58,87.481344,43.902965
,58,87.481163,43.903034
,58,87.481319,43.903235
,58,87.481058,43.903172
,58,87.481016,43.903309
,59,87.481790,43.903559
,59,87.481846,43.903571
,59,87.481862,43.903493
,59,87.481807,43.903482
,59,87.481790,43.903559
,60,87.481178,43.902831
,60,87.481369,43.902873
,60,87.481440,43.902618
,60,87.481376,43.902603
,60,87.481475,43.902267
,60,87.480988,43.902158
,60,87.480966,43.902237
,60,87.481273,43.902306
,60,87.481266,43.902333
,60,87.481328,43.902350
,60,87.481178,43.902831
,61,87.485798,43.903963
,61,87.485897,43.903988
,61,87.486020,43.903665
,61,87.485923,43.903636
,61,87.485798,43.903963
,62,87.485350,43.904589
,62,87.485550,43.904639
,62,87.485691,43.904231
,62,87.485484,43.904182
,62,87.485350,43.904589
,63,87.485558,43.904650
,63,87.485721,43.904685
,63,87.485928,43.904128
,63,87.485726,43.904088
,63,87.485683,43.904217
,63,87.485707,43.904222
,63,87.485558,43.904650
,64,87.485418,43.903325
,64,87.485036,43.903243
,64,87.485013,43.903328
,64,87.485392,43.903409
,64,87.485418,43.903325
,65,87.485418,43.903325
,65,87.485392,43.903409
,65,87.485378,43.903447
,65,87.485460,43.903467
,65,87.485502,43.903326
,65,87.485423,43.903308
,65,87.485418,43.903325
,66,87.485189,43.903426
,66,87.485296,43.903449
,66,87.485306,43.903402
,66,87.485201,43.903380
,66,87.485189,43.903426
,67,87.483745,43.904135
,67,87.485168,43.904439
,67,87.485414,43.903780
,67,87.483942,43.903450
,67,87.483922,43.903519
,67,87.483745,43.904135
,68,87.483493,43.904182
,68,87.483714,43.904230
,68,87.483709,43.904254
,68,87.485253,43.904585
,68,87.485273,43.904510
,68,87.485155,43.904489
,68,87.485168,43.904439
,68,87.483745,43.904135
,68,87.483732,43.904191
,68,87.483586,43.904157
,68,87.483504,43.904139
,68,87.483493,43.904182
,69,87.483586,43.904157
,69,87.483732,43.904191
,69,87.483745,43.904135
,69,87.483922,43.903519
,69,87.483777,43.903476
,69,87.483586,43.904157
,70,87.483942,43.903450
,70,87.485414,43.903780
,70,87.485453,43.903687
,70,87.483977,43.903335
,70,87.483942,43.903450
,71,87.498307,43.906588
,71,87.500609,43.907070
,71,87.500970,43.906139
,71,87.498658,43.905657
,71,87.498307,43.906588
,72,87.500843,43.907117
,72,87.502018,43.907379
,72,87.502364,43.906438
,72,87.501185,43.906195
,72,87.500843,43.907117
,73,87.502518,43.906966
,73,87.503118,43.907092
,73,87.503280,43.906608
,73,87.502669,43.906478
,73,87.502518,43.906966
,74,87.502339,43.907440
,74,87.502422,43.907469
,74,87.502544,43.907127
,74,87.502459,43.907098
,74,87.502339,43.907440
,75,87.506937,43.909401
,75,87.507066,43.909430
,75,87.507123,43.909265
,75,87.506988,43.909235
,75,87.506937,43.909401
,76,87.506532,43.909460
,76,87.506683,43.909498
,76,87.506848,43.909076
,76,87.506689,43.909033
,76,87.506532,43.909460
