"FID_","ID","X","Y"
,1,87.503861,43.910406
,1,87.504094,43.909797
,1,87.505542,43.910100
,1,87.506161,43.908513
,1,87.505169,43.908307
,1,87.505176,43.908272
,1,87.504127,43.908048
,1,87.504151,43.907963
,1,87.503912,43.907912
,1,87.503889,43.907990
,1,87.498190,43.906792
,1,87.497722,43.908016
,1,87.497853,43.908048
,1,87.497804,43.908157
,1,87.497722,43.908290
,1,87.497644,43.908359
,1,87.497407,43.908436
,1,87.497223,43.908465
,1,87.497118,43.908461
,1,87.497036,43.908443
,1,87.497072,43.908330
,1,87.493167,43.907502
,1,87.493230,43.907295
,1,87.485687,43.905685
,1,87.485751,43.905479
,1,87.485823,43.905496
,1,87.485926,43.905212
,1,87.485876,43.905192
,1,87.486033,43.904804
,1,87.480909,43.903713
,1,87.480921,43.903639
,1,87.480803,43.903500
,1,87.481125,43.902574
,1,87.476345,43.901554
,1,87.476316,43.901575
,1,87.475957,43.902500
,1,87.476010,43.902513
,1,87.475973,43.902636
,1,87.474578,43.902335
,1,87.474467,43.902284
,1,87.474380,43.902189
,1,87.474321,43.902110
,1,87.474286,43.902083
,1,87.464042,43.899918
,1,87.463501,43.899923
,1,87.463501,43.899849
,1,87.462973,43.899734
,1,87.462946,43.899684
,1,87.462946,43.899548
,1,87.462982,43.899485
,1,87.463023,43.899462
,1,87.466008,43.899438
,1,87.466055,43.899437
,1,87.466103,43.899429
,1,87.466148,43.899414
,1,87.466191,43.899393
,1,87.466231,43.899366
,1,87.466266,43.899333
,1,87.466296,43.899296
,1,87.466321,43.899255
,1,87.466298,43.897243
,1,87.466235,43.897155
,1,87.466123,43.897081
,1,87.466078,43.897064
,1,87.463346,43.897075
,1,87.463325,43.896670
,1,87.463355,43.896619
,1,87.463387,43.896599
,1,87.466067,43.896599
,1,87.466162,43.896536
,1,87.466238,43.896445
,1,87.466256,43.896403
,1,87.466235,43.894818
,1,87.460715,43.894825
,1,87.460641,43.894825
,1,87.460191,43.895976
,1,87.458742,43.899643
,1,87.458644,43.899702
,1,87.458502,43.899726
,1,87.457410,43.899501
,1,87.457327,43.899730
,1,87.455982,43.899438
,1,87.456057,43.899213
,1,87.454921,43.898973
,1,87.454854,43.899193
,1,87.454015,43.899016
,1,87.453641,43.899945
,1,87.454406,43.900137
,1,87.454376,43.900126
,1,87.454348,43.900110
,1,87.454323,43.900090
,1,87.454302,43.900065
,1,87.454285,43.900038
,1,87.454282,43.900010
,1,87.454282,43.899983
,1,87.454287,43.899955
,1,87.454296,43.899929
,1,87.454382,43.899706
,1,87.454409,43.899677
,1,87.454441,43.899653
,1,87.454475,43.899633
,1,87.454513,43.899619
,1,87.454552,43.899611
,1,87.454591,43.899609
,1,87.454631,43.899613
,1,87.454669,43.899623
,1,87.454572,43.899881
,1,87.454550,43.899877
,1,87.454542,43.899902
,1,87.455704,43.900146
,1,87.455804,43.899871
,1,87.456081,43.899922
,1,87.456104,43.899927
,1,87.456126,43.899936
,1,87.456146,43.899949
,1,87.456164,43.899964
,1,87.456180,43.899982
,1,87.456192,43.900003
,1,87.456201,43.900025
,1,87.456206,43.900048
,1,87.456208,43.900072
,1,87.456205,43.900095
,1,87.456075,43.900385
,1,87.456046,43.900409
,1,87.456013,43.900428
,1,87.455978,43.900443
,1,87.455942,43.900452
,1,87.455904,43.900455
,1,87.455867,43.900453
,1,87.456879,43.900671
,1,87.456856,43.900663
,1,87.456835,43.900651
,1,87.456815,43.900635
,1,87.456799,43.900617
,1,87.456785,43.900596
,1,87.456775,43.900574
,1,87.456769,43.900550
,1,87.456766,43.900525
,1,87.456866,43.900240
,1,87.456891,43.900209
,1,87.456920,43.900183
,1,87.456954,43.900162
,1,87.456991,43.900148
,1,87.457030,43.900140
,1,87.457070,43.900138
,1,87.457109,43.900144
,1,87.457147,43.900156
,1,87.457044,43.900432
,1,87.458187,43.900677
,1,87.458288,43.900395
,1,87.458548,43.900448
,1,87.458594,43.900465
,1,87.458633,43.900494
,1,87.458665,43.900518
,1,87.458673,43.900534
,1,87.458662,43.900541
,1,87.458641,43.900551
,1,87.458624,43.900571
,1,87.458518,43.900860
,1,87.458503,43.900880
,1,87.458485,43.900897
,1,87.458464,43.900910
,1,87.458441,43.900920
,1,87.458417,43.900926
,1,87.458392,43.900928
,1,87.458368,43.900926
,1,87.458344,43.900919
,1,87.457816,43.900874
,1,87.460078,43.901362
,1,87.459395,43.901145
,1,87.459379,43.901139
,1,87.459364,43.901131
,1,87.459351,43.901120
,1,87.459340,43.901107
,1,87.459331,43.901093
,1,87.459325,43.901077
,1,87.459322,43.901060
,1,87.459322,43.901044
,1,87.459324,43.901027
,1,87.459412,43.900805
,1,87.459437,43.900782
,1,87.459466,43.900765
,1,87.459496,43.900752
,1,87.459529,43.900745
,1,87.459562,43.900744
,1,87.459595,43.900749
,1,87.459627,43.900759
,1,87.460538,43.900843
,1,87.460703,43.900874
,1,87.461210,43.900989
,1,87.464064,43.901597
,1,87.463833,43.902173
,1,87.471504,43.903829
,1,87.471505,43.903812
,1,87.470898,43.903653
,1,87.470877,43.903647
,1,87.470856,43.903639
,1,87.470838,43.903627
,1,87.470822,43.903612
,1,87.470808,43.903595
,1,87.470797,43.903576
,1,87.470790,43.903556
,1,87.470785,43.903534
,1,87.470785,43.903512
,1,87.470788,43.903490
,1,87.470895,43.903218
,1,87.470934,43.903182
,1,87.470977,43.903151
,1,87.471025,43.903126
,1,87.471175,43.903117
,1,87.471300,43.903127
,1,87.471387,43.903139
,1,87.474996,43.903896
,1,87.475004,43.903876
,1,87.475599,43.904031
,1,87.475629,43.904036
,1,87.475658,43.904046
,1,87.475685,43.904060
,1,87.475709,43.904079
,1,87.475729,43.904101
,1,87.475746,43.904127
,1,87.475758,43.904155
,1,87.475765,43.904184
,1,87.475768,43.904214
,1,87.475765,43.904245
,1,87.475657,43.904519
,1,87.475630,43.904551
,1,87.475599,43.904579
,1,87.475564,43.904602
,1,87.475526,43.904619
,1,87.475486,43.904631
,1,87.475444,43.904635
,1,87.475402,43.904633
,1,87.475361,43.904625
,1,87.475199,43.904602
,1,87.476516,43.904885
,1,87.476369,43.904837
,1,87.476343,43.904826
,1,87.476320,43.904810
,1,87.476300,43.904791
,1,87.476283,43.904769
,1,87.476270,43.904744
,1,87.476261,43.904718
,1,87.476257,43.904690
,1,87.476270,43.904614
,1,87.476369,43.904355
,1,87.476399,43.904326
,1,87.476434,43.904302
,1,87.476471,43.904282
,1,87.476511,43.904268
,1,87.476553,43.904260
,1,87.476595,43.904258
,1,87.476637,43.904261
,1,87.476678,43.904271
,1,87.477223,43.904347
,1,87.477218,43.904372
,1,87.480156,43.905001
,1,87.480166,43.904968
,1,87.481016,43.905185
,1,87.481043,43.905194
,1,87.481069,43.905207
,1,87.481092,43.905224
,1,87.481113,43.905244
,1,87.481130,43.905267
,1,87.481143,43.905293
,1,87.481152,43.905320
,1,87.481156,43.905349
,1,87.481156,43.905378
,1,87.481012,43.905701
,1,87.480978,43.905728
,1,87.480941,43.905750
,1,87.480900,43.905767
,1,87.480858,43.905777
,1,87.480814,43.905781
,1,87.480771,43.905779
,1,87.480728,43.905770
,1,87.480455,43.905731
,1,87.482043,43.906072
,1,87.481727,43.905968
,1,87.481705,43.905958
,1,87.481686,43.905945
,1,87.481669,43.905928
,1,87.481655,43.905909
,1,87.481645,43.905888
,1,87.481638,43.905866
,1,87.481635,43.905842
,1,87.481637,43.905819
,1,87.481642,43.905796
,1,87.481652,43.905774
,1,87.481761,43.905497
,1,87.481788,43.905468
,1,87.481819,43.905443
,1,87.481855,43.905424
,1,87.481893,43.905412
,1,87.481932,43.905406
,1,87.481972,43.905406
,1,87.482120,43.905424
,1,87.482664,43.905506
,1,87.484899,43.905992
,1,87.485024,43.906013
,1,87.485066,43.906027
,1,87.485105,43.906047
,1,87.485142,43.906072
,1,87.485174,43.906103
,1,87.485201,43.906138
,1,87.485223,43.906176
,1,87.485239,43.906218
,1,87.485249,43.906261
,1,87.485252,43.906305
,1,87.485250,43.906349
,1,87.485241,43.906392
,1,87.485225,43.906434
,1,87.485205,43.906473
,1,87.485178,43.906508
,1,87.485147,43.906539
,1,87.485110,43.906571
,1,87.485071,43.906599
,1,87.485028,43.906622
,1,87.484983,43.906640
,1,87.492229,43.908191
,1,87.492288,43.908035
,1,87.492297,43.908008
,1,87.492260,43.907998
,1,87.492199,43.908133
,1,87.492173,43.908126
,1,87.492180,43.908057
,1,87.492399,43.907512
,1,87.492492,43.907530
,1,87.492483,43.907563
,1,87.492496,43.907568
,1,87.492317,43.908041
,1,87.492854,43.908158
,1,87.492881,43.908130
,1,87.492912,43.908107
,1,87.492946,43.908088
,1,87.492982,43.908075
,1,87.493020,43.908068
,1,87.493059,43.908067
,1,87.493098,43.908072
,1,87.493135,43.908082
,1,87.493093,43.908218
,1,87.494105,43.908432
,1,87.494156,43.908301
,1,87.494182,43.908306
,1,87.494207,43.908315
,1,87.494231,43.908328
,1,87.494253,43.908344
,1,87.494271,43.908363
,1,87.494287,43.908385
,1,87.494299,43.908409
,1,87.494304,43.908432
,1,87.494304,43.908455
,1,87.494301,43.908477
,1,87.494295,43.908499
,1,87.494284,43.908520
,1,87.494271,43.908538
,1,87.494255,43.908555
,1,87.494237,43.908568
,1,87.494216,43.908578
,1,87.494194,43.908585
,1,87.494172,43.908588
,1,87.494138,43.908594
,1,87.494103,43.908596
,1,87.494068,43.908594
,1,87.494035,43.908586
,1,87.494023,43.908625
,1,87.495058,43.908806
,1,87.495042,43.908802
,1,87.495026,43.908795
,1,87.495013,43.908786
,1,87.495000,43.908775
,1,87.494990,43.908762
,1,87.494981,43.908748
,1,87.494966,43.908714
,1,87.494961,43.908694
,1,87.494959,43.908673
,1,87.494960,43.908652
,1,87.494965,43.908632
,1,87.494973,43.908613
,1,87.494984,43.908596
,1,87.494998,43.908580
,1,87.495015,43.908568
,1,87.495033,43.908558
,1,87.495078,43.908538
,1,87.495105,43.908529
,1,87.495133,43.908523
,1,87.495162,43.908521
,1,87.495191,43.908524
,1,87.495146,43.908650
,1,87.496177,43.908866
,1,87.496211,43.908741
,1,87.496235,43.908747
,1,87.496257,43.908757
,1,87.496278,43.908771
,1,87.496296,43.908787
,1,87.496311,43.908807
,1,87.496323,43.908828
,1,87.496332,43.908848
,1,87.496336,43.908870
,1,87.496337,43.908892
,1,87.496335,43.908914
,1,87.496328,43.908935
,1,87.496319,43.908954
,1,87.496306,43.908972
,1,87.496290,43.908988
,1,87.496272,43.909000
,1,87.496253,43.909010
,1,87.496231,43.909016
,1,87.496210,43.909019
,1,87.496027,43.909025
,1,87.496863,43.909215
,1,87.496911,43.909179
,1,87.497163,43.909080
,1,87.497418,43.908986
,1,87.497675,43.908899
,1,87.497934,43.908818
,1,87.498195,43.908744
,1,87.498457,43.908675
,1,87.498497,43.908667
,1,87.498595,43.908676
,1,87.499136,43.908742
,1,87.503127,43.909588
,1,87.502891,43.910193
,1,87.503861,43.910406
,2,87.460943,43.899196
,2,87.460979,43.899110
,2,87.461216,43.898693
,2,87.461232,43.898673
,2,87.461252,43.898656
,2,87.461273,43.898643
,2,87.461297,43.898633
,2,87.461321,43.898627
,2,87.461431,43.898630
,2,87.461434,43.898632
,2,87.461437,43.898636
,2,87.461440,43.898639
,2,87.461442,43.898643
,2,87.461443,43.898648
,2,87.461443,43.898652
,2,87.461443,43.898657
,2,87.461442,43.898661
,2,87.461441,43.898665
,2,87.461438,43.898669
,2,87.461174,43.899340
,2,87.460911,43.899286
,2,87.460943,43.899196
,3,87.460558,43.898711
,3,87.460385,43.899172
,3,87.459994,43.899085
,3,87.460154,43.898730
,3,87.460173,43.898703
,3,87.460196,43.898680
,3,87.460223,43.898661
,3,87.460253,43.898646
,3,87.460284,43.898637
,3,87.460316,43.898632
,3,87.460539,43.898634
,3,87.460547,43.898639
,3,87.460554,43.898645
,3,87.460559,43.898652
,3,87.460564,43.898660
,3,87.460566,43.898668
,3,87.460568,43.898677
,3,87.460568,43.898686
,3,87.460566,43.898695
,3,87.460563,43.898704
,3,87.460558,43.898711
,4,87.461680,43.895673
,4,87.461512,43.896316
,4,87.461358,43.896734
,4,87.461267,43.896948
,4,87.461192,43.897098
,4,87.460942,43.897587
,4,87.460900,43.897657
,4,87.460811,43.897692
,4,87.460770,43.897697
,4,87.460723,43.897683
,4,87.460666,43.897654
,4,87.460638,43.897652
,4,87.460620,43.897649
,4,87.460614,43.897640
,4,87.460617,43.897622
,4,87.460627,43.897603
,4,87.460810,43.896958
,4,87.461075,43.896292
,4,87.461408,43.895602
,4,87.461430,43.895586
,4,87.461454,43.895573
,4,87.461481,43.895564
,4,87.461508,43.895559
,4,87.461536,43.895560
,4,87.461563,43.895564
,4,87.461589,43.895573
,4,87.461614,43.895587
,4,87.461635,43.895604
,4,87.461654,43.895624
,4,87.461669,43.895648
,4,87.461680,43.895673
