"FID_","ID","NAME","X","Y"
,1,"W511",116.573850,40.100208
,2,"W510",116.574395,40.100270
,3,"W509",116.574940,40.100332
,4,"W508",116.575485,40.100393
,5,"W505",116.575402,40.099520
,6,"W506",116.574723,40.099438
,7,"W507",116.574045,40.099356
,8,"W501",116.575730,40.098842
,9,"W502",116.575187,40.098798
,10,"W503",116.574644,40.098754
,11,"W504",116.574101,40.098709
,12,"W113",116.580315,40.091792
,13,"W112",116.579319,40.091701
,14,"W111",116.578323,40.091611
,15,"W110",116.577328,40.091520
,16,"W109",116.576332,40.091430
,17,"W108",116.575336,40.091340
,18,"W103",116.580364,40.090402
,19,"W104",116.579202,40.090280
,20,"W105",116.578041,40.090159
,21,"W106",116.576879,40.090038
,22,"W107",116.575717,40.089917
,23,"817",116.577088,40.082420
,24,"816",116.577715,40.082478
,25,"812",116.581099,40.084796
,26,"813",116.579782,40.084690
,27,"811",116.582234,40.084910
,28,"810",116.583071,40.084997
,29,"809",116.583908,40.085085
,30,"808",116.584746,40.085172
,31,"801",116.590420,40.085771
,32,"802",116.589729,40.085695
,33,"803",116.589038,40.085619
,34,"804",116.588346,40.085543
,35,"807",116.586273,40.085315
,36,"806",116.586964,40.085391
,37,"805",116.587655,40.085467
,38,"116",116.580365,40.080433
,39,"115",116.579970,40.080554
,40,"114",116.579716,40.080831
,41,"113",116.579640,40.081244
,42,"A113",116.579779,40.081607
,43,"112",116.580150,40.081810
,44,"111",116.580569,40.081798
,45,"110",116.580976,40.081745
,46,"108",116.582641,40.081542
,47,"107",116.582819,40.081975
,48,"106",116.583307,40.082099
,49,"A106",116.583808,40.082027
,50,"105",116.584119,40.081654
,51,"104",116.584141,40.081169
,52,"103",116.583760,40.080905
,53,"239",116.586442,40.080958
,54,"238",116.585711,40.081163
,55,"237",116.585482,40.081870
,56,"236",116.586022,40.082600
,57,"235",116.586495,40.082655
,58,"234",116.586968,40.082711
,59,"233",116.587441,40.082766
,60,"232",116.587914,40.082822
,61,"231",116.588387,40.082877
,62,"230",116.588860,40.082933
,63,"229",116.589333,40.082988
,64,"229",116.589806,40.083044
,65,"228",116.590279,40.083099
,66,"227",116.590698,40.082992
,67,"226",116.591044,40.082665
,68,"224",116.589567,40.080820
,69,"223",116.589670,40.080063
,70,"222",116.589774,40.079306
,71,"221",116.589878,40.078550
,72,"220",116.589981,40.077793
,73,"219",116.590085,40.077036
,74,"218",116.590439,40.076807
,75,"217",116.591269,40.076882
,76,"216",116.591986,40.076544
,77,"215",116.592131,40.075781
,78,"214",116.591644,40.075169
,79,"213",116.590840,40.075019
,80,"212",116.590012,40.074922
,81,"211",116.589184,40.074824
,82,"210",116.588356,40.074727
,83,"209",116.587529,40.074630
,84,"208",116.586798,40.074797
,85,"207",116.586369,40.075469
,86,"206",116.586302,40.076300
,87,"205",116.587106,40.076413
,88,"261",116.585430,40.076103
,89,"262",116.584845,40.076044
,90,"251",116.585648,40.074327
,91,"252",116.585051,40.074279
,92,"253",116.584453,40.074231
,93,"254",116.583856,40.074182
,94,"265",116.585412,40.074998
,95,"266",116.584660,40.074947
,96,"267",116.583908,40.074896
,97,"W202",116.577802,40.078796
,98,"W204",116.577933,40.077931
,99,"W201",116.576922,40.078926
,100,"W203",116.577003,40.078273
,101,"W205",116.577085,40.077620
,102,"W201",116.576534,40.076154
,103,"W212",116.576623,40.075475
,104,"W213",116.576713,40.074795
,105,"W214",116.576802,40.074115
,106,"W207",116.579072,40.076139
,107,"W209",116.579224,40.075139
,108,"W208",116.578678,40.076097
,109,"W210",116.578833,40.075079
,110,"641",116.593625,40.057268
,111,"642",116.593311,40.057239
,112,"643",116.592997,40.057210
,113,"644",116.592683,40.057181
,114,"645",116.592369,40.057151
,115,"731",116.589841,40.072335
,116,"733",116.589950,40.071620
,117,"735",116.590059,40.070905
,118,"732",116.590512,40.072148
,119,"734",116.590640,40.071145
,120,"722",116.591320,40.072345
,121,"724",116.591454,40.071456
,122,"726",116.591588,40.070566
,123,"728",116.591721,40.069677
,124,"721",116.591877,40.072532
,125,"723",116.592000,40.071797
,126,"725",116.592123,40.071061
,127,"727",116.592245,40.070325
,128,"729",116.592368,40.069590
,129,"701",116.592798,40.072495
,130,"702",116.592955,40.071623
,131,"703",116.593113,40.070750
,132,"704",116.593269,40.069877
,133,"705",116.593581,40.068086
,134,"706",116.593734,40.067150
,135,"707",116.593888,40.066215
,136,"708",116.594042,40.065279
,137,"709",116.594196,40.064343
,138,"710",116.594396,40.063003
,139,"632",116.593568,40.052081
,140,"631",116.594154,40.052137
,141,"630",116.594739,40.052193
,142,"629",116.595325,40.052249
,143,"628",116.595910,40.052305
,144,"627",116.593346,40.052678
,145,"626",116.593795,40.052723
,146,"625",116.594245,40.052768
,147,"623",116.595145,40.052859
,148,"624",116.594695,40.052814
,149,"622",116.595594,40.052904
,150,"621",116.596044,40.052950
,151,"608",116.594986,40.057042
,152,"609",116.595099,40.056282
,153,"610",116.595211,40.055522
,154,"611",116.595324,40.054761
,155,"612",116.595436,40.054000
,156,"603",116.594818,40.059889
,157,"605",116.594927,40.059197
,158,"607",116.595035,40.058505
,159,"602",116.594194,40.059807
,160,"604",116.594285,40.059110
,161,"606",116.594377,40.058413
,162,"711",116.594256,40.061826
,163,"N108",116.587988,40.100332
,164,"N106",116.588143,40.099159
,165,"N105",116.588298,40.097986
,166,"N104",116.588453,40.096813
,167,"N102",116.588608,40.095640
,168,"N109",116.587232,40.100652
,169,"N107",116.587359,40.099850
,170,"N103",116.588012,40.095724
,171,"N101",116.588117,40.095062
,172,"N213",116.598561,40.103339
,173,"N211",116.598737,40.102101
,174,"N209",116.598998,40.100461
,175,"N207",116.599259,40.098821
,176,"N205",116.599520,40.097181
,177,"N203",116.599781,40.095541
,178,"N201",116.600000,40.094282
,179,"N212",116.598053,40.102683
,180,"N210",116.598307,40.101092
,181,"N208",116.598561,40.099500
,182,"N206",116.598815,40.097909
,183,"N204",116.599069,40.096318
,184,"N202",116.599323,40.094726
,185,"M12",116.606062,40.103959
,186,"M11",116.606184,40.103183
,187,"M10",116.606307,40.102406
,188,"M09",116.606429,40.101629
,189,"M08",116.606551,40.100853
,190,"M07",116.606674,40.100076
,191,"M06",116.606796,40.099299
,192,"M05",116.606918,40.098523
,193,"M04",116.607041,40.097746
,194,"M03",116.607163,40.096969
,195,"M02",116.607285,40.096192
,196,"M01",116.607407,40.095416
,197,"557",116.601920,40.080188
,198,"558",116.602822,40.079899
,199,"559",116.603725,40.079614
,200,"524",116.601371,40.079198
,201,"523",116.602150,40.078934
,202,"522",116.602930,40.078669
,203,"521",116.603709,40.078405
,204,"520",116.604489,40.078140
,205,"515",116.609468,40.079894
,206,"516",116.608810,40.079492
,207,"517",116.608152,40.079089
,208,"518",116.607494,40.078687
,209,"519",116.606836,40.078284
,210,"556",116.602618,40.074707
,211,"555",116.602689,40.074037
,212,"554",116.602846,40.071533
,213,"553",116.602951,40.070673
,214,"552",116.603024,40.070107
,215,"551",116.603118,40.069572
,216,"525",116.601504,40.077014
,217,"526",116.602249,40.076723
,218,"527",116.602936,40.076314
,219,"528",116.603610,40.075888
,220,"529",116.604125,40.075276
,221,"530",116.604459,40.074572
,222,"531",116.604646,40.073794
,223,"532",116.604765,40.073004
,224,"533",116.604855,40.072209
,225,"534",116.604946,40.071414
,226,"535",116.605036,40.070620
,227,"536",116.605126,40.069825
,228,"565",116.610255,40.073860
,229,"564",116.610345,40.073114
,230,"563",116.610436,40.072368
,231,"562",116.610526,40.071623
,232,"561",116.610617,40.070877
,233,"560",116.610708,40.070131
,234,"514",116.609918,40.077771
,235,"513",116.609331,40.077337
,236,"512",116.608666,40.076760
,237,"511",116.608190,40.076041
,238,"510",116.607913,40.075227
,239,"509",116.608011,40.074353
,240,"508",116.608141,40.073482
,241,"507",116.608272,40.072612
,242,"506",116.608402,40.071742
,243,"504",116.608519,40.071040
,244,"502",116.608597,40.070273
,245,"505",116.608843,40.071478
,246,"503",116.608921,40.070824
,247,"501",116.608999,40.070170
,248,"458",116.603381,40.067046
,249,"456",116.603568,40.065924
,250,"454",116.603754,40.064708
,251,"452",116.603924,40.063586
,252,"457",116.603820,40.066667
,253,"455",116.603983,40.065619
,254,"453",116.604147,40.064572
,255,"451",116.604311,40.063524
,256,"408",116.605522,40.067353
,257,"409",116.605635,40.066447
,258,"410",116.605747,40.065540
,259,"411",116.605859,40.064634
,260,"413",116.605972,40.063727
,261,"407",116.608895,40.067480
,262,"406",116.609014,40.066640
,263,"405",116.609133,40.065799
,264,"403",116.609251,40.064959
,265,"401",116.609370,40.064118
,266,"466",116.610758,40.067667
,267,"464",116.610882,40.066698
,268,"462",116.611007,40.065729
,269,"460",116.611131,40.064761
,270,"465",116.611368,40.067311
,271,"463",116.611484,40.066396
,272,"461",116.611600,40.065481
,273,"459",116.611716,40.064566
,274,"357",116.603729,40.061060
,275,"355",116.603856,40.060118
,276,"353",116.603982,40.059176
,277,"351",116.604109,40.058234
,278,"356",116.603101,40.060498
,279,"354",116.603225,40.059515
,280,"352",116.603349,40.058532
,281,"361",116.613708,40.061877
,282,"359",116.613882,40.060551
,283,"358",116.613281,40.060060
,284,"360",116.613107,40.061296
,285,"320",116.606664,40.061271
,286,"322",116.606790,40.060474
,287,"324",116.606916,40.059677
,288,"326",116.607043,40.058879
,289,"328",116.607169,40.058082
,290,"330",116.607295,40.057285
,291,"331",116.607422,40.056487
,292,"332",116.607288,40.055700
,293,"333",116.606881,40.055005
,294,"334",116.606389,40.054366
,295,"335",116.605786,40.053841
,296,"336",116.605088,40.053435
,297,"337",116.604390,40.053029
,298,"319",116.606280,40.061345
,299,"321",116.606388,40.060603
,300,"323",116.606497,40.059860
,301,"325",116.606605,40.059118
,302,"327",116.606713,40.058375
,303,"329",116.606822,40.057633
,304,"318",116.609717,40.061534
,305,"316",116.609859,40.060710
,306,"314",116.610002,40.059886
,307,"312",116.610144,40.059062
,308,"310",116.610286,40.058238
,309,"308",116.610429,40.057414
,310,"307",116.610571,40.056590
,311,"306",116.610982,40.055871
,312,"305",116.611575,40.055288
,313,"304",116.612275,40.054859
,314,"303",116.613062,40.054576
,315,"302",116.613849,40.054293
,316,"301",116.614635,40.054010
,317,"317",116.610295,40.061372
,318,"315",116.610426,40.060492
,319,"313",116.610558,40.059612
,320,"311",116.610691,40.058731
,321,"309",116.610823,40.057851
