"FID_","ID","X","Y"
,1,116.569696,40.102035
,1,116.574085,40.073991
,2,116.569801,40.101360
,2,116.569817,40.101545
,2,116.569864,40.101670
,2,116.569968,40.101795
,2,116.570081,40.101878
,2,116.570247,40.101968
,2,116.570412,40.102017
,2,116.570686,40.102053
,2,116.570938,40.102051
,2,116.571158,40.101996
,2,116.571352,40.101898
,2,116.571580,40.101738
,2,116.571700,40.101626
,2,116.571825,40.101476
,2,116.571956,40.101262
,2,116.572007,40.101138
,2,116.572062,40.100954
,2,116.576313,40.073832
,2,116.576414,40.073600
,2,116.576556,40.073458
,2,116.576733,40.073353
,2,116.576972,40.073274
,3,116.569926,40.100561
,3,116.569961,40.100475
,3,116.570012,40.100397
,3,116.570096,40.100320
,3,116.570177,40.100263
,3,116.570293,40.100207
,3,116.570414,40.100171
,3,116.570622,40.100155
,3,116.571689,40.100250
,3,116.571799,40.100278
,3,116.571887,40.100322
,3,116.571980,40.100389
,3,116.572070,40.100496
,3,116.572107,40.100661
,4,116.572216,40.099954
,4,116.572156,40.100084
,4,116.572063,40.100149
,4,116.571934,40.100206
,4,116.571795,40.100243
,4,116.571689,40.100250
,5,116.570622,40.100155
,5,116.570421,40.100095
,5,116.570331,40.100040
,5,116.570256,40.099994
,5,116.570176,40.099910
,5,116.570111,40.099804
,5,116.570068,40.099656
,6,116.572730,40.096675
,6,116.572634,40.096823
,6,116.572560,40.096884
,6,116.572452,40.096940
,6,116.572358,40.096970
,6,116.572254,40.096985
,6,116.572071,40.096970
,6,116.571947,40.096933
,6,116.571839,40.096859
,6,116.571745,40.096770
,6,116.571318,40.095916
,6,116.571211,40.095654
,6,116.571126,40.095393
,6,116.571062,40.095142
,6,116.571013,40.094891
,6,116.570973,40.094541
,6,116.570948,40.094033
,7,116.573293,40.093086
,7,116.573236,40.093212
,7,116.573156,40.093290
,7,116.573083,40.093345
,7,116.572936,40.093400
,7,116.572812,40.093415
,7,116.572694,40.093414
,7,116.572581,40.093390
,7,116.572485,40.093351
,7,116.572403,40.093297
,7,116.572310,40.093195
,7,116.572222,40.093034
,7,116.571774,40.092082
,7,116.571601,40.091484
,7,116.571489,40.090579
,8,116.571657,40.089503
,8,116.571923,40.088795
,8,116.572214,40.088260
,8,116.572606,40.087737
,8,116.573382,40.086902
,8,116.574130,40.086067
,8,116.574468,40.085598
,9,116.573701,40.090489
,9,116.573632,40.090045
,9,116.573521,40.089722
,9,116.573028,40.088748
,9,116.572550,40.087787
,9,116.572413,40.087445
,9,116.572278,40.086893
,9,116.572215,40.085944
,10,116.573973,40.088754
,10,116.573697,40.088898
,10,116.573504,40.088943
,10,116.573393,40.088932
,10,116.573199,40.088880
,10,116.573028,40.088748
,11,116.573504,40.088943
,11,116.573935,40.088995
,12,116.574206,40.087266
,12,116.574160,40.087076
,12,116.574058,40.086974
,12,116.573890,40.086899
,12,116.573718,40.086868
,12,116.573449,40.086904
,12,116.573286,40.087005
,13,116.572339,40.085146
,13,116.572634,40.084386
,13,116.572849,40.083985
,13,116.573280,40.083356
,13,116.574893,40.081704
,13,116.575097,40.081584
,14,116.573656,40.082971
,14,116.573865,40.082884
,14,116.574066,40.082848
,14,116.574888,40.082916
,15,116.572934,40.081350
,15,116.573256,40.080589
,15,116.573616,40.080020
,15,116.575455,40.077938
,15,116.575754,40.077397
,16,116.574562,40.078949
,16,116.574723,40.078841
,16,116.574905,40.078798
,16,116.575080,40.078816
,16,116.575299,40.078902
,16,116.575435,40.079056
,16,116.575475,40.079172
,17,116.573775,40.075972
,17,116.573890,40.075709
,17,116.574003,40.075607
,17,116.574205,40.075504
,17,116.574491,40.075460
,17,116.575598,40.075556
,17,116.575719,40.075600
,17,116.575851,40.075680
,17,116.575946,40.075797
,17,116.575973,40.076003
,18,116.576088,40.075263
,18,116.575990,40.075409
,18,116.575873,40.075490
,18,116.575690,40.075545
,18,116.575598,40.075556
,19,116.574491,40.075460
,19,116.574252,40.075387
,19,116.574106,40.075284
,19,116.574021,40.075167
,19,116.573970,40.075050
,19,116.573944,40.074897
,20,116.574085,40.073991
,20,116.574190,40.073801
,20,116.574357,40.073660
,20,116.574466,40.073615
,20,116.574731,40.073532
,20,116.576972,40.073274
,20,116.581414,40.073660
,20,116.583316,40.073874
,21,116.573701,40.090489
,21,116.581397,40.091269
,22,116.573935,40.088995
,22,116.582486,40.089794
,22,116.589624,40.090461
,23,116.612145,40.093937
,23,116.617635,40.058512
,24,116.617409,40.059974
,24,116.617387,40.059810
,24,116.617326,40.059698
,24,116.617229,40.059609
,24,116.617098,40.059549
,24,116.616970,40.059490
,24,116.612247,40.059046
,25,116.617502,40.059374
,25,116.617383,40.059091
,25,116.617244,40.058872
,25,116.617060,40.058708
,25,116.616836,40.058578
,25,116.612393,40.058172
,26,116.607186,40.104469
,26,116.608645,40.094781
,27,116.608645,40.094781
,27,116.608575,40.094439
,27,116.611718,40.073861
,27,116.612545,40.068732
,27,116.613347,40.063567
,28,116.608823,40.092817
,28,116.611242,40.093059
,28,116.611404,40.093025
,28,116.611608,40.092929
,28,116.612384,40.092394
,29,116.612478,40.091786
,29,116.612399,40.091943
,29,116.612307,40.092018
,29,116.612153,40.092093
,29,116.612012,40.092122
,29,116.611930,40.092139
,29,116.608969,40.091857
,30,116.612691,40.090412
,30,116.610356,40.090178
,31,116.610356,40.090178
,31,116.609240,40.090085
,32,116.610079,40.091962
,32,116.611179,40.085246
,32,116.611455,40.084878
,32,116.611899,40.084332
,32,116.613214,40.083074
,32,116.613606,40.082536
,32,116.614093,40.081368
,33,116.611179,40.085246
,33,116.614503,40.063671
,33,116.615148,40.059318
,34,116.615852,40.070017
,34,116.613571,40.069723
,35,116.615864,40.069942
,35,116.615521,40.068902
,35,116.614794,40.067505
,35,116.614689,40.067385
,35,116.614498,40.067254
,35,116.614327,40.067182
,35,116.613973,40.067111
,36,116.612805,40.074693
,36,116.613481,40.074763
,36,116.613704,40.074703
,36,116.613867,40.074600
,36,116.614674,40.073725
,36,116.615034,40.073236
,36,116.615271,40.072799
,36,116.615422,40.072421
,36,116.615533,40.072078
,37,116.615162,40.074470
,37,116.615147,40.073971
,37,116.615089,40.073615
,37,116.615028,40.073246
,38,116.615028,40.073246
,38,116.614163,40.071553
,38,116.614003,40.071396
,38,116.613866,40.071314
,38,116.613679,40.071279
,38,116.613335,40.071255
,39,116.612044,40.079633
,39,116.612613,40.079661
,39,116.612889,40.079628
,39,116.613069,40.079540
,39,116.613697,40.078879
,39,116.614237,40.078171
,39,116.614471,40.077799
,39,116.614647,40.077351
,39,116.614769,40.077039
,40,116.614384,40.079489
,40,116.614391,40.079013
,40,116.614341,40.078623
,40,116.614261,40.078293
,40,116.614232,40.078167
,41,116.614232,40.078167
,41,116.614124,40.077824
,41,116.613822,40.077238
,41,116.613500,40.076732
,41,116.613312,40.076506
,41,116.613127,40.076431
,41,116.612982,40.076371
,41,116.612738,40.076372
,41,116.612513,40.076591
,42,116.611143,40.077621
,42,116.609702,40.076562
,42,116.609169,40.076005
,42,116.608992,40.075437
,42,116.608992,40.074904
,42,116.610729,40.063333
,43,116.594842,40.089407
,43,116.600153,40.055441
,44,116.574059,40.088203
,44,116.576253,40.088477
,44,116.580803,40.088880
,44,116.589877,40.089777
,44,116.593095,40.089890
,44,116.593494,40.089806
,44,116.593792,40.089675
,44,116.594198,40.089419
,44,116.594665,40.089123
,44,116.594824,40.088960
,44,116.594952,40.088702
,45,116.580821,40.088910
,45,116.581503,40.084344
,46,116.589624,40.090461
,46,116.589760,40.090516
,46,116.589870,40.090611
,46,116.589939,40.090761
,46,116.589617,40.093142
,46,116.589036,40.096596
,46,116.588312,40.101170
,47,116.589805,40.091627
,47,116.589852,40.091818
,47,116.589974,40.091977
,47,116.590211,40.092066
,47,116.590406,40.092093
,47,116.591504,40.092188
,47,116.591757,40.092151
,47,116.591948,40.092050
,47,116.592053,40.091897
,47,116.592354,40.090109
,47,116.592327,40.089977
,47,116.592207,40.089859
,48,116.590406,40.092093
,48,116.590596,40.092056
,48,116.590765,40.091971
,48,116.590933,40.091791
,49,116.589596,40.100671
,49,116.590879,40.092133
,50,116.590879,40.092133
,50,116.591187,40.090167
,50,116.591290,40.090028
,50,116.591460,40.089906
,50,116.591621,40.089838
,51,116.591417,40.092180
,51,116.591221,40.092118
,51,116.591116,40.092052
,51,116.591039,40.091963
,51,116.590967,40.091881
,51,116.590936,40.091770
,52,116.589049,40.096510
,52,116.589098,40.096397
,52,116.589183,40.096302
,52,116.589291,40.096227
,52,116.589443,40.096176
,52,116.589613,40.096155
,52,116.589796,40.096181
,52,116.589958,40.096250
,52,116.590087,40.096364
,52,116.590159,40.096490
,52,116.590190,40.096594
,53,116.590308,40.095826
,53,116.590216,40.095967
,53,116.590121,40.096055
,53,116.590009,40.096122
,53,116.589911,40.096150
,53,116.589772,40.096177
,54,116.589613,40.096155
,54,116.589492,40.096127
,54,116.589372,40.096070
,54,116.589304,40.096010
,54,116.589234,40.095920
,54,116.589189,40.095830
,54,116.589169,40.095739
,55,116.580610,40.091189
,55,116.580821,40.088910
,56,116.589702,40.099969
,56,116.589584,40.100091
,56,116.589523,40.100154
,56,116.589442,40.100214
,56,116.589343,40.100262
,56,116.589133,40.100316
,56,116.589059,40.100316
,57,116.589680,40.100112
,57,116.589749,40.100219
,57,116.589851,40.100312
,57,116.590020,40.100393
,57,116.590124,40.100411
,58,116.588469,40.100258
,58,116.589059,40.100316
,58,116.590124,40.100411
,58,116.591461,40.100546
,58,116.597569,40.101076
,59,116.588312,40.101170
,59,116.597421,40.101981
,60,116.590015,40.101322
,60,116.589721,40.101187
,60,116.589604,40.101075
,60,116.589564,40.100993
,60,116.589549,40.100884
,60,116.589556,40.100788
,60,116.589596,40.100671
,60,116.589681,40.100573
,60,116.589848,40.100464
,60,116.590124,40.100411
,61,116.589549,40.100884
,61,116.589439,40.101059
,61,116.589333,40.101139
,61,116.589139,40.101203
,61,116.588971,40.101229
,62,116.589596,40.100671
,62,116.589506,40.100531
,62,116.589357,40.100400
,62,116.589201,40.100329
,63,116.591191,40.090167
,63,116.590955,40.089884
,63,116.590783,40.089643
,63,116.590719,40.089458
,63,116.591858,40.081875
,63,116.593133,40.074195
,63,116.593168,40.073995
,64,116.591621,40.089838
,64,116.591769,40.089727
,64,116.591881,40.089593
,64,116.591967,40.089018
,64,116.592936,40.082627
,64,116.594278,40.074150
,65,116.590944,40.087958
,65,116.592112,40.088065
,66,116.592112,40.088065
,66,116.595005,40.088364
,67,116.590898,40.088268
,67,116.590957,40.088153
,67,116.591022,40.088096
,67,116.591102,40.088054
,67,116.591217,40.088013
,67,116.591379,40.087998
,68,116.591342,40.087994
,68,116.591217,40.087963
,68,116.591120,40.087899
,68,116.591073,40.087856
,68,116.591007,40.087796
,68,116.590978,40.087733
,69,116.592057,40.088427
,69,116.592040,40.088285
,69,116.591982,40.088187
,69,116.591891,40.088106
,69,116.591747,40.088047
,69,116.591639,40.088022
,70,116.591719,40.088029
,70,116.591862,40.088007
,70,116.591969,40.087961
,70,116.592113,40.087848
,70,116.592160,40.087748
,71,116.592155,40.087780
,71,116.592224,40.087916
,71,116.592299,40.087986
,71,116.592453,40.088072
,71,116.592582,40.088113
,72,116.592535,40.088109
,72,116.592343,40.088146
,72,116.592220,40.088206
,72,116.592155,40.088259
,72,116.592066,40.088364
,73,116.594960,40.088652
,73,116.594893,40.088521
,73,116.594809,40.088433
,73,116.594704,40.088376
,73,116.594487,40.088310
,74,116.594415,40.088303
,74,116.594643,40.088264
,74,116.594753,40.088212
,74,116.594869,40.088142
,74,116.595009,40.088006
,74,116.595077,40.087901
,75,116.574695,40.084150
,75,116.577443,40.084413
,75,116.578460,40.084062
,75,116.581503,40.084344
,75,116.591351,40.085253
,76,116.591306,40.085551
,76,116.591259,40.085453
,76,116.591183,40.085360
,76,116.591115,40.085275
,76,116.591041,40.085225
,77,116.591005,40.085222
,77,116.591179,40.085204
,77,116.591266,40.085151
,77,116.591349,40.085066
,77,116.591388,40.085006
,78,116.574888,40.082916
,78,116.578634,40.083203
,78,116.580113,40.083411
,78,116.590255,40.084421
,78,116.591466,40.084487
,79,116.591422,40.084779
,79,116.591362,40.084649
,79,116.591297,40.084583
,79,116.591145,40.084470
,80,116.591014,40.084462
,80,116.591158,40.084447
,80,116.591270,40.084411
,80,116.591351,40.084373
,80,116.591442,40.084307
,80,116.591504,40.084231
,81,116.578460,40.084062
,81,116.578811,40.082012
,82,116.578518,40.083720
,82,116.578567,40.083870
,82,116.578639,40.083960
,82,116.578751,40.084035
,82,116.578885,40.084102
,83,116.578526,40.083676
,83,116.578354,40.083930
,83,116.578230,40.084054
,83,116.578060,40.084200
,84,116.591351,40.085253
,84,116.592519,40.085380
,85,116.591637,40.085285
,85,116.591568,40.085227
,85,116.591509,40.085166
,85,116.591441,40.085095
,85,116.591402,40.085026
,85,116.591391,40.084983
,86,116.591301,40.085584
,86,116.591399,40.085459
,86,116.591502,40.085362
,86,116.591637,40.085285
,87,116.592466,40.085727
,87,116.592454,40.085581
,87,116.592409,40.085494
,87,116.592328,40.085416
,87,116.592176,40.085343
,88,116.592073,40.085332
,88,116.592175,40.085319
,88,116.592270,40.085293
,88,116.592366,40.085244
,88,116.592472,40.085178
,88,116.592571,40.085034
,89,116.581503,40.084344
,89,116.581850,40.081434
,90,116.575117,40.081457
,90,116.575788,40.081499
,90,116.578456,40.081805
,90,116.579363,40.082341
,90,116.584558,40.082824
,91,116.579363,40.082341
,91,116.579167,40.082343
,91,116.578985,40.082385
,91,116.578812,40.082506
,91,116.578693,40.082700
,92,116.575097,40.081584
,92,116.575318,40.081516
,92,116.575579,40.081486
,93,116.575165,40.081150
,93,116.575221,40.081254
,93,116.575287,40.081320
,93,116.575429,40.081413
,93,116.575626,40.081489
,94,116.584778,40.084646
,94,116.585108,40.081916
,95,116.584395,40.084611
,95,116.584574,40.084541
,95,116.584705,40.084467
,95,116.584786,40.084375
,95,116.584821,40.084292
,96,116.584824,40.084269
,96,116.584858,40.084414
,96,116.584934,40.084523
,96,116.585039,40.084605
,96,116.585236,40.084689
,97,116.588416,40.084238
,97,116.588539,40.083342
,98,116.584558,40.082824
,98,116.584980,40.082974
,98,116.588539,40.083342
,98,116.591590,40.083657
,99,116.591541,40.083988
,99,116.591513,40.083870
,99,116.591431,40.083763
,99,116.591346,40.083684
,99,116.591201,40.083617
,100,116.591179,40.083615
,100,116.591421,40.083584
,100,116.591523,40.083529
,100,116.591598,40.083450
,100,116.591639,40.083336
,101,116.575626,40.081489
,101,116.575859,40.081481
,101,116.576051,40.081412
,101,116.576141,40.081321
,101,116.576194,40.081158
,101,116.577350,40.073307
,102,116.575525,40.078857
,102,116.576513,40.078992
,103,116.576470,40.079285
,103,116.576400,40.079135
,103,116.576320,40.079045
,103,116.576214,40.078951
,104,116.576165,40.078944
,104,116.576322,40.078873
,104,116.576451,40.078777
,104,116.576567,40.078623
,105,116.575477,40.079163
,105,116.575554,40.079054
,105,116.575664,40.078967
,105,116.575810,40.078896
,106,116.575810,40.078896
,106,116.575690,40.078793
,106,116.575633,40.078703
,106,116.575572,40.078560
,107,116.575881,40.076588
,107,116.576851,40.076695
,108,116.576851,40.076695
,108,116.577194,40.076715
,108,116.577472,40.076644
,108,116.577707,40.076484
,108,116.577816,40.076281
,108,116.578274,40.073387
,109,116.575834,40.076890
,109,116.575878,40.076806
,109,116.575957,40.076726
,109,116.576043,40.076672
,109,116.576177,40.076620
,110,116.576177,40.076620
,110,116.576091,40.076558
,110,116.576030,40.076488
,110,116.575972,40.076392
,110,116.575930,40.076272
,111,116.583316,40.073874
,111,116.583871,40.074102
,111,116.592998,40.075013
,112,116.586094,40.076169
,112,116.586375,40.074352
,113,116.588982,40.074612
,113,116.589547,40.070828
,114,116.596435,40.057127
,114,116.593992,40.073194
,114,116.593168,40.073995
,115,116.596083,40.054442
,115,116.596994,40.054550
,115,116.597339,40.054647
,115,116.597490,40.054825
,115,116.594666,40.073103
,115,116.594348,40.073739
,115,116.594278,40.074150
,116,116.597490,40.054825
,116,116.597659,40.054717
,116,116.597818,40.054675
,116,116.598115,40.054678
,116,116.598787,40.054780
,116,116.599002,40.054879
,116,116.599782,40.055556
,116,116.600004,40.055883
,116,116.600039,40.056169
,117,116.595661,40.057022
,117,116.596454,40.057130
,118,116.596454,40.057130
,118,116.597119,40.057222
,119,116.596829,40.054530
,119,116.596435,40.057127
,120,116.595894,40.060688
,120,116.595483,40.060613
,120,116.595242,40.060526
,120,116.595109,40.060393
,120,116.596327,40.052956
,120,116.596459,40.052766
,120,116.596641,40.052716
,120,116.596808,40.052737
,120,116.596935,40.052807
,120,116.597070,40.052943
,120,116.596829,40.054530
,121,116.591847,40.074898
,121,116.593071,40.067244
,121,116.593066,40.067080
,121,116.593011,40.066912
,121,116.592975,40.066713
,121,116.593741,40.061669
,122,116.595447,40.085536
,122,116.595382,40.085707
,122,116.595287,40.085808
,122,116.595159,40.085891
,122,116.595010,40.085942
,122,116.594944,40.085952
,122,116.592466,40.085727
,123,116.592419,40.086037
,123,116.592486,40.085924
,123,116.592551,40.085861
,123,116.592662,40.085809
,123,116.592876,40.085765
,124,116.592897,40.085766
,124,116.592761,40.085723
,124,116.592635,40.085657
,124,116.592570,40.085585
,124,116.592510,40.085437
,125,116.592643,40.084559
,125,116.595560,40.084815
,126,116.592593,40.084891
,126,116.592664,40.084794
,126,116.592733,40.084729
,126,116.592809,40.084674
,126,116.592931,40.084621
,126,116.593095,40.084599
,127,116.593115,40.084601
,127,116.592960,40.084543
,127,116.592874,40.084490
,127,116.592812,40.084433
,127,116.592753,40.084353
,127,116.592695,40.084222
,128,116.592767,40.083744
,128,116.595683,40.084032
,129,116.592726,40.084016
,129,116.592848,40.083924
,129,116.592920,40.083881
,129,116.593028,40.083832
,129,116.593154,40.083797
,129,116.593268,40.083793
,130,116.593268,40.083793
,130,116.593139,40.083758
,130,116.593034,40.083710
,130,116.592965,40.083663
,130,116.592844,40.083558
,130,116.592804,40.083501
,131,116.592834,40.083301
,131,116.593144,40.082744
,131,116.596150,40.079253
,131,116.596414,40.078828
,131,116.596561,40.078416
,132,116.591706,40.082890
,132,116.592881,40.082989
,133,116.592844,40.083239
,133,116.592813,40.083160
,133,116.592745,40.083089
,133,116.592656,40.083024
,133,116.592534,40.082960
,134,116.592464,40.082954
,134,116.592632,40.082926
,134,116.592779,40.082861
,134,116.592868,40.082782
,134,116.592929,40.082680
,135,116.591669,40.083135
,135,116.591762,40.083039
,135,116.591875,40.082981
,135,116.592017,40.082953
,135,116.592153,40.082928
,136,116.592153,40.082928
,136,116.592004,40.082876
,136,116.591917,40.082792
,136,116.591831,40.082709
,136,116.591755,40.082562
,137,116.592015,40.080927
,137,116.593196,40.080988
,138,116.592543,40.077753
,138,116.593689,40.077872
,139,116.593647,40.078139
,139,116.593615,40.078044
,139,116.593560,40.077953
,139,116.593467,40.077849
,140,116.593423,40.077844
,140,116.593577,40.077772
,140,116.593664,40.077684
,140,116.593733,40.077592
,141,116.592503,40.077994
,141,116.592589,40.077890
,141,116.592687,40.077821
,141,116.592790,40.077778
,142,116.592850,40.077785
,142,116.592764,40.077719
,142,116.592683,40.077658
,142,116.592614,40.077548
,142,116.592592,40.077455
,143,116.592829,40.076029
,143,116.593965,40.076128
,144,116.593919,40.076418
,144,116.593885,40.076315
,144,116.593839,40.076253
,144,116.593767,40.076189
,144,116.593620,40.076098
,145,116.593579,40.076094
,145,116.593740,40.076054
,145,116.593849,40.076005
,145,116.593944,40.075921
,145,116.594015,40.075809
,146,116.597290,40.073754
,146,116.597354,40.072744
,146,116.597304,40.072415
,147,116.597304,40.072415
,147,116.597249,40.072021
,147,116.597065,40.071447
,147,116.596266,40.069626
,147,116.596092,40.069461
,147,116.595683,40.069336
,147,116.595256,40.069286
,148,116.595256,40.069286
,148,116.594595,40.069230
,149,116.594595,40.069230
,149,116.592776,40.069086
,150,116.592783,40.076307
,150,116.592850,40.076221
,150,116.592905,40.076171
,150,116.592986,40.076115
,150,116.593062,40.076085
,150,116.593182,40.076059
,151,116.593156,40.076057
,151,116.593041,40.075968
,151,116.592967,40.075894
,151,116.592912,40.075838
,151,116.592875,40.075754
,152,116.593034,40.074797
,152,116.594164,40.074869
,153,116.594112,40.075198
,153,116.594099,40.075102
,153,116.594063,40.075032
,153,116.594002,40.074953
,153,116.593924,40.074896
,153,116.593797,40.074845
,154,116.593752,40.074843
,154,116.593895,40.074796
,154,116.594006,40.074745
,154,116.594102,40.074686
,154,116.594174,40.074611
,154,116.594217,40.074537
,155,116.592998,40.075013
,155,116.593060,40.074952
,155,116.593135,40.074879
,155,116.593209,40.074838
,155,116.593296,40.074813
,156,116.593308,40.074814
,156,116.593219,40.074733
,156,116.593157,40.074659
,156,116.593097,40.074562
,156,116.593082,40.074504
,157,116.593196,40.080988
,157,116.594270,40.081083
,157,116.594511,40.081046
,157,116.594686,40.080954
,158,116.593831,40.076973
,158,116.596885,40.073153
,158,116.597183,40.072706
,158,116.597304,40.072415
,158,116.597451,40.072059
,158,116.597641,40.071508
,159,116.594164,40.074869
,159,116.595083,40.074869
,159,116.595277,40.074830
,159,116.595513,40.074728
,159,116.595757,40.074565
,160,116.593965,40.076128
,160,116.594265,40.076121
,160,116.594494,40.076040
,160,116.594725,40.075855
,161,116.598202,40.067920
,161,116.598181,40.067239
,161,116.598115,40.066809
,161,116.597995,40.066327
,161,116.597270,40.064567
,161,116.597053,40.064142
,161,116.596903,40.063996
,161,116.596686,40.063903
,161,116.596088,40.063899
,162,116.596088,40.063899
,162,116.595414,40.063842
,163,116.595414,40.063842
,163,116.593444,40.063627
,164,116.596371,40.062070
,164,116.599080,40.062301
,165,116.596508,40.061181
,165,116.599214,40.061446
,166,116.596906,40.058605
,166,116.599130,40.058779
,166,116.599315,40.058853
,166,116.599467,40.058997
,166,116.599566,40.059193
,167,116.597268,40.056262
,167,116.599979,40.056553
,168,116.599890,40.057124
,168,116.599888,40.056955
,168,116.599887,40.056865
,168,116.599846,40.056749
,168,116.599765,40.056645
,168,116.599553,40.056508
,169,116.599553,40.056508
,169,116.599716,40.056428
,169,116.599864,40.056357
,169,116.600003,40.056225
,169,116.600039,40.056169
,170,116.597421,40.101981
,170,116.598936,40.092695
,171,116.596369,40.101887
,171,116.597872,40.092623
,172,116.597188,40.096840
,172,116.598235,40.096993
,173,116.598200,40.097204
,173,116.598162,40.097101
,173,116.598084,40.097020
,173,116.597965,40.096953
,174,116.597965,40.096953
,174,116.598116,40.096911
,174,116.598211,40.096836
,174,116.598274,40.096749
,175,116.597150,40.097073
,175,116.597219,40.097003
,175,116.597322,40.096934
,175,116.597440,40.096902
,175,116.597556,40.096894
,176,116.597556,40.096894
,176,116.597443,40.096822
,176,116.597362,40.096744
,176,116.597299,40.096652
,176,116.597240,40.096520
,177,116.598924,40.092765
,177,116.597163,40.092527
,177,116.596994,40.092460
,177,116.596878,40.092358
,177,116.596825,40.092242
,177,116.596811,40.092137
,177,116.596818,40.091993
,177,116.597886,40.084926
,177,116.599324,40.075845
,177,116.600944,40.065424
,177,116.602241,40.057136
,178,116.597140,40.089861
,178,116.595846,40.089741
,178,116.595720,40.089708
,178,116.595606,40.089652
,178,116.595501,40.089578
,178,116.595072,40.089159
,178,116.594954,40.089044
,178,116.594939,40.088970
,178,116.594923,40.088890
,179,116.597073,40.090309
,179,116.597056,40.090134
,179,116.597004,40.090039
,179,116.596902,40.089942
,179,116.596641,40.089815
,180,116.596641,40.089815
,180,116.596836,40.089777
,180,116.596986,40.089706
,180,116.597097,40.089625
,180,116.597192,40.089519
,181,116.597277,40.088956
,181,116.595474,40.088800
,181,116.595250,40.088731
,181,116.595118,40.088628
,181,116.595052,40.088543
,181,116.595027,40.088483
,181,116.595005,40.088364
,182,116.597227,40.089290
,182,116.597164,40.089143
,182,116.597087,40.089060
,182,116.596941,40.088975
,182,116.596790,40.088914
,183,116.596790,40.088914
,183,116.596927,40.088883
,183,116.597065,40.088831
,183,116.597233,40.088750
,183,116.597325,40.088642
,184,116.595560,40.084815
,184,116.597868,40.085046
,185,116.597836,40.085256
,185,116.597827,40.085210
,185,116.597793,40.085159
,185,116.597657,40.085081
,185,116.597457,40.085005
,186,116.597457,40.085005
,186,116.597709,40.084974
,186,116.597787,40.084951
,186,116.597872,40.084909
,186,116.597895,40.084871
,187,116.595683,40.084032
,187,116.597995,40.084238
,188,116.597964,40.084437
,188,116.597921,40.084358
,188,116.597830,40.084294
,188,116.597562,40.084199
,189,116.597562,40.084199
,189,116.597741,40.084172
,189,116.597903,40.084123
,189,116.598023,40.084060
,190,116.598803,40.079135
,190,116.597954,40.077847
,190,116.597517,40.077083
,190,116.597292,40.076528
,190,116.597147,40.075954
,190,116.597103,40.075777
,190,116.597099,40.075362
,191,116.597099,40.075362
,191,116.597107,40.074919
,192,116.596954,40.075903
,192,116.597099,40.075362
,192,116.597281,40.074896
,192,116.597506,40.074496
,192,116.597762,40.074115
,192,116.598828,40.072993
,192,116.599951,40.071811
,193,116.599730,40.073234
,193,116.599401,40.073034
,193,116.599238,40.072997
,193,116.599049,40.072986
,193,116.598901,40.073016
,193,116.598743,40.073083
,194,116.599549,40.073124
,194,116.599244,40.072555
,195,116.599244,40.072555
,195,116.598406,40.071038
,195,116.598307,40.070786
,195,116.598138,40.070356
,195,116.598096,40.070145
,196,116.598096,40.070145
,196,116.598047,40.069806
,196,116.598018,40.069099
,197,116.597700,40.071128
,197,116.597847,40.070681
,197,116.598096,40.070145
,197,116.598358,40.069701
,197,116.598659,40.069338
,197,116.599476,40.068471
,197,116.600338,40.067596
,197,116.600673,40.067169
,198,116.599377,40.068576
,198,116.599589,40.068436
,198,116.599784,40.068405
,198,116.600124,40.068428
,198,116.600462,40.068524
,199,116.599646,40.072132
,199,116.599401,40.072138
,199,116.599211,40.072111
,199,116.599070,40.072058
,199,116.598892,40.071916
,200,116.599080,40.062301
,200,116.601402,40.062498
,201,116.601356,40.062791
,201,116.601326,40.062683
,201,116.601218,40.062588
,201,116.601088,40.062512
,201,116.600925,40.062458
,202,116.600925,40.062458
,202,116.601099,40.062451
,202,116.601273,40.062385
,202,116.601439,40.062261
,203,116.599214,40.061446
,203,116.601540,40.061618
,204,116.601502,40.061857
,204,116.601455,40.061776
,204,116.601363,40.061710
,204,116.601241,40.061652
,204,116.601030,40.061580
,205,116.601030,40.061580
,205,116.601241,40.061565
,205,116.601360,40.061525
,205,116.601472,40.061488
,205,116.601571,40.061415
,206,116.599908,40.057008
,206,116.602228,40.057217
,207,116.599846,40.057404
,207,116.599909,40.057266
,207,116.600003,40.057171
,207,116.600126,40.057104
,207,116.600279,40.057062
,207,116.600441,40.057056
,208,116.600441,40.057056
,208,116.600248,40.056998
,208,116.600134,40.056929
,208,116.600048,40.056831
,208,116.600001,40.056734
,208,116.599967,40.056631
,209,116.600039,40.056169
,209,116.600118,40.055892
,209,116.600226,40.055778
,209,116.600931,40.055360
,209,116.601140,40.055310
,209,116.602428,40.055416
,210,116.599988,40.056495
,210,116.600067,40.056349
,210,116.600235,40.056227
,210,116.600343,40.056185
,210,116.600496,40.056160
,210,116.602331,40.056301
,211,116.602401,40.055660
,211,116.602334,40.055539
,211,116.602228,40.055458
,211,116.601945,40.055376
,212,116.601945,40.055376
,212,116.602239,40.055348
,212,116.602419,40.055271
,212,116.602509,40.055206
,213,116.601540,40.061618
,213,116.614630,40.062815
,214,116.601502,40.061857
,214,116.601617,40.061769
,214,116.601742,40.061716
,214,116.602114,40.061670
,215,116.602114,40.061670
,215,116.601759,40.061523
,215,116.601670,40.061486
,215,116.601571,40.061415
,216,116.601402,40.062498
,216,116.614503,40.063671
,217,116.601356,40.062791
,217,116.601436,40.062706
,217,116.601569,40.062623
,217,116.601691,40.062585
,217,116.601957,40.062548
,218,116.601957,40.062548
,218,116.601719,40.062457
,218,116.601628,40.062400
,218,116.601528,40.062338
,218,116.601439,40.062261
,219,116.610657,40.063813
,219,116.610611,40.063596
,219,116.610525,40.063482
,219,116.610401,40.063370
,219,116.610222,40.063288
,220,116.610657,40.063813
,220,116.610746,40.063627
,220,116.610849,40.063521
,220,116.611003,40.063428
,220,116.611147,40.063371
,221,116.602241,40.057136
,221,116.602428,40.055416
,221,116.602677,40.054772
,221,116.603179,40.054107
,221,116.605642,40.055464
,221,116.605711,40.055594
,221,116.604932,40.061928
,222,116.597872,40.092623
,222,116.597848,40.092205
,222,116.598164,40.090524
,222,116.599035,40.084882
,222,116.600059,40.078194
,222,116.601625,40.068564
,222,116.602372,40.063747
,222,116.602554,40.062601
,223,116.598936,40.092695
,223,116.599029,40.092298
,223,116.599007,40.092042
,223,116.598849,40.091835
,223,116.598523,40.091699
,223,116.597976,40.091526
,224,116.597140,40.089861
,224,116.598251,40.089960
,225,116.598193,40.090334
,225,116.598169,40.090210
,225,116.598087,40.090080
,225,116.597934,40.089972
,225,116.597812,40.089921
,226,116.597812,40.089921
,226,116.598020,40.089875
,226,116.598161,40.089770
,226,116.598312,40.089568
,227,116.597077,40.090279
,227,116.597155,40.090106
,227,116.597245,40.090005
,227,116.597379,40.089912
,227,116.597468,40.089891
,228,116.597468,40.089891
,228,116.597330,40.089815
,228,116.597256,40.089703
,228,116.597192,40.089519
,229,116.597277,40.088956
,229,116.598390,40.089055
,230,116.597868,40.085046
,230,116.598991,40.085162
,231,116.597995,40.084238
,231,116.599119,40.084331
,232,116.604230,40.062751
,232,116.604334,40.061873
,233,116.605166,40.062835
,233,116.605282,40.061960
,234,116.610729,40.063333
,234,116.610857,40.062470
,235,116.613347,40.063567
,235,116.613483,40.062710
,236,116.603830,40.062716
,236,116.603998,40.062682
,236,116.604118,40.062613
,236,116.604200,40.062529
,236,116.604268,40.062428
,237,116.604268,40.062428
,237,116.604293,40.062533
,237,116.604368,40.062659
,237,116.604512,40.062752
,237,116.604604,40.062785
,238,116.604292,40.062226
,238,116.604235,40.062065
,238,116.604105,40.061953
,238,116.603971,40.061887
,238,116.603807,40.061825
,239,116.604292,40.062226
,239,116.604394,40.062075
,239,116.604490,40.061997
,239,116.604610,40.061948
,239,116.604792,40.061915
,240,116.605365,40.055312
,240,116.604334,40.061873
,241,116.604381,40.061580
,241,116.604286,40.061707
,241,116.604131,40.061806
,241,116.603928,40.061836
,242,116.604381,40.061580
,242,116.604431,40.061731
,242,116.604491,40.061814
,242,116.604658,40.061903
,243,116.604845,40.062806
,243,116.604987,40.062775
,243,116.605093,40.062705
,243,116.605202,40.062562
,244,116.605202,40.062562
,244,116.605240,40.062646
,244,116.605315,40.062746
,244,116.605423,40.062826
,244,116.605494,40.062865
,245,116.605238,40.062297
,245,116.605209,40.062137
,245,116.605131,40.062049
,245,116.605015,40.061969
,245,116.604899,40.061925
,246,116.605238,40.062297
,246,116.605333,40.062147
,246,116.605449,40.062059
,246,116.605642,40.061993
,247,116.598375,40.081834
,247,116.599487,40.081928
,248,116.598518,40.080932
,248,116.599620,40.081057
,249,116.598687,40.079867
,249,116.599784,40.079987
,250,116.598973,40.078062
,250,116.600059,40.078194
,251,116.599275,40.076155
,251,116.600365,40.076281
,252,116.599414,40.075266
,252,116.600507,40.075396
,253,116.599536,40.074480
,253,116.600639,40.074573
,254,116.599762,40.073024
,254,116.600865,40.073158
,255,116.599890,40.072207
,255,116.600997,40.072334
,256,116.605102,40.063223
,256,116.605086,40.063097
,256,116.605043,40.062999
,256,116.604947,40.062893
,256,116.604845,40.062806
,257,116.605102,40.063223
,257,116.605179,40.063086
,257,116.605280,40.062996
,257,116.605408,40.062914
,257,116.605494,40.062865
,258,116.610857,40.062470
,258,116.611711,40.056834
,258,116.612086,40.056234
,258,116.612455,40.055864
,258,116.613213,40.055431
,258,116.614952,40.054815
,258,116.615228,40.054879
,258,116.615410,40.055037
,258,116.615735,40.055653
,258,116.615148,40.059318
,259,116.610336,40.062422
,259,116.610598,40.062357
,259,116.610780,40.062250
,259,116.610918,40.062064
,260,116.610918,40.062064
,260,116.610996,40.062280
,260,116.611120,40.062395
,260,116.611290,40.062510
,261,116.613418,40.063117
,261,116.613352,40.062919
,261,116.613229,40.062779
,261,116.613017,40.062667
,262,116.613418,40.063117
,262,116.613538,40.062926
,262,116.613715,40.062826
,262,116.613918,40.062750
,263,116.611910,40.063439
,263,116.612794,40.057392
,263,116.612925,40.056931
,263,116.613078,40.056616
,263,116.613326,40.056409
,263,116.615560,40.055321
,264,116.611606,40.063412
,264,116.611776,40.063337
,264,116.611893,40.063227
,264,116.611961,40.063088
,265,116.611961,40.063088
,265,116.611991,40.063243
,265,116.612069,40.063340
,265,116.612196,40.063464
,266,116.611994,40.062861
,266,116.611942,40.062712
,266,116.611866,40.062618
,266,116.611735,40.062550
,267,116.611994,40.062861
,267,116.612100,40.062731
,267,116.612216,40.062648
,267,116.612359,40.062607
,268,116.612359,40.062607
,268,116.612220,40.062547
,268,116.612122,40.062426
,268,116.612078,40.062290
,269,116.611735,40.062550
,269,116.611855,40.062513
,269,116.611971,40.062411
,269,116.612078,40.062290
,270,116.600479,40.068415
,270,116.601625,40.068564
,271,116.600600,40.067641
,271,116.601729,40.067762
,272,116.601625,40.068564
,272,116.605826,40.069038
,272,116.609826,40.069328
,273,116.609826,40.069329
,273,116.612400,40.069633
,274,116.601729,40.067762
,274,116.602982,40.067802
,274,116.609953,40.068502
,275,116.609953,40.068502
,275,116.612545,40.068732
,276,116.604335,40.067938
,276,116.605166,40.062835
,277,116.600365,40.076281
,277,116.601187,40.076220
,277,116.602206,40.075804
,277,116.602732,40.075464
,277,116.603182,40.074927
,277,116.603357,40.074423
,277,116.604237,40.068860
,278,116.604237,40.068860
,278,116.604335,40.067938
,279,116.600865,40.073158
,279,116.603518,40.073404
,280,116.600997,40.072334
,280,116.603658,40.072520
,281,116.611476,40.075442
,281,116.608992,40.075166
,282,116.611609,40.074574
,282,116.609078,40.074329
,283,116.609395,40.075211
,283,116.609247,40.075240
,283,116.609150,40.075282
,283,116.609070,40.075334
,283,116.608992,40.075409
,284,116.609395,40.075211
,284,116.609177,40.075119
,284,116.609107,40.075058
,284,116.608992,40.074968
,285,116.609556,40.074376
,285,116.609347,40.074407
,285,116.609185,40.074471
,285,116.609041,40.074578
,286,116.609556,40.074376
,286,116.609386,40.074318
,286,116.609266,40.074234
,286,116.609183,40.074142
,286,116.609121,40.074043
,287,116.611476,40.075442
,287,116.612672,40.075555
,288,116.611609,40.074574
,288,116.612805,40.074693
,289,116.599784,40.079987
,289,116.600436,40.080071
,289,116.600836,40.080051
,289,116.604740,40.078715
,290,116.599487,40.081928
,290,116.601301,40.082046
,290,116.602488,40.082201
,290,116.604278,40.082299
,290,116.608725,40.082693
,290,116.610349,40.082820
,291,116.610470,40.082030
,291,116.599620,40.081057
,292,116.604740,40.078715
,292,116.604786,40.078896
,292,116.604384,40.081484
,293,116.600431,40.081989
,293,116.600661,40.080060
,294,116.604384,40.081484
,294,116.604278,40.082299
,295,116.605772,40.082431
,295,116.605873,40.081618
,296,116.605873,40.081618
,296,116.605928,40.080563
,296,116.606158,40.079037
,296,116.606296,40.078844
,296,116.609328,40.080606
,296,116.609591,40.081017
,296,116.609474,40.081940
,297,116.609474,40.081940
,297,116.609360,40.082742
,298,116.602228,40.057217
,298,116.605027,40.057465
,299,116.602331,40.056301
,299,116.605165,40.056585
,300,116.602428,40.055416
,300,116.605306,40.055689
,301,116.612400,40.069633
,301,116.613571,40.069723
,302,116.612545,40.068732
,302,116.613711,40.068812
,303,116.612904,40.066421
,303,116.614060,40.066551
,304,116.610191,40.083857
,304,116.611376,40.083968
,305,116.610333,40.082926
,305,116.611520,40.083034
,306,116.610470,40.082030
,306,116.611655,40.082159
,307,116.610639,40.080926
,307,116.611829,40.081032
,308,116.610857,40.079496
,308,116.612044,40.079633
,309,116.603994,40.082283
,309,116.604080,40.082261
,309,116.604167,40.082216
,309,116.604236,40.082150
,309,116.604313,40.082031
,310,116.604313,40.082031
,310,116.604341,40.082144
,310,116.604392,40.082228
,310,116.604475,40.082316
,311,116.604348,40.081762
,311,116.604314,40.081629
,311,116.604242,40.081536
,311,116.604137,40.081462
,312,116.604348,40.081762
,312,116.604423,40.081639
,312,116.604501,40.081569
,312,116.604611,40.081504
,313,116.604612,40.081504
,313,116.604538,40.081431
,313,116.604495,40.081353
,313,116.604423,40.081220
,314,116.604423,40.081220
,314,116.604333,40.081336
,314,116.604235,40.081404
,314,116.604137,40.081462
,315,116.605804,40.082174
,315,116.605712,40.082280
,315,116.605613,40.082360
,315,116.605482,40.082405
,316,116.605804,40.082174
,316,116.605867,40.082300
,316,116.605934,40.082377
,316,116.606047,40.082455
,317,116.605849,40.081813
,317,116.605814,40.081715
,317,116.605756,40.081650
,317,116.605670,40.081599
,318,116.605849,40.081813
,318,116.605906,40.081719
,318,116.605973,40.081671
,318,116.606062,40.081634
,319,116.611314,40.084370
,319,116.611278,40.084185
,319,116.611166,40.084046
,319,116.611027,40.083936
,320,116.611027,40.083936
,320,116.611237,40.083852
,320,116.611356,40.083753
,320,116.611430,40.083621
,321,116.611460,40.083428
,321,116.611397,40.083219
,321,116.611302,40.083096
,321,116.611148,40.083000
,322,116.611148,40.083000
,322,116.611360,40.082913
,322,116.611503,40.082766
,322,116.611585,40.082615
,323,116.611601,40.082507
,323,116.611547,40.082334
,323,116.611463,40.082233
,323,116.611300,40.082120
,324,116.611300,40.082120
,324,116.611499,40.082057
,324,116.611600,40.081964
,324,116.611709,40.081807
,325,116.611775,40.081379
,325,116.611720,40.081245
,325,116.611620,40.081133
,325,116.611469,40.081000
,326,116.611469,40.081000
,326,116.611692,40.080904
,326,116.611793,40.080812
,326,116.611874,40.080736
,327,116.591971,40.081194
,327,116.592057,40.081073
,327,116.592134,40.081018
,327,116.592301,40.080942
,328,116.592301,40.080942
,328,116.592156,40.080851
,328,116.592097,40.080780
,328,116.592057,40.080680
,329,116.581758,40.082209
,329,116.581656,40.082351
,329,116.581516,40.082439
,329,116.581327,40.082524
,330,116.581758,40.082209
,330,116.581835,40.082334
,330,116.581961,40.082473
,330,116.582162,40.082601
