"FID_","ID","NAME","X","Y"
,1,116.571406,40.101985
,1,116.571660,40.101814
,1,116.571833,40.101650
,1,116.572019,40.101430
,1,116.572140,40.101182
,1,116.572229,40.100751
,1,116.572440,40.099428
,1,116.572625,40.098269
,1,116.572689,40.097868
,1,116.572821,40.097045
,1,116.572854,40.096840
,1,116.572971,40.096104
,1,116.573090,40.095359
,1,116.573666,40.091572
,1,116.573951,40.089802
,1,116.574098,40.088863
,1,116.574148,40.088531
,1,116.574348,40.087273
,1,116.574745,40.084680
,1,116.574916,40.083731
,1,116.574961,40.083418
,1,116.575111,40.082353
,1,116.575175,40.081993
,1,116.575335,40.080953
,1,116.575489,40.079946
,1,116.575624,40.079169
,1,116.575726,40.078493
,1,116.575816,40.077886
,1,116.575990,40.076724
,1,116.576030,40.076488
,1,116.576123,40.075943
,1,116.576159,40.075732
,1,116.576455,40.073839
,1,116.576511,40.073682
,1,116.576618,40.073555
,1,116.576726,40.073488
,1,116.576891,40.073435
,1,116.578936,40.073536
,1,116.582626,40.073939
,1,116.582865,40.073948
,1,116.582984,40.073965
,1,116.583074,40.073998
,1,116.583157,40.074055
,1,116.583204,40.074119
,1,116.583231,40.074162
,1,116.583241,40.074233
,1,116.583359,40.073618
,1,116.583252,40.073697
,1,116.583192,40.073721
,1,116.583095,40.073731
,1,116.582947,40.073721
,1,116.582765,40.073694
,1,116.582626,40.073658
,1,116.582169,40.073592
,1,116.580260,40.073461
,1,116.578293,40.073276
,1,116.576878,40.073167
,1,116.576197,40.073269
,1,116.576145,40.073992
,1,116.576010,40.074983
,1,116.575754,40.076603
,1,116.575653,40.077239
,1,116.575241,40.079840
,1,116.574993,40.081341
,1,116.574695,40.083392
,1,116.574396,40.085203
,1,116.573984,40.087834
,1,116.573948,40.088065
,1,116.573570,40.090483
,1,116.573188,40.092918
,1,116.573082,40.093597
,1,116.573012,40.094047
,1,116.572852,40.095064
,1,116.572816,40.095346
,1,116.572696,40.096075
,1,116.572515,40.097177
,1,116.572150,40.099475
,1,116.572040,40.100132
,1,116.571907,40.101088
,1,116.571726,40.101416
,1,116.571572,40.101587
,1,116.571333,40.101768
,1,116.571101,40.101901
,1,116.570917,40.101956
,1,116.570654,40.101952
,1,116.570452,40.101905
,1,116.570291,40.101812
,1,116.570162,40.101669
,1,116.570103,40.101560
,1,116.570079,40.101284
,1,116.569977,40.102068
,1,116.569979,40.102089
,1,116.570704,40.102147
,1,116.570771,40.102153
,1,116.570887,40.102148
,1,116.571003,40.102135
,1,116.571149,40.102101
,1,116.571406,40.101985
,2,116.571907,40.101088
,2,116.572040,40.100132
,2,116.572150,40.099475
,2,116.572089,40.099686
,2,116.572019,40.099945
,2,116.571978,40.099996
,2,116.571929,40.100036
,2,116.571866,40.100073
,2,116.571809,40.100095
,2,116.571740,40.100107
,2,116.570777,40.100017
,2,116.570645,40.099990
,2,116.570545,40.099947
,2,116.570427,40.099847
,2,116.570375,40.099790
,2,116.570359,40.099690
,2,116.570345,40.099602
,2,116.570183,40.100624
,2,116.570236,40.100527
,2,116.570313,40.100442
,2,116.570451,40.100353
,2,116.570606,40.100315
,2,116.570719,40.100313
,2,116.571683,40.100407
,2,116.571747,40.100426
,2,116.571824,40.100464
,2,116.571870,40.100521
,2,116.571900,40.100559
,2,116.571921,40.100621
,2,116.571907,40.101088
,3,116.572515,40.097177
,3,116.572696,40.096075
,3,116.572532,40.096674
,3,116.572463,40.096754
,3,116.572369,40.096812
,3,116.572263,40.096838
,3,116.572175,40.096841
,3,116.572087,40.096822
,3,116.572005,40.096774
,3,116.571934,40.096717
,3,116.571831,40.096544
,3,116.571699,40.096290
,3,116.571555,40.096013
,3,116.571414,40.095683
,3,116.571326,40.095432
,3,116.571279,40.095180
,3,116.571241,40.094983
,3,116.571208,40.094673
,3,116.571177,40.094304
,3,116.570919,40.095965
,3,116.570953,40.095874
,3,116.570975,40.095863
,3,116.571009,40.095846
,3,116.571081,40.095840
,3,116.571127,40.095853
,3,116.571174,40.095890
,3,116.571576,40.096701
,3,116.571665,40.096848
,3,116.571716,40.096900
,3,116.571790,40.096958
,3,116.571868,40.097008
,3,116.571948,40.097034
,3,116.572027,40.097059
,3,116.572186,40.097084
,3,116.572385,40.097098
,3,116.572437,40.097105
,3,116.572469,40.097116
,3,116.572492,40.097136
,3,116.572515,40.097177
,4,116.574392,40.073962
,4,116.574480,40.073822
,4,116.574576,40.073739
,4,116.574692,40.073671
,4,116.574826,40.073628
,4,116.574994,40.073596
,4,116.575356,40.073551
,4,116.575485,40.073548
,4,116.575631,40.073562
,4,116.575775,40.073603
,4,116.575938,40.073699
,4,116.576051,40.073805
,4,116.576145,40.073992
,4,116.576197,40.073269
,4,116.575148,40.073381
,4,116.574467,40.073466
,4,116.574392,40.073962
,5,116.573082,40.093597
,5,116.573188,40.092918
,5,116.573093,40.093110
,5,116.573036,40.093177
,5,116.572974,40.093223
,5,116.572899,40.093256
,5,116.572824,40.093267
,5,116.572717,40.093267
,5,116.572646,40.093252
,5,116.572571,40.093221
,5,116.572491,40.093152
,5,116.572428,40.093048
,5,116.572233,40.092660
,5,116.572096,40.092411
,5,116.571952,40.092037
,5,116.571854,40.091684
,5,116.571794,40.091426
,5,116.571765,40.091156
,5,116.571763,40.090818
,5,116.571794,40.090376
,5,116.571476,40.092370
,5,116.571524,40.092292
,5,116.571558,40.092267
,5,116.571608,40.092255
,5,116.571658,40.092257
,5,116.571691,40.092266
,5,116.571732,40.092305
,5,116.571897,40.092637
,5,116.572188,40.093222
,5,116.572237,40.093290
,5,116.572303,40.093353
,5,116.572386,40.093414
,5,116.572467,40.093451
,5,116.572541,40.093479
,5,116.572616,40.093498
,5,116.572724,40.093509
,5,116.572833,40.093520
,5,116.572991,40.093536
,5,116.573023,40.093546
,5,116.573058,40.093564
,5,116.573082,40.093597
,6,116.572810,40.087908
,6,116.572674,40.087162
,6,116.572603,40.086925
,6,116.572521,40.086518
,6,116.572469,40.086132
,6,116.571941,40.089451
,6,116.572169,40.088792
,6,116.572387,40.088353
,6,116.572488,40.088199
,6,116.572527,40.088167
,6,116.572567,40.088163
,6,116.572610,40.088183
,6,116.572668,40.088303
,6,116.573390,40.089743
,6,116.573470,40.089970
,6,116.573512,40.090133
,6,116.573570,40.090483
,6,116.573948,40.088065
,6,116.573833,40.088478
,6,116.573807,40.088594
,6,116.573777,40.088650
,6,116.573723,40.088708
,6,116.573653,40.088748
,6,116.573549,40.088786
,6,116.573480,40.088792
,6,116.573395,40.088783
,6,116.573318,40.088758
,6,116.573215,40.088695
,6,116.573169,40.088628
,6,116.572810,40.087908
,7,116.572865,40.087716
,7,116.573432,40.087095
,7,116.573490,40.087054
,7,116.573547,40.087031
,7,116.573631,40.087015
,7,116.573701,40.087015
,7,116.573790,40.087026
,7,116.573888,40.087062
,7,116.573940,40.087097
,7,116.573991,40.087162
,7,116.574018,40.087233
,7,116.573984,40.087834
,7,116.574396,40.085203
,7,116.574324,40.085479
,7,116.574260,40.085630
,7,116.574135,40.085858
,7,116.574004,40.086029
,7,116.572819,40.087341
,7,116.572710,40.087286
,7,116.572674,40.087162
,7,116.572810,40.087908
,7,116.572814,40.087826
,7,116.572832,40.087763
,7,116.572865,40.087716
,8,116.572681,40.084780
,8,116.572880,40.084277
,8,116.573066,40.083906
,8,116.573271,40.083589
,8,116.573514,40.083265
,8,116.573784,40.083032
,8,116.574044,40.082941
,8,116.574223,40.082941
,8,116.574412,40.082978
,8,116.574550,40.083063
,8,116.574618,40.083154
,8,116.574695,40.083392
,8,116.574993,40.081341
,8,116.574598,40.081839
,8,116.574145,40.082292
,8,116.573392,40.083003
,8,116.573166,40.083216
,8,116.573111,40.083255
,8,116.573066,40.083264
,8,116.572922,40.083238
,8,116.572681,40.084780
,9,116.573169,40.081654
,9,116.573269,40.081212
,9,116.573392,40.080848
,9,116.573591,40.080408
,9,116.573796,40.080066
,9,116.574242,40.079503
,9,116.574590,40.079165
,9,116.574709,40.079027
,9,116.574789,40.078982
,9,116.574887,40.078955
,9,116.575012,40.078957
,9,116.575129,40.078993
,9,116.575219,40.079060
,9,116.575266,40.079130
,9,116.575278,40.079189
,9,116.575241,40.079840
,9,116.575653,40.077239
,9,116.575559,40.077505
,9,116.575452,40.077722
,9,116.575285,40.077967
,9,116.575078,40.078195
,9,116.574752,40.078556
,9,116.574393,40.078951
,9,116.573959,40.079431
,9,116.573728,40.079685
,9,116.573683,40.079718
,9,116.573628,40.079738
,9,116.573585,40.079734
,9,116.573539,40.079708
,9,116.573495,40.079657
,9,116.573169,40.081654
,10,116.574067,40.075939
,10,116.574167,40.075752
,10,116.574232,40.075699
,10,116.574351,40.075645
,10,116.574597,40.075620
,10,116.575578,40.075702
,10,116.575662,40.075746
,10,116.575711,40.075789
,10,116.575765,40.075850
,10,116.575785,40.075903
,10,116.575754,40.076603
,10,116.576010,40.074983
,10,116.575881,40.075274
,10,116.575801,40.075349
,10,116.575696,40.075395
,10,116.575567,40.075409
,10,116.574649,40.075335
,10,116.574529,40.075303
,10,116.574438,40.075263
,10,116.574362,40.075218
,10,116.574305,40.075150
,10,116.574249,40.075060
,10,116.574222,40.074927
,10,116.574067,40.075939
,11,116.573666,40.091572
,11,116.573825,40.091025
,11,116.573888,40.090873
,11,116.573940,40.090830
,11,116.574030,40.090790
,11,116.574157,40.090786
,11,116.574253,40.090824
,11,116.574337,40.090914
,11,116.574359,40.090995
,11,116.574483,40.090193
,11,116.574427,40.090287
,11,116.574382,40.090342
,11,116.574326,40.090364
,11,116.574228,40.090372
,11,116.574128,40.090355
,11,116.574065,40.090324
,11,116.574007,40.090261
,11,116.573951,40.089802
,11,116.573666,40.091572
,12,116.573951,40.089802
,12,116.574136,40.089330
,12,116.574177,40.089296
,12,116.574228,40.089270
,12,116.574286,40.089252
,12,116.574357,40.089250
,12,116.574436,40.089265
,12,116.574511,40.089306
,12,116.574540,40.089335
,12,116.574599,40.089346
,12,116.581825,40.089838
,12,116.587597,40.090386
,12,116.588655,40.090486
,12,116.589557,40.090649
,12,116.589643,40.090685
,12,116.589698,40.090756
,12,116.589717,40.090883
,12,116.589762,40.090104
,12,116.589738,40.090165
,12,116.589691,40.090215
,12,116.589618,40.090256
,12,116.589461,40.090269
,12,116.588877,40.090285
,12,116.585518,40.089976
,12,116.584641,40.089844
,12,116.583264,40.089707
,12,116.582883,40.089711
,12,116.582475,40.089692
,12,116.581173,40.089498
,12,116.580236,40.089426
,12,116.578929,40.089325
,12,116.576832,40.089184
,12,116.575430,40.089029
,12,116.574439,40.088914
,12,116.574364,40.088888
,12,116.574280,40.088840
,12,116.574223,40.088781
,12,116.574182,40.088700
,12,116.574148,40.088531
,12,116.574098,40.088863
,12,116.573951,40.089802
,13,116.574348,40.087273
,13,116.574148,40.088531
,13,116.574289,40.088457
,13,116.574411,40.088432
,13,116.574477,40.088419
,13,116.575433,40.088510
,13,116.578289,40.088782
,13,116.579111,40.088942
,13,116.579258,40.088976
,13,116.580030,40.089029
,13,116.580300,40.089038
,13,116.581222,40.089122
,13,116.582208,40.089138
,13,116.582930,40.089238
,13,116.583642,40.089401
,13,116.584433,40.089452
,13,116.585580,40.089454
,13,116.586120,40.089507
,13,116.587848,40.089675
,13,116.588737,40.089761
,13,116.589584,40.089908
,13,116.589680,40.089942
,13,116.589730,40.089987
,13,116.589761,40.090032
,13,116.589762,40.090104
,13,116.590305,40.089606
,13,116.589488,40.089606
,13,116.587948,40.089473
,13,116.586329,40.089333
,13,116.584147,40.089144
,13,116.582261,40.088938
,13,116.581246,40.088780
,13,116.580437,40.088719
,13,116.579660,40.088688
,13,116.578555,40.088594
,13,116.577442,40.088500
,13,116.575597,40.088271
,13,116.574653,40.088116
,13,116.574545,40.088119
,13,116.574454,40.088095
,13,116.574383,40.088048
,13,116.574340,40.087954
,13,116.574348,40.087273
,14,116.575433,40.088510
,14,116.574477,40.088419
,14,116.574700,40.088539
,14,116.574756,40.088632
,14,116.574756,40.088709
,14,116.574690,40.088799
,14,116.574439,40.088914
,14,116.575430,40.089029
,14,116.575218,40.088921
,14,116.575156,40.088827
,14,116.575142,40.088719
,14,116.575156,40.088636
,14,116.575197,40.088573
,14,116.575433,40.088510
,15,116.578929,40.089325
,15,116.580236,40.089426
,15,116.579917,40.089361
,15,116.579830,40.089299
,15,116.579807,40.089240
,15,116.579798,40.089186
,15,116.579813,40.089135
,15,116.579859,40.089075
,15,116.580030,40.089029
,15,116.579258,40.088976
,15,116.579411,40.089024
,15,116.579444,40.089079
,15,116.579453,40.089140
,15,116.579432,40.089208
,15,116.579376,40.089254
,15,116.579230,40.089301
,15,116.578929,40.089325
,16,116.580236,40.089426
,16,116.581173,40.089498
,16,116.581017,40.089392
,16,116.581001,40.089334
,16,116.580999,40.089273
,16,116.581011,40.089219
,16,116.581050,40.089175
,16,116.581222,40.089122
,16,116.580300,40.089038
,16,116.580498,40.089088
,16,116.580543,40.089128
,16,116.580580,40.089192
,16,116.580586,40.089241
,16,116.580577,40.089292
,16,116.580532,40.089347
,16,116.580448,40.089400
,16,116.580236,40.089426
,17,116.583264,40.089707
,17,116.584641,40.089844
,17,116.584379,40.089785
,17,116.584303,40.089723
,17,116.584265,40.089652
,17,116.584269,40.089582
,17,116.584301,40.089510
,17,116.584433,40.089452
,17,116.583642,40.089401
,17,116.583689,40.089489
,17,116.583695,40.089552
,17,116.583687,40.089607
,17,116.583657,40.089656
,17,116.583560,40.089704
,17,116.583264,40.089707
,18,116.581467,40.085442
,18,116.581199,40.085425
,18,116.580825,40.087869
,18,116.580632,40.088546
,18,116.580583,40.088649
,18,116.580437,40.088719
,18,116.581246,40.088780
,18,116.581206,40.088758
,18,116.581140,40.088728
,18,116.581102,40.088683
,18,116.581077,40.088610
,18,116.581079,40.087922
,18,116.581467,40.085442
,19,116.578506,40.081994
,19,116.578487,40.082081
,19,116.578553,40.082217
,19,116.578557,40.082346
,19,116.578470,40.082778
,19,116.578418,40.082870
,19,116.578279,40.082972
,19,116.578180,40.083001
,19,116.578045,40.083023
,19,116.578987,40.083116
,19,116.578918,40.083052
,19,116.578883,40.082995
,19,116.578867,40.082928
,19,116.578856,40.082839
,19,116.578868,40.082714
,19,116.578953,40.082587
,19,116.579053,40.082519
,19,116.579165,40.082462
,19,116.579307,40.082443
,19,116.579461,40.082456
,19,116.578506,40.081994
,20,116.578506,40.081994
,20,116.578578,40.081439
,20,116.578494,40.081523
,20,116.578405,40.081575
,20,116.578297,40.081627
,20,116.578180,40.081664
,20,116.577957,40.081662
,20,116.576373,40.081444
,20,116.575708,40.081353
,20,116.575620,40.081330
,20,116.575564,40.081300
,20,116.575502,40.081251
,20,116.575455,40.081195
,20,116.575421,40.081145
,20,116.575397,40.081101
,20,116.575371,40.081032
,20,116.575335,40.080953
,20,116.575175,40.081993
,20,116.575254,40.081905
,20,116.575317,40.081834
,20,116.575398,40.081777
,20,116.575485,40.081733
,20,116.575584,40.081702
,20,116.575670,40.081673
,20,116.575771,40.081652
,20,116.575969,40.081659
,20,116.576571,40.081738
,20,116.578216,40.081953
,20,116.578368,40.081991
,20,116.578427,40.082024
,20,116.578487,40.082081
,20,116.578506,40.081994
,21,116.581189,40.083331
,21,116.582025,40.083399
,21,116.581927,40.083319
,21,116.581887,40.083259
,21,116.581855,40.083189
,21,116.581827,40.083126
,21,116.581826,40.083072
,21,116.581834,40.083001
,21,116.581851,40.082945
,21,116.581886,40.082887
,21,116.581932,40.082828
,21,116.581986,40.082790
,21,116.582069,40.082751
,21,116.582137,40.082729
,21,116.582266,40.082705
,21,116.581117,40.082598
,21,116.581259,40.082641
,21,116.581341,40.082690
,21,116.581416,40.082759
,21,116.581459,40.082832
,21,116.581484,40.082921
,21,116.581482,40.083001
,21,116.581467,40.083096
,21,116.581438,40.083186
,21,116.581400,40.083233
,21,116.581321,40.083283
,21,116.581189,40.083331
,22,116.584768,40.083010
,22,116.584519,40.082919
,22,116.584693,40.083013
,22,116.584777,40.083084
,22,116.584803,40.083159
,22,116.584808,40.083239
,22,116.584808,40.083340
,22,116.584777,40.083436
,22,116.584730,40.083512
,22,116.584670,40.083615
,22,116.585195,40.083670
,22,116.585104,40.083587
,22,116.585057,40.083519
,22,116.585043,40.083420
,22,116.585052,40.083328
,22,116.585081,40.083241
,22,116.585154,40.083173
,22,116.584914,40.083109
,22,116.584768,40.083010
,23,116.588961,40.083601
,23,116.588103,40.083511
,23,116.588262,40.083577
,23,116.588309,40.083643
,23,116.588309,40.083710
,23,116.588294,40.083782
,23,116.588254,40.083837
,23,116.588198,40.083885
,23,116.587966,40.083959
,23,116.588955,40.084078
,23,116.588825,40.084016
,23,116.588753,40.083949
,23,116.588682,40.083875
,23,116.588650,40.083800
,23,116.588658,40.083731
,23,116.588705,40.083646
,23,116.588799,40.083614
,23,116.588961,40.083601
,24,116.590014,40.101077
,24,116.589896,40.101024
,24,116.589830,40.100926
,24,116.589827,40.100817
,24,116.589853,40.100732
,24,116.589919,40.100656
,24,116.590001,40.100623
,24,116.589312,40.100557
,24,116.589349,40.100662
,24,116.589359,40.100793
,24,116.589349,40.100878
,24,116.589289,40.100960
,24,116.589182,40.101044
,24,116.589075,40.101079
,24,116.590014,40.101077
,25,116.596708,40.101256
,25,116.596065,40.101215
,25,116.596140,40.101313
,25,116.596144,40.101392
,25,116.596104,40.101497
,25,116.596019,40.101586
,25,116.595904,40.101622
,25,116.596679,40.101673
,25,116.596637,40.101605
,25,116.596613,40.101522
,25,116.596611,40.101454
,25,116.596625,40.101386
,25,116.596658,40.101317
,25,116.596708,40.101256
,26,116.592803,40.101433
,26,116.590977,40.101264
,26,116.590014,40.101077
,26,116.589075,40.101079
,26,116.588974,40.101089
,26,116.588869,40.101084
,26,116.588775,40.101054
,26,116.588698,40.101032
,26,116.588628,40.100987
,26,116.588573,40.100930
,26,116.588546,40.100861
,26,116.588536,40.100778
,26,116.588541,40.100692
,26,116.588561,40.100604
,26,116.588621,40.100513
,26,116.588695,40.100460
,26,116.588812,40.100411
,26,116.588974,40.100396
,26,116.589140,40.100416
,26,116.589242,40.100473
,26,116.589312,40.100557
,26,116.590001,40.100623
,26,116.591023,40.100607
,26,116.592898,40.100775
,26,116.592926,40.100587
,26,116.592712,40.100573
,26,116.590101,40.100302
,26,116.589165,40.100233
,26,116.589019,40.100228
,26,116.588908,40.100203
,26,116.588768,40.100148
,26,116.588650,40.100059
,26,116.588635,40.099883
,26,116.588649,40.099590
,26,116.589020,40.097312
,26,116.589086,40.097217
,26,116.589301,40.096567
,26,116.589425,40.095699
,26,116.589423,40.094990
,26,116.589494,40.094560
,26,116.589696,40.093176
,26,116.589911,40.092529
,26,116.590063,40.091552
,26,116.590069,40.090909
,26,116.590240,40.090299
,26,116.590295,40.090176
,26,116.590355,40.090123
,26,116.590419,40.090094
,26,116.590491,40.090074
,26,116.590576,40.090066
,26,116.590707,40.090076
,26,116.590786,40.090118
,26,116.590830,40.090155
,26,116.591553,40.090199
,26,116.591631,40.090176
,26,116.591701,40.090166
,26,116.591788,40.090166
,26,116.591847,40.090170
,26,116.592816,40.090177
,26,116.593380,40.089934
,26,116.593632,40.089861
,26,116.593846,40.089768
,26,116.594160,40.089576
,26,116.594488,40.089391
,26,116.594546,40.089018
,26,116.594158,40.089301
,26,116.593977,40.089430
,26,116.593802,40.089532
,26,116.593601,40.089633
,26,116.593406,40.089709
,26,116.593147,40.089757
,26,116.592778,40.089715
,26,116.591273,40.089627
,26,116.590305,40.089606
,26,116.589762,40.090104
,26,116.589717,40.090883
,26,116.589686,40.091443
,26,116.589592,40.092117
,26,116.589248,40.094534
,26,116.588469,40.099716
,26,116.588354,40.100483
,26,116.588224,40.101344
,26,116.589682,40.101462
,26,116.592758,40.101746
,26,116.592803,40.101433
,27,116.590101,40.100302
,27,116.589972,40.100192
,27,116.589931,40.100133
,27,116.589919,40.100010
,27,116.589901,40.099226
,27,116.590273,40.096979
,27,116.590845,40.093319
,27,116.591083,40.092524
,27,116.591141,40.092443
,27,116.591224,40.092390
,27,116.591293,40.092373
,27,116.590425,40.092337
,27,116.590501,40.092385
,27,116.590546,40.092438
,27,116.590572,40.092524
,27,116.590559,40.093305
,27,116.590264,40.095128
,27,116.590052,40.095771
,27,116.589919,40.096630
,27,116.589914,40.097374
,27,116.589591,40.099323
,27,116.589392,40.099948
,27,116.589326,40.100033
,27,116.589243,40.100112
,27,116.589140,40.100162
,27,116.589019,40.100228
,27,116.589165,40.100233
,27,116.590101,40.100302
,28,116.589301,40.096567
,28,116.589349,40.096484
,28,116.589388,40.096447
,28,116.589447,40.096415
,28,116.589515,40.096393
,28,116.589607,40.096381
,28,116.589698,40.096393
,28,116.589770,40.096430
,28,116.589835,40.096477
,28,116.589883,40.096540
,28,116.589919,40.096630
,28,116.590052,40.095771
,28,116.589991,40.095848
,28,116.589916,40.095898
,28,116.589840,40.095918
,28,116.589748,40.095926
,28,116.589670,40.095921
,28,116.589589,40.095903
,28,116.589538,40.095875
,28,116.589501,40.095841
,28,116.589466,40.095778
,28,116.589425,40.095699
,28,116.589301,40.096567
,29,116.589911,40.092529
,29,116.589997,40.092395
,29,116.590059,40.092343
,29,116.590128,40.092318
,29,116.590220,40.092304
,29,116.590320,40.092307
,29,116.590425,40.092337
,29,116.591293,40.092373
,29,116.591483,40.092378
,29,116.591593,40.092375
,29,116.591783,40.092343
,29,116.591948,40.092261
,29,116.592049,40.092190
,29,116.592132,40.092084
,29,116.592196,40.091979
,29,116.592224,40.091836
,29,116.592345,40.091072
,29,116.592571,40.090370
,29,116.592635,40.090298
,29,116.592720,40.090234
,29,116.592816,40.090177
,29,116.591847,40.090170
,29,116.591973,40.090239
,29,116.592025,40.090299
,29,116.592053,40.090370
,29,116.592054,40.091094
,29,116.591818,40.091810
,29,116.591775,40.091873
,29,116.591702,40.091920
,29,116.591630,40.091945
,29,116.591561,40.091953
,29,116.591496,40.091953
,29,116.591415,40.091939
,29,116.591355,40.091922
,29,116.590467,40.091851
,29,116.590398,40.091853
,29,116.590327,40.091849
,29,116.590244,40.091827
,29,116.590190,40.091799
,29,116.590135,40.091761
,29,116.590095,40.091692
,29,116.590063,40.091552
,29,116.589911,40.092529
,30,116.590467,40.091851
,30,116.591355,40.091922
,30,116.591325,40.091904
,30,116.591272,40.091860
,30,116.591224,40.091804
,30,116.591199,40.091681
,30,116.591202,40.091039
,30,116.591416,40.090348
,30,116.591441,40.090282
,30,116.591496,40.090234
,30,116.591553,40.090199
,30,116.590830,40.090155
,30,116.590880,40.090214
,30,116.590901,40.090275
,30,116.590910,40.090328
,30,116.590913,40.091011
,30,116.590677,40.091717
,30,116.590604,40.091783
,30,116.590539,40.091828
,30,116.590467,40.091851
,31,116.592164,40.088483
,31,116.592289,40.087666
,31,116.592474,40.086555
,31,116.592949,40.083334
,31,116.593126,40.082341
,31,116.593318,40.081351
,31,116.593412,40.080574
,31,116.593943,40.077141
,31,116.594167,40.075714
,31,116.594294,40.075043
,31,116.594347,40.074650
,31,116.594367,40.074466
,31,116.594461,40.074268
,31,116.594575,40.074205
,31,116.594738,40.074161
,31,116.595368,40.074161
,31,116.595405,40.073813
,31,116.595286,40.073782
,31,116.595239,40.073725
,31,116.595516,40.071445
,31,116.595733,40.070429
,31,116.596077,40.068435
,31,116.596590,40.064776
,31,116.596798,40.062758
,31,116.597143,40.060612
,31,116.597360,40.059265
,31,116.597537,40.058161
,31,116.597577,40.057914
,31,116.597756,40.056655
,31,116.597867,40.055992
,31,116.598063,40.055025
,31,116.598153,40.054440
,31,116.597374,40.054331
,31,116.597284,40.054263
,31,116.597263,40.054206
,31,116.597263,40.054131
,31,116.597287,40.053452
,31,116.597280,40.053446
,31,116.597285,40.053419
,31,116.597439,40.052538
,31,116.596615,40.052471
,31,116.596556,40.052433
,31,116.596494,40.052995
,31,116.596548,40.052953
,31,116.596615,40.052944
,31,116.596700,40.052956
,31,116.596748,40.052998
,31,116.596769,40.053053
,31,116.596754,40.053615
,31,116.596597,40.054172
,31,116.596480,40.054866
,31,116.596464,40.055560
,31,116.596394,40.056020
,31,116.596187,40.056719
,31,116.596078,40.057396
,31,116.596067,40.058125
,31,116.595820,40.059672
,31,116.595612,40.060376
,31,116.595567,40.060421
,31,116.595509,40.060436
,31,116.595450,40.060431
,31,116.595402,40.060408
,31,116.595285,40.060667
,31,116.593005,40.074282
,31,116.591306,40.084030
,31,116.591048,40.086327
,31,116.590627,40.089077
,31,116.590590,40.089243
,31,116.590514,40.089375
,31,116.590424,40.089496
,31,116.590305,40.089606
,31,116.591273,40.089627
,31,116.591014,40.089484
,31,116.590960,40.089412
,31,116.590918,40.089295
,31,116.590953,40.088840
,31,116.591251,40.086858
,31,116.591410,40.085777
,31,116.591530,40.084767
,31,116.591786,40.083309
,31,116.591932,40.082470
,31,116.592108,40.081392
,31,116.592263,40.080388
,31,116.592619,40.078178
,31,116.592749,40.077410
,31,116.592858,40.076520
,31,116.593020,40.075595
,31,116.593100,40.075179
,31,116.593268,40.074313
,31,116.593339,40.074171
,31,116.593423,40.074079
,31,116.593580,40.074017
,31,116.593784,40.074025
,31,116.593925,40.074063
,31,116.594037,40.074171
,31,116.594071,40.074290
,31,116.594052,40.074442
,31,116.593975,40.075264
,31,116.593914,40.075702
,31,116.593773,40.076514
,31,116.593626,40.077502
,31,116.593514,40.078206
,31,116.593087,40.080618
,31,116.593027,40.081360
,31,116.592814,40.082603
,31,116.592665,40.083378
,31,116.592549,40.084141
,31,116.592425,40.084933
,31,116.592273,40.085911
,31,116.592137,40.086960
,31,116.591828,40.088894
,31,116.591754,40.089289
,31,116.591695,40.089402
,31,116.591612,40.089491
,31,116.591502,40.089556
,31,116.591273,40.089627
,31,116.592778,40.089715
,31,116.592556,40.089649
,31,116.592427,40.089563
,31,116.592282,40.089429
,31,116.592175,40.089284
,31,116.592105,40.089103
,31,116.592093,40.088919
,31,116.592164,40.088483
,32,116.594595,40.088701
,32,116.594723,40.087871
,32,116.594634,40.088000
,32,116.594580,40.088042
,32,116.594523,40.088082
,32,116.594442,40.088126
,32,116.594343,40.088138
,32,116.592626,40.087980
,32,116.592503,40.087934
,32,116.592435,40.087883
,32,116.592363,40.087813
,32,116.592311,40.087740
,32,116.592289,40.087666
,32,116.592164,40.088483
,32,116.592204,40.088411
,32,116.592248,40.088346
,32,116.592295,40.088311
,32,116.592365,40.088276
,32,116.592423,40.088262
,32,116.592517,40.088255
,32,116.594383,40.088458
,32,116.594484,40.088507
,32,116.594545,40.088559
,32,116.594580,40.088613
,32,116.594595,40.088701
,33,116.595096,40.085456
,33,116.595044,40.085582
,33,116.594946,40.085684
,33,116.594846,40.085749
,33,116.594721,40.085778
,33,116.594612,40.085782
,33,116.593341,40.085651
,33,116.592964,40.085620
,33,116.592873,40.085594
,33,116.592794,40.085544
,33,116.592744,40.085477
,33,116.592723,40.085398
,33,116.592801,40.084911
,33,116.592861,40.084837
,33,116.592947,40.084782
,33,116.593047,40.084746
,33,116.594136,40.084789
,33,116.595185,40.084885
,33,116.595373,40.083671
,33,116.595332,40.083747
,33,116.595241,40.083829
,33,116.595173,40.083868
,33,116.595084,40.083876
,33,116.594110,40.083761
,33,116.593842,40.083720
,33,116.593302,40.083653
,33,116.593202,40.083624
,33,116.593122,40.083578
,33,116.593059,40.083510
,33,116.592949,40.083334
,33,116.592474,40.086555
,33,116.592623,40.086087
,33,116.592673,40.086016
,33,116.592736,40.085959
,33,116.592818,40.085927
,33,116.592905,40.085914
,33,116.594533,40.086072
,33,116.594693,40.086120
,33,116.594799,40.086183
,33,116.594879,40.086265
,33,116.594931,40.086372
,33,116.594934,40.086510
,33,116.595096,40.085456
,33,116.593030,40.083999
,33,116.593140,40.083948
,33,116.594006,40.083968
,33,116.594966,40.084068
,33,116.595100,40.084095
,33,116.595193,40.084168
,33,116.595232,40.084229
,33,116.595149,40.084680
,33,116.593140,40.084448
,33,116.593008,40.084397
,33,116.592952,40.084336
,33,116.592915,40.084265
,33,116.592911,40.084180
,33,116.592942,40.084080
,33,116.593030,40.083999
,34,116.596100,40.079044
,34,116.595419,40.079877
,34,116.594665,40.080775
,34,116.594543,40.080870
,34,116.594391,40.080927
,34,116.594286,40.080927
,34,116.593641,40.080840
,34,116.593550,40.080792
,34,116.593493,40.080744
,34,116.593452,40.080679
,34,116.593412,40.080574
,34,116.593318,40.081351
,34,116.593126,40.082341
,34,116.592949,40.083334
,34,116.595991,40.079739
,34,116.596100,40.079044
,35,116.590953,40.088840
,35,116.591082,40.088357
,35,116.591134,40.088290
,35,116.591197,40.088236
,35,116.591296,40.088191
,35,116.591394,40.088168
,35,116.591508,40.088168
,35,116.591638,40.088198
,35,116.591724,40.088252
,35,116.591782,40.088309
,35,116.591831,40.088387
,35,116.591841,40.088475
,35,116.591828,40.088894
,35,116.592137,40.086960
,35,116.591967,40.087650
,35,116.591904,40.087757
,35,116.591826,40.087812
,35,116.591717,40.087860
,35,116.591625,40.087873
,35,116.591539,40.087879
,35,116.591432,40.087858
,35,116.591333,40.087816
,35,116.591258,40.087753
,35,116.591210,40.087642
,35,116.591251,40.086858
,35,116.590953,40.088840
,36,116.591410,40.085777
,36,116.591494,40.085725
,36,116.591568,40.085691
,36,116.591665,40.085668
,36,116.591854,40.085666
,36,116.592183,40.085717
,36,116.592256,40.085763
,36,116.592273,40.085911
,36,116.592425,40.084933
,36,116.592388,40.085023
,36,116.592314,40.085104
,36,116.592187,40.085180
,36,116.592076,40.085196
,36,116.591958,40.085193
,36,116.591807,40.085172
,36,116.591719,40.085141
,36,116.591656,40.085070
,36,116.591621,40.084986
,36,116.591530,40.084767
,36,116.591410,40.085777
,37,116.591786,40.083309
,37,116.591874,40.083178
,37,116.591948,40.083118
,37,116.592060,40.083066
,37,116.592178,40.083050
,37,116.592313,40.083050
,37,116.592403,40.083066
,37,116.592499,40.083110
,37,116.592597,40.083170
,37,116.592652,40.083277
,37,116.592665,40.083378
,37,116.592814,40.082603
,37,116.592732,40.082712
,37,116.592632,40.082775
,37,116.592510,40.082825
,37,116.592392,40.082836
,37,116.592244,40.082822
,37,116.592153,40.082784
,37,116.592052,40.082710
,37,116.591994,40.082608
,37,116.591932,40.082470
,37,116.591786,40.083309
,38,116.592108,40.081392
,38,116.592196,40.081235
,38,116.592276,40.081146
,38,116.592350,40.081107
,38,116.592452,40.081076
,38,116.592555,40.081072
,38,116.592714,40.081082
,38,116.592805,40.081107
,38,116.592877,40.081153
,38,116.592945,40.081233
,38,116.593027,40.081360
,38,116.593087,40.080618
,38,116.593019,40.080694
,38,116.592936,40.080758
,38,116.592834,40.080798
,38,116.592687,40.080806
,38,116.592561,40.080795
,38,116.592476,40.080769
,38,116.592392,40.080723
,38,116.592334,40.080647
,38,116.592263,40.080388
,38,116.592108,40.081392
,39,116.592619,40.078178
,39,116.592723,40.078063
,39,116.592792,40.077996
,39,116.592907,40.077959
,39,116.593032,40.077946
,39,116.593141,40.077957
,39,116.593251,40.077975
,39,116.593358,40.078030
,39,116.593434,40.078084
,39,116.593514,40.078206
,39,116.593626,40.077502
,39,116.593506,40.077586
,39,116.593395,40.077639
,39,116.593296,40.077659
,39,116.593159,40.077666
,39,116.593024,40.077647
,39,116.592938,40.077610
,39,116.592862,40.077549
,39,116.592749,40.077410
,39,116.592619,40.078178
,40,116.592858,40.076520
,40,116.592979,40.076330
,40,116.593037,40.076267
,40,116.593095,40.076232
,40,116.593174,40.076210
,40,116.593276,40.076196
,40,116.593384,40.076194
,40,116.593480,40.076210
,40,116.593573,40.076245
,40,116.593645,40.076287
,40,116.593699,40.076348
,40,116.593740,40.076412
,40,116.593773,40.076514
,40,116.593914,40.075702
,40,116.593817,40.075831
,40,116.593732,40.075897
,40,116.593643,40.075926
,40,116.593530,40.075948
,40,116.593420,40.075945
,40,116.593290,40.075922
,40,116.593210,40.075885
,40,116.593154,40.075850
,40,116.593093,40.075795
,40,116.593067,40.075751
,40,116.593020,40.075595
,40,116.592858,40.076520
,41,116.593100,40.075179
,41,116.593163,40.075083
,41,116.593242,40.075018
,41,116.593346,40.074969
,41,116.593447,40.074952
,41,116.593561,40.074952
,41,116.593663,40.074969
,41,116.593759,40.074994
,41,116.593851,40.075056
,41,116.593907,40.075110
,41,116.593975,40.075264
,41,116.594052,40.074442
,41,116.593959,40.074546
,41,116.593881,40.074603
,41,116.593764,40.074648
,41,116.593667,40.074653
,41,116.593549,40.074630
,41,116.593452,40.074591
,41,116.593373,40.074539
,41,116.593316,40.074482
,41,116.593279,40.074393
,41,116.593268,40.074313
,41,116.593100,40.075179
,42,116.596996,40.073384
,42,116.597111,40.072656
,42,116.595653,40.074476
,42,116.595107,40.075188
,42,116.594527,40.075890
,42,116.594391,40.075908
,42,116.594291,40.075886
,42,116.594217,40.075831
,42,116.594167,40.075714
,42,116.593943,40.077141
,42,116.594110,40.076813
,42,116.594210,40.076702
,42,116.595314,40.075277
,42,116.596996,40.073384
,43,116.594294,40.075043
,43,116.594333,40.075002
,43,116.594369,40.074993
,43,116.595057,40.075037
,43,116.595096,40.075066
,43,116.595113,40.075103
,43,116.595107,40.075188
,43,116.595653,40.074476
,43,116.595466,40.074587
,43,116.595260,40.074667
,43,116.595003,40.074729
,43,116.594798,40.074759
,43,116.594523,40.074748
,43,116.594409,40.074716
,43,116.594347,40.074650
,43,116.594294,40.075043
,44,116.596187,40.056719
,44,116.596155,40.056759
,44,116.596098,40.056783
,44,116.596033,40.056789
,44,116.595977,40.056770
,44,116.595931,40.056732
,44,116.595912,40.056684
,44,116.595810,40.057368
,44,116.595855,40.057328
,44,116.595913,40.057313
,44,116.595966,40.057310
,44,116.596037,40.057330
,44,116.596078,40.057396
,44,116.596187,40.056719
,45,116.596597,40.054172
,45,116.596530,40.054239
,45,116.596448,40.054257
,45,116.596385,40.054248
,45,116.596333,40.054212
,45,116.596306,40.054124
,45,116.596197,40.054836
,45,116.596243,40.054782
,45,116.596297,40.054763
,45,116.596380,40.054771
,45,116.596445,40.054804
,45,116.596480,40.054866
,45,116.596597,40.054172
,46,116.597111,40.072656
,46,116.597367,40.071045
,46,116.597231,40.071075
,46,116.597124,40.071043
,46,116.597043,40.070963
,46,116.596708,40.070288
,46,116.596463,40.069716
,46,116.596330,40.069469
,46,116.596077,40.068435
,46,116.595733,40.070429
,46,116.595832,40.070118
,46,116.595967,40.070034
,46,116.596069,40.070029
,46,116.596208,40.070056
,46,116.596324,40.070132
,46,116.596565,40.070646
,46,116.596873,40.071347
,46,116.597030,40.071803
,46,116.597111,40.072656
,47,116.597911,40.067534
,47,116.598203,40.065655
,47,116.598116,40.065748
,47,116.598032,40.065761
,47,116.597957,40.065753
,47,116.597219,40.064193
,47,116.596798,40.062758
,47,116.596590,40.064776
,47,116.596691,40.064675
,47,116.596854,40.064629
,47,116.596980,40.064637
,47,116.597081,40.064667
,47,116.597232,40.064809
,47,116.597626,40.065753
,47,116.597861,40.066260
,47,116.597936,40.066696
,47,116.597911,40.067534
,48,116.598063,40.055025
,48,116.598255,40.054908
,48,116.598440,40.054886
,48,116.598660,40.054930
,48,116.598910,40.055061
,48,116.599152,40.055224
,48,116.599517,40.055501
,48,116.599640,40.055787
,48,116.599712,40.055931
,48,116.599793,40.055408
,48,116.599253,40.054864
,48,116.599055,40.054714
,48,116.598734,40.054617
,48,116.598567,40.054587
,48,116.598374,40.054565
,48,116.598153,40.054440
,48,116.598063,40.055025
,49,116.599518,40.057185
,49,116.599712,40.055931
,49,116.599608,40.056141
,49,116.599552,40.056219
,49,116.599434,40.056261
,49,116.598179,40.056177
,49,116.598047,40.056149
,49,116.597932,40.056068
,49,116.597867,40.055992
,49,116.597756,40.056655
,49,116.597963,40.056565
,49,116.598075,40.056534
,49,116.599193,40.056615
,49,116.599325,40.056674
,49,116.599432,40.056744
,49,116.599505,40.056857
,49,116.599533,40.056972
,49,116.599518,40.057185
,50,116.598879,40.061297
,50,116.598106,40.061228
,50,116.597559,40.061143
,50,116.597392,40.061115
,50,116.597317,40.061097
,50,116.597238,40.061058
,50,116.597202,40.061015
,50,116.597167,40.060973
,50,116.597147,40.060925
,50,116.597140,40.060854
,50,116.597144,40.060693
,50,116.597143,40.060612
,50,116.596798,40.062758
,50,116.596911,40.062416
,50,116.596946,40.062379
,50,116.597025,40.062327
,50,116.597095,40.062292
,50,116.597161,40.062285
,50,116.597226,40.062285
,50,116.598000,40.062313
,50,116.598712,40.062372
,50,116.598744,40.062171
,50,116.598441,40.062143
,50,116.598120,40.062115
,50,116.597359,40.061992
,50,116.597250,40.061981
,50,116.597166,40.061960
,50,116.597114,40.061929
,50,116.597065,40.061887
,50,116.597031,40.061845
,50,116.597013,40.061807
,50,116.597002,40.061753
,50,116.597002,40.061685
,50,116.597017,40.061599
,50,116.597052,40.061537
,50,116.597123,40.061477
,50,116.597182,40.061445
,50,116.597276,40.061416
,50,116.597425,40.061419
,50,116.597894,40.061435
,50,116.598847,40.061503
,50,116.598879,40.061297
,51,116.589682,40.101462
,51,116.588224,40.101344
,51,116.587998,40.102809
,51,116.589446,40.102957
,51,116.589682,40.101462
,52,116.597520,40.102205
,52,116.596098,40.102054
,52,116.595879,40.103498
,52,116.597302,40.103642
,52,116.597520,40.102205
,53,116.604915,40.054464
,53,116.603257,40.053561
,53,116.602405,40.054594
,53,116.602360,40.054757
,53,116.602072,40.056593
,53,116.601937,40.057450
,53,116.602699,40.057516
,53,116.602848,40.057529
,53,116.604997,40.057715
,53,116.604495,40.061011
,53,116.604445,40.061231
,53,116.604304,40.061377
,53,116.604140,40.061530
,53,116.604043,40.061569
,53,116.603784,40.061672
,53,116.605927,40.061866
,53,116.605774,40.061819
,53,116.605700,40.061771
,53,116.605625,40.061687
,53,116.605566,40.061604
,53,116.605504,40.061483
,53,116.605480,40.061321
,53,116.605466,40.061091
,53,116.605666,40.059671
,53,116.606087,40.057115
,53,116.606204,40.056216
,53,116.606090,40.055731
,53,116.605851,40.055273
,53,116.605526,40.054882
,53,116.604915,40.054464
,54,116.602191,40.055835
,54,116.602140,40.055831
,54,116.602139,40.055868
,54,116.602110,40.055928
,54,116.602038,40.056002
,54,116.601963,40.056037
,54,116.601888,40.056062
,54,116.601805,40.056068
,54,116.600820,40.055980
,54,116.600738,40.055959
,54,116.600647,40.055883
,54,116.600633,40.055827
,54,116.600637,40.055759
,54,116.600661,40.055723
,54,116.600465,40.055708
,54,116.600325,40.056522
,54,116.600336,40.056508
,54,116.600383,40.056454
,54,116.600463,40.056393
,54,116.600554,40.056365
,54,116.600627,40.056356
,54,116.601753,40.056457
,54,116.601844,40.056485
,54,116.601936,40.056546
,54,116.601988,40.056619
,54,116.602011,40.056685
,54,116.602002,40.056760
,54,116.602072,40.056593
,54,116.602191,40.055835
,55,116.602072,40.056593
,55,116.602002,40.056760
,55,116.601969,40.056833
,55,116.601891,40.056905
,55,116.601809,40.056948
,55,116.601684,40.056971
,55,116.600548,40.056863
,55,116.600470,40.056837
,55,116.600397,40.056788
,55,116.600343,40.056727
,55,116.600317,40.056661
,55,116.600309,40.056616
,55,116.600168,40.057441
,55,116.600209,40.057385
,55,116.600271,40.057330
,55,116.600332,40.057293
,55,116.600404,40.057268
,55,116.600474,40.057254
,55,116.600531,40.057258
,55,116.601709,40.057371
,55,116.601805,40.057394
,55,116.601937,40.057450
,55,116.602072,40.056593
,56,116.597047,40.089406
,56,116.596792,40.089539
,56,116.596720,40.089581
,56,116.596643,40.089608
,56,116.596556,40.089618
,56,116.595758,40.089535
,56,116.595660,40.089501
,56,116.595424,40.089276
,56,116.595399,40.089225
,56,116.595397,40.089172
,56,116.595411,40.089112
,56,116.595450,40.089069
,56,116.595500,40.089035
,56,116.595560,40.089008
,56,116.595671,40.089009
,56,116.596647,40.089101
,56,116.596760,40.089140
,56,116.596854,40.089209
,56,116.596955,40.089319
,56,116.597047,40.089406
,56,116.597165,40.088611
,56,116.596847,40.088698
,56,116.596758,40.088720
,56,116.595619,40.088612
,56,116.595543,40.088596
,56,116.595452,40.088549
,56,116.595379,40.088493
,56,116.595323,40.088425
,56,116.595162,40.089451
,56,116.595597,40.089863
,56,116.595651,40.089900
,56,116.595743,40.089926
,56,116.596544,40.090006
,56,116.596639,40.090031
,56,116.596709,40.090074
,56,116.596760,40.090125
,56,116.596916,40.090284
,56,116.597047,40.089406
,57,116.595868,40.084945
,57,116.596525,40.085026
,57,116.597398,40.085147
,57,116.597448,40.085165
,57,116.597498,40.085194
,57,116.597552,40.085244
,57,116.597654,40.085331
,57,116.597731,40.084764
,57,116.597571,40.084810
,57,116.597502,40.084835
,57,116.597436,40.084839
,57,116.596689,40.084817
,57,116.596510,40.084816
,57,116.595899,40.084748
,57,116.595868,40.084945
,58,116.595951,40.084413
,58,116.596050,40.084273
,58,116.596167,40.084216
,58,116.596331,40.084201
,58,116.596986,40.084282
,58,116.597534,40.084350
,58,116.597611,40.084386
,58,116.597773,40.084457
,58,116.597839,40.083969
,58,116.597668,40.084019
,58,116.597573,40.084041
,58,116.596575,40.084028
,58,116.596259,40.083981
,58,116.596191,40.083939
,58,116.596122,40.083865
,58,116.596086,40.083796
,58,116.596061,40.083709
,58,116.595951,40.084413
,59,116.597380,40.075308
,59,116.597093,40.077121
,59,116.597115,40.077038
,59,116.597167,40.076986
,59,116.597205,40.076970
,59,116.597247,40.076973
,59,116.597297,40.076985
,59,116.597352,40.077038
,59,116.597560,40.077419
,59,116.597894,40.078021
,59,116.598128,40.078444
,59,116.598286,40.078743
,59,116.598382,40.078958
,59,116.598582,40.079359
,59,116.598846,40.077724
,59,116.598603,40.077800
,59,116.598489,40.077838
,59,116.598393,40.077845
,59,116.598293,40.077832
,59,116.598218,40.077808
,59,116.598125,40.077750
,59,116.598035,40.077634
,59,116.597839,40.077281
,59,116.597636,40.076837
,59,116.597513,40.076456
,59,116.597430,40.076101
,59,116.597398,40.075802
,59,116.597386,40.075607
,59,116.597391,40.075454
,59,116.597380,40.075308
,60,116.598046,40.071097
,60,116.598084,40.071063
,60,116.598126,40.071045
,60,116.598196,40.071042
,60,116.598243,40.071053
,60,116.598281,40.071095
,60,116.599055,40.072491
,60,116.599069,40.072533
,60,116.599065,40.072561
,60,116.598212,40.073432
,60,116.597803,40.073859
,60,116.597751,40.073868
,60,116.597703,40.073854
,60,116.597622,40.073777
,60,116.597380,40.075308
,60,116.597596,40.074813
,60,116.597885,40.074313
,60,116.598044,40.074085
,60,116.598225,40.073859
,60,116.598667,40.073401
,60,116.598780,40.073287
,60,116.598888,40.073230
,60,116.599002,40.073214
,60,116.599135,40.073218
,60,116.599222,40.073242
,60,116.599322,40.073303
,60,116.599366,40.073352
,60,116.599514,40.073488
,60,116.599785,40.071757
,60,116.599586,40.071834
,60,116.599521,40.071868
,60,116.599439,40.071892
,60,116.599335,40.071906
,60,116.599248,40.071897
,60,116.599125,40.071853
,60,116.599038,40.071791
,60,116.598976,40.071699
,60,116.598889,40.071547
,60,116.598600,40.070990
,60,116.598513,40.070747
,60,116.598414,40.070441
,60,116.598359,40.070171
,60,116.598514,40.069884
,60,116.598750,40.069515
,60,116.599233,40.068954
,60,116.599485,40.068701
,60,116.599619,40.068629
,60,116.599760,40.068612
,60,116.599877,40.068623
,60,116.599994,40.068672
,60,116.600223,40.068841
,60,116.600475,40.067137
,60,116.600226,40.067453
,60,116.600070,40.067675
,60,116.599837,40.067919
,60,116.599499,40.068266
,60,116.598544,40.069258
,60,116.598514,40.069267
,60,116.598464,40.069267
,60,116.598411,40.069252
,60,116.598377,40.069226
,60,116.598365,40.069078
,60,116.598046,40.071097
,61,116.599395,40.062432
,61,116.600032,40.062489
,61,116.600931,40.062617
,61,116.601023,40.062663
,61,116.601094,40.062727
,61,116.601121,40.062804
,61,116.601135,40.063251
,61,116.601327,40.061981
,61,116.601250,40.062148
,61,116.601195,40.062226
,61,116.601096,40.062285
,61,116.601021,40.062313
,61,116.600412,40.062288
,61,116.600049,40.062285
,61,116.599425,40.062233
,61,116.599395,40.062432
,62,116.599529,40.061568
,62,116.600189,40.061609
,62,116.601013,40.061735
,62,116.601095,40.061754
,62,116.601174,40.061790
,62,116.601219,40.061832
,62,116.601268,40.061901
,62,116.601327,40.061981
,62,116.601460,40.061146
,62,116.601366,40.061281
,62,116.601318,40.061346
,62,116.601243,40.061398
,62,116.601179,40.061416
,62,116.601062,40.061437
,62,116.600230,40.061406
,62,116.599562,40.061352
,62,116.599529,40.061568
,63,116.603958,40.081283
,63,116.604862,40.081359
,63,116.604790,40.081314
,63,116.604735,40.081263
,63,116.604721,40.081160
,63,116.604725,40.080389
,63,116.605018,40.078951
,63,116.604217,40.079260
,63,116.604372,40.079286
,63,116.604461,40.079372
,63,116.604495,40.079516
,63,116.604389,40.080369
,63,116.604221,40.081095
,63,116.604177,40.081174
,63,116.604112,40.081239
,63,116.603958,40.081283
,64,116.596063,40.100794
,64,116.597102,40.100851
,64,116.596975,40.100784
,64,116.596892,40.100705
,64,116.596844,40.100570
,64,116.596809,40.100215
,64,116.597089,40.098214
,64,116.597228,40.097377
,64,116.597390,40.096402
,64,116.597523,40.095601
,64,116.597974,40.093204
,64,116.598019,40.093084
,64,116.598070,40.092999
,64,116.598172,40.092929
,64,116.598340,40.092837
,64,116.597397,40.092716
,64,116.597484,40.092754
,64,116.597599,40.092876
,64,116.597623,40.092957
,64,116.597616,40.093075
,64,116.596568,40.099811
,64,116.596339,40.100497
,64,116.596250,40.100682
,64,116.596063,40.100794
,65,116.597228,40.097377
,65,116.597426,40.097220
,65,116.597502,40.097162
,65,116.597616,40.097146
,65,116.597714,40.097146
,65,116.597806,40.097177
,65,116.598005,40.097352
,65,116.598138,40.096540
,65,116.597935,40.096657
,65,116.597831,40.096698
,65,116.597717,40.096683
,65,116.597616,40.096615
,65,116.597390,40.096402
,65,116.597228,40.097377
,66,116.617095,40.059166
,66,116.617023,40.059206
,66,116.616913,40.059257
,66,116.616753,40.059281
,66,116.615698,40.059163
,66,116.615628,40.059144
,66,116.615548,40.059050
,66,116.615474,40.058981
,66,116.615377,40.059715
,66,116.615377,40.059717
,66,116.615417,40.059677
,66,116.615480,40.059625
,66,116.615554,40.059600
,66,116.615646,40.059589
,66,116.616844,40.059687
,66,116.616933,40.059726
,66,116.616999,40.059782
,66,116.617095,40.059166
,67,116.612733,40.059486
,67,116.613012,40.059473
,67,116.614412,40.059616
,67,116.614784,40.059654
,67,116.615377,40.059715
,67,116.615474,40.058981
,67,116.615592,40.058052
,67,116.615938,40.055387
,67,116.615471,40.054561
,67,116.613104,40.055435
,67,116.612403,40.055841
,67,116.612038,40.056227
,67,116.611753,40.056765
,67,116.611032,40.061793
,67,116.610859,40.062047
,67,116.610693,40.062116
,67,116.610319,40.062272
,67,116.612596,40.062468
,67,116.612349,40.062327
,67,116.612183,40.062116
,67,116.612102,40.061803
,67,116.612420,40.059847
,67,116.612525,40.059570
,67,116.612733,40.059486
,68,116.617095,40.059166
,68,116.617181,40.058608
,68,116.617053,40.058492
,68,116.616913,40.058415
,68,116.616763,40.058369
,68,116.615906,40.058302
,68,116.615777,40.058268
,68,116.615696,40.058212
,68,116.615592,40.058052
,68,116.615474,40.058981
,68,116.615539,40.058869
,68,116.615649,40.058735
,68,116.615789,40.058675
,68,116.616122,40.058629
,68,116.616573,40.058649
,68,116.616779,40.058712
,68,116.616946,40.058822
,68,116.617040,40.058949
,68,116.617095,40.059166
,69,116.611860,40.092927
,69,116.611919,40.092539
,69,116.611468,40.092848
,69,116.611282,40.092903
,69,116.610272,40.092860
,69,116.609657,40.092791
,69,116.609357,40.092773
,69,116.609232,40.092714
,69,116.608987,40.092569
,69,116.608884,40.093220
,69,116.609079,40.093081
,69,116.609187,40.093032
,69,116.609297,40.092996
,69,116.611221,40.093182
,69,116.611314,40.093178
,69,116.611425,40.093149
,69,116.611860,40.092927
,70,116.611919,40.092539
,70,116.612037,40.091761
,70,116.612002,40.091867
,70,116.611942,40.091912
,70,116.611872,40.091932
,70,116.610593,40.091800
,70,116.609610,40.091706
,70,116.609441,40.091683
,70,116.609357,40.091646
,70,116.609263,40.091566
,70,116.609166,40.091429
,70,116.609027,40.092310
,70,116.609126,40.092215
,70,116.609217,40.092172
,70,116.609314,40.092146
,70,116.609525,40.092140
,70,116.610517,40.092221
,70,116.611633,40.092307
,70,116.611791,40.092338
,70,116.611880,40.092398
,70,116.611919,40.092539
,71,116.613571,40.063844
,71,116.612909,40.063775
,71,116.612955,40.063834
,71,116.612981,40.063884
,71,116.613018,40.063966
,71,116.613009,40.064828
,71,116.612539,40.067618
,71,116.612035,40.070615
,71,116.611428,40.074219
,71,116.611311,40.074916
,71,116.611287,40.075055
,71,116.611162,40.075858
,71,116.610601,40.079681
,71,116.610282,40.081853
,71,116.610110,40.083030
,71,116.608429,40.094492
,71,116.608387,40.094637
,71,116.608305,40.094731
,71,116.608551,40.094755
,71,116.607136,40.104444
,71,116.607108,40.104465
,71,116.607250,40.104476
,71,116.607239,40.104453
,71,116.608704,40.094790
,71,116.608884,40.093220
,71,116.608987,40.092569
,71,116.609027,40.092310
,71,116.609166,40.091429
,71,116.609302,40.090569
,71,116.609495,40.089350
,71,116.610224,40.084965
,71,116.611157,40.078930
,71,116.611343,40.077722
,71,116.611937,40.073883
,71,116.612421,40.070753
,71,116.613262,40.065315
,71,116.613469,40.063974
,71,116.613490,40.063908
,71,116.613531,40.063871
,71,116.613571,40.063844
,72,116.613157,40.083445
,72,116.613230,40.083436
,72,116.613306,40.083442
,72,116.613338,40.083501
,72,116.613550,40.082150
,72,116.612996,40.083040
,72,116.612544,40.083481
,72,116.611697,40.084305
,72,116.611011,40.085180
,72,116.610399,40.089025
,72,116.610143,40.089776
,72,116.609995,40.090573
,72,116.609834,40.091552
,72,116.609790,40.091611
,72,116.609723,40.091658
,72,116.609610,40.091706
,72,116.610593,40.091800
,72,116.610492,40.091733
,72,116.610449,40.091686
,72,116.610432,40.091613
,72,116.610592,40.090618
,72,116.610682,40.089830
,72,116.610732,40.089077
,72,116.611390,40.085311
,72,116.611639,40.084904
,72,116.611989,40.084486
,72,116.613157,40.083445
,73,116.609302,40.090569
,73,116.609413,40.090454
,73,116.609475,40.090405
,73,116.609572,40.090373
,73,116.609686,40.090351
,73,116.609805,40.090351
,73,116.609883,40.090378
,73,116.609930,40.090416
,73,116.609975,40.090478
,73,116.609995,40.090573
,73,116.610143,40.089776
,73,116.610065,40.089849
,73,116.609968,40.089891
,73,116.609898,40.089894
,73,116.609795,40.089880
,73,116.609710,40.089836
,73,116.609657,40.089768
,73,116.609614,40.089690
,73,116.609559,40.089580
,73,116.609495,40.089350
,73,116.609302,40.090569
,74,116.610592,40.090618
,74,116.610675,40.090514
,74,116.610780,40.090445
,74,116.610901,40.090428
,74,116.612037,40.090530
,74,116.612114,40.090559
,74,116.612207,40.090640
,74,116.612304,40.090031
,74,116.612214,40.090082
,74,116.612129,40.090110
,74,116.612010,40.090128
,74,116.610976,40.090038
,74,116.610870,40.090004
,74,116.610797,40.089963
,74,116.610741,40.089900
,74,116.610682,40.089830
,74,116.610592,40.090618
,75,116.601805,40.057394
,75,116.601709,40.057371
,75,116.601835,40.057447
,75,116.601893,40.057523
,75,116.601898,40.057639
,75,116.601908,40.058325
,75,116.601864,40.058494
,75,116.601460,40.061146
,75,116.601135,40.063251
,75,116.600565,40.066530
,75,116.600475,40.067137
,75,116.600223,40.068841
,75,116.599911,40.070956
,75,116.599785,40.071757
,75,116.599514,40.073488
,75,116.598983,40.076875
,75,116.598846,40.077724
,75,116.598582,40.079359
,75,116.597839,40.083969
,75,116.597773,40.084457
,75,116.597731,40.084764
,75,116.597654,40.085331
,75,116.597165,40.088611
,75,116.597047,40.089406
,75,116.596916,40.090284
,75,116.596806,40.091024
,75,116.596639,40.091927
,75,116.596622,40.092149
,75,116.596656,40.092316
,75,116.596743,40.092462
,75,116.596890,40.092596
,75,116.597098,40.092659
,75,116.597397,40.092716
,75,116.598340,40.092837
,75,116.598433,40.092849
,75,116.599073,40.092931
,75,116.599124,40.092570
,75,116.598683,40.092522
,75,116.598137,40.092463
,75,116.597352,40.092378
,75,116.597252,40.092367
,75,116.597109,40.092306
,75,116.597022,40.092183
,75,116.596959,40.092016
,75,116.597137,40.090830
,75,116.597367,40.089299
,75,116.597510,40.088401
,75,116.597865,40.086191
,75,116.598393,40.083137
,75,116.598951,40.079435
,75,116.599073,40.078629
,75,116.599235,40.077557
,75,116.599353,40.076776
,75,116.599778,40.073959
,75,116.599818,40.073690
,75,116.600144,40.071536
,75,116.600225,40.070997
,75,116.600493,40.069262
,75,116.600911,40.066548
,75,116.601448,40.063295
,75,116.601874,40.060752
,75,116.602179,40.058574
,75,116.602209,40.058364
,75,116.602400,40.057732
,75,116.602473,40.057621
,75,116.602551,40.057551
,75,116.602699,40.057516
,75,116.601937,40.057450
,75,116.601805,40.057394
,76,116.602861,40.062904
,76,116.602146,40.062844
,76,116.602210,40.062932
,76,116.602234,40.063095
,76,116.602226,40.063756
,76,116.601773,40.066574
,76,116.601353,40.069349
,76,116.600980,40.071624
,76,116.600590,40.073765
,76,116.600548,40.074028
,76,116.600095,40.076857
,76,116.599978,40.077630
,76,116.599815,40.078704
,76,116.599695,40.079493
,76,116.599133,40.083204
,76,116.598677,40.086289
,76,116.598364,40.088414
,76,116.598224,40.089365
,76,116.597919,40.090908
,76,116.597695,40.092044
,76,116.597624,40.092219
,76,116.597523,40.092319
,76,116.597352,40.092378
,76,116.598137,40.092463
,76,116.598028,40.092357
,76,116.597987,40.092260
,76,116.597991,40.092090
,76,116.598180,40.091122
,76,116.598287,40.090572
,76,116.599598,40.082161
,76,116.599803,40.080846
,76,116.600127,40.078767
,76,116.600374,40.077187
,76,116.600662,40.075357
,76,116.600950,40.073719
,76,116.601303,40.071714
,76,116.601627,40.069594
,76,116.602086,40.066594
,76,116.602516,40.063777
,76,116.602698,40.063145
,76,116.602749,40.062999
,76,116.602809,40.062927
,76,116.602861,40.062904
,77,116.599047,40.091840
,77,116.598950,40.091730
,77,116.598601,40.091602
,77,116.598478,40.091559
,77,116.598342,40.091436
,77,116.598180,40.091122
,77,116.597991,40.092090
,77,116.598146,40.091912
,77,116.598282,40.091853
,77,116.598405,40.091823
,77,116.598588,40.091827
,77,116.598720,40.091878
,77,116.598843,40.091980
,77,116.598882,40.092112
,77,116.598877,40.092287
,77,116.598848,40.092440
,77,116.598683,40.092522
,77,116.599124,40.092570
,77,116.599141,40.092214
,77,116.599128,40.091980
,77,116.599047,40.091840
,78,116.597428,40.090153
,78,116.597565,40.090112
,78,116.597707,40.090120
,78,116.597855,40.090186
,78,116.597932,40.090323
,78,116.597919,40.090908
,78,116.598224,40.089365
,78,116.598132,40.089586
,78,116.598020,40.089712
,78,116.597869,40.089767
,78,116.597669,40.089769
,78,116.597570,40.089742
,78,116.597491,40.089679
,78,116.597433,40.089569
,78,116.597396,40.089475
,78,116.597367,40.089299
,78,116.597137,40.090830
,78,116.597321,40.090271
,78,116.597428,40.090153
,79,116.601000,40.076741
,79,116.601108,40.076055
,79,116.600923,40.076035
,79,116.600835,40.075989
,79,116.600770,40.075926
,79,116.600740,40.075818
,79,116.600662,40.075357
,79,116.600374,40.077187
,79,116.600569,40.076756
,79,116.600613,40.076662
,79,116.600680,40.076622
,79,116.600759,40.076608
,79,116.600872,40.076622
,79,116.600946,40.076662
,79,116.601000,40.076741
,80,116.600950,40.073719
,80,116.601030,40.073552
,80,116.601092,40.073459
,80,116.601189,40.073413
,80,116.601748,40.073406
,80,116.602953,40.073537
,80,116.603060,40.073590
,80,116.603137,40.073657
,80,116.603191,40.073745
,80,116.603274,40.072994
,80,116.603185,40.073092
,80,116.603055,40.073147
,80,116.602897,40.073163
,80,116.601759,40.073092
,80,116.601414,40.073006
,80,116.601300,40.072947
,80,116.601252,40.072884
,80,116.601244,40.072817
,80,116.601252,40.072729
,80,116.601317,40.072619
,80,116.601548,40.072537
,80,116.602004,40.072521
,80,116.602857,40.072619
,80,116.603103,40.072672
,80,116.603181,40.072712
,80,116.603246,40.072785
,80,116.603292,40.072852
,80,116.603375,40.072191
,80,116.603273,40.072268
,80,116.603139,40.072296
,80,116.602800,40.072289
,80,116.602328,40.072279
,80,116.601485,40.072111
,80,116.601376,40.072039
,80,116.601328,40.071955
,80,116.601303,40.071714
,80,116.600950,40.073719
,81,116.605363,40.081404
,81,116.606319,40.081498
,81,116.606195,40.081394
,81,116.606135,40.081287
,81,116.606098,40.080582
,81,116.606306,40.079565
,81,116.606373,40.079491
,81,116.606440,40.079471
,81,116.606598,40.079487
,81,116.605903,40.079038
,81,116.605923,40.079146
,81,116.605964,40.079340
,81,116.605793,40.080582
,81,116.605630,40.081183
,81,116.605586,40.081276
,81,116.605548,40.081317
,81,116.605363,40.081404
,82,116.615377,40.059715
,82,116.614784,40.059654
,82,116.614818,40.059743
,82,116.614826,40.059928
,82,116.614841,40.060432
,82,116.614563,40.062167
,82,116.614169,40.064624
,82,116.614045,40.065397
,82,116.613185,40.070814
,82,116.612691,40.073959
,82,116.612084,40.077803
,82,116.611896,40.078991
,82,116.611023,40.085023
,82,116.611011,40.085180
,82,116.611697,40.084305
,82,116.611608,40.084245
,82,116.611559,40.084146
,82,116.611531,40.084005
,82,116.611650,40.083282
,82,116.611741,40.082735
,82,116.612015,40.081079
,82,116.612363,40.078937
,82,116.612681,40.076980
,82,116.612844,40.075977
,82,116.612870,40.075812
,82,116.612939,40.075358
,82,116.612952,40.075277
,82,116.613121,40.074167
,82,116.613435,40.072098
,82,116.613738,40.070097
,82,116.613750,40.070023
,82,116.613843,40.069404
,82,116.614049,40.068041
,82,116.614343,40.066105
,82,116.614649,40.063984
,82,116.614722,40.063484
,82,116.615199,40.060183
,82,116.615263,40.059937
,82,116.615319,40.059801
,82,116.615377,40.059715
,83,116.611650,40.083282
,83,116.612544,40.083481
,83,116.612996,40.083040
,83,116.611741,40.082735
,83,116.611650,40.083282
,84,116.612681,40.076980
,84,116.612779,40.076825
,84,116.612916,40.076732
,84,116.613113,40.076689
,84,116.613217,40.076706
,84,116.613328,40.076784
,84,116.613769,40.077469
,84,116.613996,40.078165
,84,116.613985,40.078215
,84,116.613558,40.078784
,84,116.613022,40.079337
,84,116.612855,40.079419
,84,116.612704,40.079428
,84,116.612580,40.079406
,84,116.612439,40.079328
,84,116.612383,40.079246
,84,116.612369,40.079066
,84,116.612363,40.078937
,84,116.612015,40.081079
,84,116.612241,40.080627
,84,116.612716,40.080074
,84,116.613895,40.078865
,84,116.613937,40.078820
,84,116.613983,40.078797
,84,116.614035,40.078804
,84,116.614056,40.078914
,84,116.614265,40.077580
,84,116.614202,40.077579
,84,116.614158,40.077550
,84,116.613217,40.076036
,84,116.612844,40.075977
,84,116.612681,40.076980
,85,116.612870,40.075812
,85,116.614521,40.075945
,85,116.614590,40.075503
,85,116.612939,40.075358
,85,116.612870,40.075812
,86,116.615473,40.069805
,86,116.615698,40.068472
,86,116.615578,40.068460
,86,116.615477,40.068385
,86,116.614686,40.067049
,86,116.614510,40.066716
,86,116.614343,40.066105
,86,116.614049,40.068041
,86,116.614220,40.067713
,86,116.614352,40.067625
,86,116.614484,40.067603
,86,116.614603,40.067621
,86,116.615314,40.068930
,86,116.615411,40.069294
,86,116.615473,40.069805
,87,116.613435,40.072098
,87,116.613470,40.072028
,87,116.613533,40.071886
,87,116.613738,40.071791
,87,116.613854,40.071760
,87,116.613986,40.071786
,87,116.614112,40.071854
,87,116.614207,40.071997
,87,116.614744,40.073134
,87,116.614755,40.073260
,87,116.614681,40.073387
,87,116.614081,40.074134
,87,116.613702,40.074487
,87,116.613588,40.074518
,87,116.613481,40.074530
,87,116.613354,40.074508
,87,116.613254,40.074456
,87,116.613174,40.074369
,87,116.613135,40.074235
,87,116.613121,40.074167
,87,116.612952,40.075277
,87,116.613190,40.075252
,87,116.613427,40.075186
,87,116.614689,40.073944
,87,116.614748,40.073935
,87,116.614843,40.073964
,87,116.615044,40.072638
,87,116.614974,40.072648
,87,116.614916,40.072608
,87,116.614017,40.070956
,87,116.613903,40.070714
,87,116.613808,40.070448
,87,116.613738,40.070097
,87,116.613435,40.072098
,88,116.613750,40.070023
,88,116.613869,40.069971
,88,116.613991,40.069945
,88,116.615429,40.070072
,88,116.615473,40.069805
,88,116.614249,40.069638
,88,116.614050,40.069589
,88,116.613924,40.069509
,88,116.613843,40.069404
,88,116.613750,40.070023
,89,116.614649,40.063984
,89,116.616345,40.064145
,89,116.616415,40.063683
,89,116.614722,40.063484
,89,116.614649,40.063984
,90,116.609415,40.075602
,90,116.609462,40.075505
,90,116.609497,40.075471
,90,116.609590,40.075451
,90,116.610952,40.075596
,90,116.611031,40.075633
,90,116.611111,40.075687
,90,116.611142,40.075772
,90,116.611162,40.075858
,90,116.611287,40.075055
,90,116.611225,40.075112
,90,116.611100,40.075183
,90,116.610960,40.075218
,90,116.609459,40.075003
,90,116.609415,40.075602
,91,116.609488,40.074619
,91,116.609744,40.074577
,91,116.611012,40.074660
,91,116.611140,40.074717
,91,116.611220,40.074776
,91,116.611311,40.074916
,91,116.611428,40.074219
,91,116.611282,40.074301
,91,116.611141,40.074345
,91,116.611042,40.074344
,91,116.609673,40.074204
,91,116.609584,40.074162
,91,116.609525,40.074111
,91,116.609488,40.074619
,92,116.600682,40.068036
,92,116.600879,40.068059
,92,116.600880,40.068020
,92,116.600941,40.067935
,92,116.601062,40.067899
,92,116.601200,40.067915
,92,116.601288,40.067976
,92,116.601327,40.068070
,92,116.601325,40.068113
,92,116.601536,40.068139
,92,116.601773,40.066574
,92,116.601449,40.067398
,92,116.601351,40.067488
,92,116.601225,40.067511
,92,116.601121,40.067488
,92,116.601034,40.067447
,92,116.600982,40.067381
,92,116.600911,40.066548
,92,116.600682,40.068036
,93,116.599981,40.072616
,93,116.600138,40.072638
,93,116.600138,40.072619
,93,116.600187,40.072545
,93,116.600251,40.072502
,93,116.600345,40.072467
,93,116.600443,40.072472
,93,116.600553,40.072512
,93,116.600619,40.072572
,93,116.600647,40.072662
,93,116.600644,40.072705
,93,116.600779,40.072724
,93,116.600980,40.071624
,93,116.600851,40.071853
,93,116.600768,40.072001
,93,116.600646,40.072081
,93,116.600475,40.072081
,93,116.600341,40.072039
,93,116.600256,40.071924
,93,116.600144,40.071536
,93,116.599981,40.072616
,94,116.600394,40.074994
,94,116.600282,40.074984
,94,116.600252,40.075052
,94,116.600184,40.075123
,94,116.600110,40.075148
,94,116.600022,40.075148
,94,116.599937,40.075137
,94,116.599877,40.075112
,94,116.599823,40.075065
,94,116.599792,40.075000
,94,116.599784,40.074938
,94,116.599632,40.074924
,94,116.599500,40.075797
,94,116.599636,40.075813
,94,116.599636,40.075775
,94,116.599661,40.075704
,94,116.599726,40.075643
,94,116.599817,40.075597
,94,116.599940,40.075589
,94,116.600047,40.075621
,94,116.600113,40.075673
,94,116.600160,40.075747
,94,116.600162,40.075841
,94,116.600148,40.075877
,94,116.600250,40.075889
,94,116.600394,40.074994
,95,116.598224,40.089365
,95,116.598364,40.088414
,95,116.598240,40.088618
,95,116.598127,40.088727
,95,116.598025,40.088775
,95,116.597908,40.088789
,95,116.597776,40.088771
,95,116.597678,40.088712
,95,116.597590,40.088607
,95,116.597510,40.088401
,95,116.597367,40.089299
,95,116.597438,40.089181
,95,116.597550,40.089092
,95,116.597689,40.089038
,95,116.597893,40.089023
,95,116.598079,40.089070
,95,116.598174,40.089147
,95,116.598214,40.089224
,95,116.598224,40.089365
,96,116.598129,40.084659
,96,116.598261,40.084677
,96,116.598262,40.084663
,96,116.598280,40.084606
,96,116.598316,40.084560
,96,116.598372,40.084520
,96,116.598468,40.084491
,96,116.598566,40.084493
,96,116.598652,40.084521
,96,116.598718,40.084566
,96,116.598761,40.084637
,96,116.598771,40.084701
,96,116.598759,40.084744
,96,116.598903,40.084763
,96,116.599133,40.083204
,96,116.599019,40.083537
,96,116.598891,40.083927
,96,116.598835,40.083985
,96,116.598744,40.084030
,96,116.598618,40.084047
,96,116.598523,40.084019
,96,116.598451,40.083971
,96,116.598395,40.083841
,96,116.598390,40.083540
,96,116.598393,40.083137
,96,116.598129,40.084659
,97,116.599387,40.081525
,97,116.599265,40.081508
,97,116.599228,40.081584
,97,116.599162,40.081641
,97,116.599070,40.081671
,97,116.598987,40.081680
,97,116.598898,40.081660
,97,116.598840,40.081621
,97,116.598797,40.081584
,97,116.598771,40.081522
,97,116.598771,40.081446
,97,116.598775,40.081437
,97,116.598652,40.081419
,97,116.598393,40.083137
,97,116.598609,40.082305
,97,116.598701,40.082175
,97,116.598781,40.082146
,97,116.598873,40.082133
,97,116.598954,40.082141
,97,116.599037,40.082188
,97,116.599112,40.082258
,97,116.599133,40.083204
,97,116.599387,40.081525
,98,116.599073,40.078629
,98,116.599207,40.078459
,98,116.599289,40.078398
,98,116.599388,40.078360
,98,116.599459,40.078351
,98,116.599528,40.078353
,98,116.599600,40.078371
,98,116.599669,40.078401
,98,116.599720,40.078451
,98,116.599755,40.078535
,98,116.599815,40.078704
,98,116.599978,40.077630
,98,116.599869,40.077791
,98,116.599784,40.077880
,98,116.599688,40.077924
,98,116.599577,40.077932
,98,116.599491,40.077916
,98,116.599411,40.077875
,98,116.599358,40.077819
,98,116.599301,40.077735
,98,116.599235,40.077557
,98,116.599073,40.078629
,99,116.602077,40.061464
,99,116.602011,40.061934
,99,116.602069,40.061932
,99,116.602171,40.061952
,99,116.602244,40.062016
,99,116.602272,40.062096
,99,116.602281,40.062192
,99,116.602228,40.062274
,99,116.602139,40.062320
,99,116.602055,40.062334
,99,116.601963,40.062338
,99,116.601956,40.062335
,99,116.601887,40.062826
,99,116.602146,40.062844
,99,116.602861,40.062904
,99,116.604464,40.062962
,99,116.605758,40.063092
,99,116.607785,40.063215
,99,116.608116,40.063253
,99,116.608159,40.062987
,99,116.606590,40.062827
,99,116.605592,40.062619
,99,116.605538,40.062560
,99,116.605512,40.062503
,99,116.605512,40.062444
,99,116.605535,40.062388
,99,116.605584,40.062324
,99,116.605651,40.062277
,99,116.606708,40.062234
,99,116.608259,40.062378
,99,116.608307,40.062086
,99,116.605927,40.061866
,99,116.603784,40.061672
,99,116.602875,40.061667
,99,116.602077,40.061464
,100,116.610151,40.063489
,100,116.610255,40.063547
,100,116.610338,40.063614
,100,116.610394,40.063685
,100,116.610400,40.063764
,100,116.610400,40.063857
,100,116.610886,40.063903
,100,116.610914,40.063808
,100,116.610958,40.063731
,100,116.611039,40.063670
,100,116.611163,40.063631
,100,116.611336,40.063612
,100,116.610151,40.063489
,101,116.604825,40.063333
,101,116.605326,40.063382
,101,116.605335,40.063280
,101,116.605374,40.063214
,101,116.605436,40.063160
,101,116.605536,40.063113
,101,116.605592,40.063096
,101,116.605758,40.063092
,101,116.604464,40.062962
,101,116.604734,40.063045
,101,116.604805,40.063127
,101,116.604841,40.063194
,101,116.604841,40.063264
,101,116.604825,40.063333
,102,116.611712,40.080261
,102,116.611605,40.080246
,102,116.611560,40.080577
,102,116.611526,40.080667
,102,116.611432,40.080733
,102,116.611348,40.080758
,102,116.611270,40.080758
,102,116.611189,40.080730
,102,116.611120,40.080698
,102,116.611077,40.080639
,102,116.611070,40.080511
,102,116.611118,40.080181
,102,116.610966,40.080161
,102,116.610757,40.081517
,102,116.610965,40.081544
,102,116.610992,40.081347
,102,116.611036,40.081288
,102,116.611108,40.081247
,102,116.611205,40.081235
,102,116.611289,40.081257
,102,116.611367,40.081313
,102,116.611398,40.081366
,102,116.611372,40.081597
,102,116.611516,40.081615
,102,116.611712,40.080261
,103,116.611117,40.069248
,103,116.610389,40.069079
,103,116.610345,40.069049
,103,116.610315,40.068995
,103,116.610312,40.068945
,103,116.610339,40.068895
,103,116.610416,40.068844
,103,116.611157,40.068816
,103,116.611195,40.068397
,103,116.610521,40.068338
,103,116.609421,40.068243
,103,116.607188,40.068051
,103,116.607151,40.068409
,103,116.609373,40.068698
,103,116.609533,40.068784
,103,116.609567,40.068864
,103,116.609562,40.068945
,103,116.609487,40.069025
,103,116.609315,40.069111
,103,116.607097,40.068947
,103,116.607061,40.069305
,103,116.608890,40.069477
,103,116.610667,40.069644
,103,116.611077,40.069682
,103,116.611117,40.069248
,104,116.603842,40.069419
,104,116.604388,40.069450
,104,116.604396,40.069340
,104,116.604405,40.069254
,104,116.604437,40.069186
,104,116.604487,40.069126
,104,116.604546,40.069099
,104,116.604637,40.069077
,104,116.603745,40.068993
,104,116.603856,40.069092
,104,116.603890,40.069160
,104,116.603898,40.069237
,104,116.603882,40.069317
,104,116.603842,40.069419
,105,116.609300,40.069890
,105,116.610169,40.069961
,105,116.610187,40.069813
,105,116.610207,40.069750
,105,116.610291,40.069711
,105,116.610667,40.069644
,105,116.608890,40.069477
,105,116.609274,40.069603
,105,116.609331,40.069645
,105,116.609349,40.069714
,105,116.609337,40.069777
,105,116.609300,40.069890
,106,116.604154,40.067410
,106,116.604149,40.067499
,106,116.604120,40.067563
,106,116.604069,40.067614
,106,116.604013,40.067662
,106,116.603784,40.067750
,106,116.604976,40.067860
,106,116.604835,40.067782
,106,116.604755,40.067739
,106,116.604694,40.067665
,106,116.604670,40.067601
,106,116.604665,40.067539
,106,116.604665,40.067459
,106,116.604154,40.067410
,107,116.609762,40.067935
,107,116.609757,40.068023
,107,116.609731,40.068097
,107,116.609682,40.068145
,107,116.609601,40.068194
,107,116.609421,40.068243
,107,116.610521,40.068338
,107,116.610381,40.068251
,107,116.610315,40.068188
,107,116.610274,40.068125
,107,116.610262,40.068057
,107,116.610275,40.067982
,107,116.609762,40.067935
,108,116.612515,40.075071
,108,116.612443,40.075063
,108,116.612442,40.075095
,108,116.612401,40.075179
,108,116.612327,40.075253
,108,116.612236,40.075284
,108,116.612122,40.075273
,108,116.612028,40.075226
,108,116.611962,40.075179
,108,116.611932,40.075111
,108,116.611930,40.075029
,108,116.611937,40.075006
,108,116.611766,40.074987
,108,116.611521,40.076572
,108,116.611685,40.076594
,108,116.611789,40.075899
,108,116.611816,40.075812
,108,116.611874,40.075760
,108,116.611964,40.075719
,108,116.612036,40.075722
,108,116.612147,40.075739
,108,116.612222,40.075771
,108,116.612277,40.075829
,108,116.612289,40.075925
,108,116.612176,40.076661
,108,116.612262,40.076673
,108,116.612515,40.075071
,109,116.612927,40.067478
,109,116.613057,40.067494
,109,116.613271,40.066806
,109,116.613345,40.066765
,109,116.613452,40.066760
,109,116.613531,40.066797
,109,116.613563,40.066867
,109,116.613587,40.067556
,109,116.613699,40.067569
,109,116.614045,40.065397
,109,116.613783,40.066101
,109,116.613697,40.066187
,109,116.613604,40.066227
,109,116.613516,40.066225
,109,116.613437,40.066191
,109,116.613390,40.066133
,109,116.613361,40.066049
,109,116.613262,40.065315
,109,116.612927,40.067478
,110,116.607653,40.081618
,110,116.607591,40.082041
,110,116.607896,40.082069
,110,116.608739,40.082257
,110,116.608842,40.082307
,110,116.608856,40.082364
,110,116.608838,40.082421
,110,116.608803,40.082460
,110,116.608714,40.082499
,110,116.607736,40.082510
,110,116.607525,40.082491
,110,116.607492,40.082722
,110,116.608768,40.082839
,110,116.610110,40.083030
,110,116.610282,40.081853
,110,116.610601,40.079681
,110,116.610333,40.080464
,110,116.610280,40.080558
,110,116.610168,40.080584
,110,116.610052,40.080562
,110,116.609436,40.080216
,110,116.609017,40.080613
,110,116.609119,40.080660
,110,116.609186,40.080745
,110,116.609154,40.081250
,110,116.609137,40.081451
,110,116.609079,40.081562
,110,116.608994,40.081643
,110,116.608440,40.081688
,110,116.607653,40.081618
,111,116.597360,40.059265
,111,116.597377,40.059233
,111,116.597433,40.058991
,111,116.597469,40.058937
,111,116.597523,40.058890
,111,116.597586,40.058858
,111,116.597661,40.058828
,111,116.597767,40.058822
,111,116.597978,40.058836
,111,116.598832,40.058910
,111,116.598916,40.058929
,111,116.598996,40.058971
,111,116.599089,40.059037
,111,116.599141,40.059111
,111,116.599176,40.059186
,111,116.599182,40.059344
,111,116.599351,40.058257
,111,116.599317,40.058384
,111,116.599261,40.058454
,111,116.599174,40.058532
,111,116.599083,40.058577
,111,116.598993,40.058599
,111,116.598865,40.058612
,111,116.597862,40.058527
,111,116.597740,40.058501
,111,116.597642,40.058449
,111,116.597569,40.058363
,111,116.597549,40.058293
,111,116.597537,40.058161
,111,116.597360,40.059265
,112,116.602517,40.082127
,112,116.602482,40.082127
,112,116.601297,40.081910
,112,116.601074,40.081815
,112,116.601030,40.081751
,112,116.601020,40.081694
,112,116.601030,40.081619
,112,116.601070,40.081548
,112,116.601321,40.081450
,112,116.602502,40.081450
,112,116.602601,40.081466
,112,116.602642,40.081145
,112,116.601511,40.081026
,112,116.601177,40.080935
,112,116.601137,40.080879
,112,116.601116,40.080783
,112,116.601234,40.080112
,112,116.601270,40.080033
,112,116.601311,40.079994
,112,116.601363,40.079967
,112,116.601590,40.080064
,112,116.601268,40.079494
,112,116.601270,40.079638
,112,116.601236,40.079688
,112,116.601191,40.079713
,112,116.600880,40.079777
,112,116.600502,40.079768
,112,116.600357,40.079740
,112,116.600266,40.079686
,112,116.600196,40.079611
,112,116.600140,40.079407
,112,116.600127,40.078767
,112,116.599803,40.080846
,112,116.599598,40.082161
,112,116.600944,40.082122
,112,116.602499,40.082265
,112,116.602517,40.082127
,113,116.605129,40.081383
,113,116.605086,40.081751
,113,116.605229,40.081756
,113,116.605428,40.081813
,113,116.605535,40.081898
,113,116.605578,40.082008
,113,116.605560,40.082108
,113,116.605521,40.082179
,113,116.605422,40.082250
,113,116.605336,40.082279
,113,116.605025,40.082266
,113,116.604998,40.082494
,113,116.607492,40.082722
,113,116.607525,40.082491
,113,116.607128,40.082456
,113,116.606282,40.082268
,113,116.606161,40.082218
,113,116.606133,40.082175
,113,116.606143,40.082104
,113,116.606193,40.082065
,113,116.606286,40.082030
,113,116.607199,40.082005
,113,116.607591,40.082041
,113,116.607653,40.081618
,113,116.606319,40.081498
,113,116.605363,40.081404
,113,116.605129,40.081383
,114,116.605025,40.082266
,114,116.604828,40.082257
,114,116.604682,40.082197
,114,116.604622,40.082122
,114,116.604590,40.082033
,114,116.604604,40.081934
,114,116.604650,40.081838
,114,116.604739,40.081774
,114,116.604899,40.081745
,114,116.605086,40.081751
,114,116.605129,40.081383
,114,116.604862,40.081359
,114,116.603958,40.081283
,114,116.602642,40.081145
,114,116.602601,40.081466
,114,116.603907,40.081683
,114,116.603971,40.081755
,114,116.604001,40.081849
,114,116.603995,40.081944
,114,116.603964,40.082015
,114,116.603897,40.082103
,114,116.603792,40.082147
,114,116.602517,40.082127
,114,116.602499,40.082265
,114,116.604998,40.082494
,114,116.605025,40.082266
,115,116.592926,40.100587
,115,116.592898,40.100775
,115,116.594607,40.100929
,115,116.595378,40.101031
,115,116.596065,40.101215
,115,116.596708,40.101256
,115,116.596799,40.101211
,115,116.596887,40.101181
,115,116.597004,40.101176
,115,116.597115,40.101184
,115,116.597227,40.101212
,115,116.597324,40.101259
,115,116.597386,40.101336
,115,116.597409,40.101411
,115,116.597420,40.101503
,115,116.597395,40.101602
,115,116.597359,40.101678
,115,116.597291,40.101737
,115,116.597209,40.101784
,115,116.597086,40.101817
,115,116.596983,40.101826
,115,116.596903,40.101816
,115,116.596814,40.101784
,115,116.596738,40.101732
,115,116.596679,40.101673
,115,116.595904,40.101622
,115,116.595714,40.101635
,115,116.594941,40.101632
,115,116.592803,40.101433
,115,116.592758,40.101746
,115,116.596098,40.102054
,115,116.597520,40.102205
,115,116.597647,40.101368
,115,116.597761,40.100614
,115,116.597944,40.099650
,115,116.598561,40.095846
,115,116.598816,40.094217
,115,116.599005,40.093091
,115,116.599073,40.092931
,115,116.598433,40.092849
,115,116.598522,40.092944
,115,116.598626,40.093059
,115,116.598577,40.094237
,115,116.598313,40.095735
,115,116.598287,40.095894
,115,116.598199,40.096165
,115,116.598138,40.096540
,115,116.598005,40.097352
,115,116.597944,40.097725
,115,116.597918,40.098104
,115,116.597638,40.099970
,115,116.597429,40.100692
,115,116.597304,40.100835
,115,116.597209,40.100855
,115,116.597102,40.100851
,115,116.596063,40.100794
,115,116.592926,40.100587
,116,116.611242,40.083505
,116,116.611068,40.083485
,116,116.611068,40.083492
,116,116.611039,40.083571
,116,116.610977,40.083628
,116,116.610908,40.083661
,116,116.610823,40.083673
,116,116.610749,40.083661
,116,116.610680,40.083630
,116,116.610640,40.083585
,116,116.610607,40.083518
,116,116.610604,40.083432
,116,116.610463,40.083416
,116,116.610224,40.084965
,116,116.610503,40.084273
,116,116.610580,40.084184
,116,116.610669,40.084157
,116,116.610765,40.084163
,116,116.610860,40.084196
,116,116.610931,40.084246
,116,116.610997,40.084366
,116,116.611023,40.085023
,116,116.611242,40.083505
,117,116.611365,40.082656
,117,116.611231,40.082632
,117,116.611214,40.082680
,117,116.611145,40.082745
,117,116.611039,40.082779
,117,116.610902,40.082764
,117,116.610827,40.082739
,117,116.610765,40.082686
,117,116.610743,40.082620
,117,116.610746,40.082549
,117,116.610601,40.082524
,117,116.610463,40.083416
,117,116.610604,40.083432
,117,116.610604,40.083428
,117,116.610628,40.083335
,117,116.610699,40.083271
,117,116.610782,40.083248
,117,116.610877,40.083250
,117,116.610970,40.083283
,117,116.611023,40.083345
,117,116.611068,40.083419
,117,116.611068,40.083485
,117,116.611242,40.083505
,117,116.611365,40.082656
,118,116.611516,40.081615
,118,116.611372,40.081597
,118,116.611351,40.081781
,118,116.611298,40.081872
,118,116.611201,40.081918
,118,116.611130,40.081921
,118,116.611048,40.081896
,118,116.610996,40.081865
,118,116.610958,40.081818
,118,116.610936,40.081753
,118,116.610965,40.081544
,118,116.610757,40.081517
,118,116.610601,40.082524
,118,116.610746,40.082549
,118,116.610746,40.082548
,118,116.610777,40.082455
,118,116.610824,40.082411
,118,116.610924,40.082386
,118,116.611048,40.082389
,118,116.611170,40.082439
,118,116.611242,40.082524
,118,116.611248,40.082586
,118,116.611231,40.082632
,118,116.611365,40.082656
,118,116.611516,40.081615
,119,116.610966,40.080161
,119,116.611118,40.080181
,119,116.611151,40.079953
,119,116.611201,40.079872
,119,116.611286,40.079812
,119,116.611385,40.079778
,119,116.611464,40.079784
,119,116.611560,40.079819
,119,116.611619,40.079887
,119,116.611641,40.079984
,119,116.611605,40.080246
,119,116.611712,40.080261
,119,116.611896,40.078991
,119,116.611808,40.079185
,119,116.611710,40.079282
,119,116.611617,40.079314
,119,116.611508,40.079320
,119,116.611390,40.079299
,119,116.611305,40.079248
,119,116.611232,40.079161
,119,116.611157,40.078930
,119,116.610966,40.080161
,120,116.612262,40.076673
,120,116.612176,40.076661
,120,116.612147,40.076849
,120,116.612115,40.076916
,120,116.612063,40.076974
,120,116.611987,40.077021
,120,116.611894,40.077029
,120,116.611792,40.077018
,120,116.611717,40.076968
,120,116.611662,40.076898
,120,116.611653,40.076806
,120,116.611685,40.076594
,120,116.611521,40.076572
,120,116.611343,40.077722
,120,116.611562,40.077508
,120,116.611723,40.077466
,120,116.611854,40.077487
,120,116.611963,40.077575
,120,116.612084,40.077803
,120,116.612262,40.076673
,121,116.611766,40.074987
,121,116.611937,40.075006
,121,116.611960,40.074938
,121,116.612025,40.074883
,121,116.612141,40.074848
,121,116.612283,40.074859
,121,116.612379,40.074903
,121,116.612445,40.074977
,121,116.612443,40.075063
,121,116.612515,40.075071
,121,116.612691,40.073959
,121,116.612510,40.074293
,121,116.612411,40.074366
,121,116.612338,40.074377
,121,116.612223,40.074366
,121,116.612145,40.074309
,121,116.612072,40.074220
,121,116.611937,40.073883
,121,116.611766,40.074987
,122,116.613434,40.069244
,122,116.613310,40.069230
,122,116.613291,40.069286
,122,116.613226,40.069333
,122,116.613110,40.069353
,122,116.612981,40.069322
,122,116.612931,40.069284
,122,116.612898,40.069224
,122,116.612894,40.069183
,122,116.612668,40.069157
,122,116.612421,40.070753
,122,116.612709,40.070054
,122,116.612832,40.069879
,122,116.612949,40.069827
,122,116.613066,40.069840
,122,116.613169,40.069950
,122,116.613185,40.070814
,122,116.613434,40.069244
,123,116.613699,40.067569
,123,116.613587,40.067556
,123,116.613591,40.067658
,123,116.613410,40.068390
,123,116.613332,40.068487
,123,116.613253,40.068524
,123,116.613188,40.068524
,123,116.613109,40.068491
,123,116.613054,40.068431
,123,116.613035,40.068329
,123,116.613021,40.067607
,123,116.613057,40.067494
,123,116.612927,40.067478
,123,116.612668,40.069157
,123,116.612894,40.069183
,123,116.612889,40.069138
,123,116.612919,40.069070
,123,116.612974,40.069024
,123,116.613064,40.068998
,123,116.613160,40.069000
,123,116.613262,40.069043
,123,116.613315,40.069119
,123,116.613317,40.069207
,123,116.613310,40.069230
,123,116.613434,40.069244
,123,116.613699,40.067569
,124,116.602861,40.068910
,124,116.602900,40.068542
,124,116.602841,40.068543
,124,116.602105,40.068374
,124,116.602036,40.068308
,124,116.602005,40.068243
,124,116.602009,40.068173
,124,116.602043,40.068100
,124,116.602147,40.068027
,124,116.602918,40.067942
,124,116.602963,40.067951
,124,116.602994,40.067661
,124,116.602250,40.067577
,124,116.602164,40.067527
,124,116.602137,40.067445
,124,116.602086,40.066594
,124,116.601627,40.069594
,124,116.601809,40.068968
,124,116.601885,40.068866
,124,116.601997,40.068829
,124,116.602861,40.068910
,125,116.607097,40.068947
,125,116.605736,40.068847
,125,116.604715,40.068646
,125,116.604629,40.068577
,125,116.604583,40.068491
,125,116.604595,40.068423
,125,116.604617,40.068348
,125,116.604750,40.068256
,125,116.605983,40.068256
,125,116.607151,40.068409
,125,116.607188,40.068051
,125,116.604976,40.067860
,125,116.603784,40.067750
,125,116.602994,40.067661
,125,116.602963,40.067951
,125,116.603889,40.068131
,125,116.603967,40.068208
,125,116.603994,40.068285
,125,116.603982,40.068358
,125,116.603940,40.068455
,125,116.603839,40.068520
,125,116.602900,40.068542
,125,116.602861,40.068910
,125,116.603745,40.068993
,125,116.604637,40.069077
,125,116.607061,40.069305
,125,116.607097,40.068947
,126,116.611195,40.068397
,126,116.611157,40.068816
,126,116.611295,40.068811
,126,116.612043,40.068945
,126,116.612107,40.068999
,126,116.612127,40.069052
,126,116.612123,40.069126
,126,116.612103,40.069180
,126,116.612016,40.069217
,126,116.611214,40.069271
,126,116.611117,40.069248
,126,116.611077,40.069682
,126,116.611533,40.069725
,126,116.611879,40.069775
,126,116.611952,40.069821
,126,116.611983,40.069880
,126,116.612035,40.070615
,126,116.612539,40.067618
,126,116.612316,40.068287
,126,116.612252,40.068378
,126,116.612152,40.068451
,126,116.612006,40.068467
,126,116.611195,40.068397
,127,116.608307,40.062086
,127,116.608259,40.062378
,127,116.609685,40.062511
,127,116.610383,40.062685
,127,116.610457,40.062750
,127,116.610491,40.062821
,127,116.610498,40.062906
,127,116.610483,40.062983
,127,116.610416,40.063070
,127,116.610306,40.063122
,127,116.609603,40.063135
,127,116.608159,40.062987
,127,116.608116,40.063253
,127,116.610151,40.063489
,127,116.611336,40.063612
,127,116.612909,40.063775
,127,116.613571,40.063844
,127,116.613998,40.063888
,127,116.614091,40.063944
,127,116.614160,40.064033
,127,116.614169,40.064624
,127,116.614563,40.062167
,127,116.614417,40.062436
,127,116.614283,40.062571
,127,116.614056,40.062583
,127,116.612596,40.062468
,127,116.610319,40.062272
,127,116.608307,40.062086
,128,116.601887,40.062826
,128,116.601956,40.062335
,128,116.601849,40.062293
,128,116.601806,40.062261
,128,116.601783,40.062220
,128,116.601776,40.062165
,128,116.601781,40.062101
,128,116.601815,40.062030
,128,116.601874,40.061980
,128,116.601970,40.061936
,128,116.602011,40.061934
,128,116.602077,40.061464
,128,116.601941,40.061429
,128,116.601868,40.061332
,128,116.601862,40.061087
,128,116.601874,40.060752
,128,116.601448,40.063295
,128,116.601636,40.062925
,128,116.601713,40.062852
,128,116.601836,40.062822
,128,116.601887,40.062826
,129,116.600465,40.055708
,129,116.600661,40.055723
,129,116.600684,40.055689
,129,116.600771,40.055627
,129,116.600968,40.055518
,129,116.601059,40.055495
,129,116.601265,40.055500
,129,116.601925,40.055568
,129,116.602042,40.055619
,129,116.602104,40.055687
,129,116.602143,40.055761
,129,116.602140,40.055831
,129,116.602191,40.055835
,129,116.602360,40.054757
,129,116.602282,40.055086
,129,116.602219,40.055136
,129,116.602169,40.055163
,129,116.602106,40.055185
,129,116.602056,40.055189
,129,116.601225,40.055116
,129,116.601156,40.055116
,129,116.601088,40.055128
,129,116.601003,40.055171
,129,116.600504,40.055480
,129,116.600465,40.055708
,130,116.601536,40.068139
,130,116.601325,40.068113
,130,116.601324,40.068169
,130,116.601255,40.068249
,130,116.601161,40.068287
,130,116.601035,40.068279
,130,116.600952,40.068240
,130,116.600902,40.068177
,130,116.600878,40.068100
,130,116.600879,40.068059
,130,116.600682,40.068036
,130,116.600493,40.069262
,130,116.600664,40.068932
,130,116.600757,40.068784
,130,116.600911,40.068735
,130,116.601059,40.068733
,130,116.601184,40.068758
,130,116.601243,40.068813
,130,116.601315,40.068973
,130,116.601353,40.069349
,130,116.601536,40.068139
,131,116.600779,40.072724
,131,116.600644,40.072705
,131,116.600643,40.072731
,131,116.600619,40.072789
,131,116.600566,40.072842
,131,116.600502,40.072875
,131,116.600427,40.072897
,131,116.600371,40.072899
,131,116.600322,40.072901
,131,116.600263,40.072883
,131,116.600201,40.072840
,131,116.600156,40.072781
,131,116.600136,40.072699
,131,116.600138,40.072638
,131,116.599981,40.072616
,131,116.599818,40.073690
,131,116.599960,40.073410
,131,116.600032,40.073324
,131,116.600132,40.073281
,131,116.600232,40.073267
,131,116.600370,40.073277
,131,116.600460,40.073338
,131,116.600517,40.073462
,131,116.600590,40.073765
,131,116.600779,40.072724
,132,116.600250,40.075889
,132,116.600148,40.075877
,132,116.600129,40.075925
,132,116.600080,40.075986
,132,116.599981,40.076024
,132,116.599866,40.076027
,132,116.599787,40.075999
,132,116.599718,40.075969
,132,116.599666,40.075915
,132,116.599636,40.075846
,132,116.599636,40.075813
,132,116.599500,40.075797
,132,116.599353,40.076776
,132,116.599474,40.076594
,132,116.599533,40.076531
,132,116.599633,40.076471
,132,116.599752,40.076455
,132,116.599872,40.076474
,132,116.599958,40.076518
,132,116.600025,40.076580
,132,116.600062,40.076636
,132,116.600095,40.076857
,132,116.600250,40.075889
,133,116.599632,40.074924
,133,116.599784,40.074938
,133,116.599781,40.074917
,133,116.599817,40.074838
,133,116.599880,40.074767
,133,116.599984,40.074739
,133,116.600124,40.074739
,133,116.600236,40.074789
,133,116.600283,40.074868
,133,116.600293,40.074956
,133,116.600282,40.074984
,133,116.600394,40.074994
,133,116.600548,40.074028
,133,116.600378,40.074261
,133,116.600321,40.074294
,133,116.600225,40.074329
,133,116.600122,40.074340
,133,116.600016,40.074316
,133,116.599942,40.074290
,133,116.599875,40.074247
,133,116.599833,40.074177
,133,116.599778,40.073959
,133,116.599632,40.074924
,134,116.598795,40.080466
,134,116.598933,40.080486
,134,116.598981,40.080216
,134,116.599015,40.080168
,134,116.599079,40.080133
,134,116.599139,40.080120
,134,116.599247,40.080122
,134,116.599322,40.080147
,134,116.599377,40.080189
,134,116.599403,40.080246
,134,116.599369,40.080547
,134,116.599532,40.080570
,134,116.599695,40.079493
,134,116.599623,40.079600
,134,116.599544,40.079671
,134,116.599437,40.079710
,134,116.599331,40.079715
,134,116.599205,40.079697
,134,116.599114,40.079657
,134,116.599044,40.079600
,134,116.598988,40.079518
,134,116.598951,40.079435
,134,116.598795,40.080466
,135,116.598652,40.081419
,135,116.598775,40.081437
,135,116.598804,40.081364
,135,116.598870,40.081297
,135,116.598962,40.081274
,135,116.599074,40.081272
,135,116.599171,40.081302
,135,116.599240,40.081350
,135,116.599267,40.081426
,135,116.599267,40.081504
,135,116.599265,40.081508
,135,116.599387,40.081525
,135,116.599532,40.080570
,135,116.599369,40.080547
,135,116.599357,40.080659
,135,116.599315,40.080730
,135,116.599251,40.080781
,135,116.599175,40.080794
,135,116.599077,40.080785
,135,116.599008,40.080769
,135,116.598957,40.080735
,135,116.598930,40.080698
,135,116.598911,40.080604
,135,116.598933,40.080486
,135,116.598795,40.080466
,135,116.598652,40.081419
,136,116.598903,40.084763
,136,116.598759,40.084744
,136,116.598753,40.084765
,136,116.598707,40.084825
,136,116.598654,40.084861
,136,116.598564,40.084892
,136,116.598439,40.084886
,136,116.598366,40.084835
,136,116.598309,40.084797
,136,116.598275,40.084758
,136,116.598257,40.084710
,136,116.598261,40.084677
,136,116.598129,40.084659
,136,116.597865,40.086191
,136,116.598016,40.085640
,136,116.598066,40.085486
,136,116.598123,40.085407
,136,116.598232,40.085339
,136,116.598338,40.085314
,136,116.598490,40.085325
,136,116.598613,40.085398
,136,116.598665,40.085479
,136,116.598692,40.085649
,136,116.598677,40.086289
,136,116.598903,40.084763
