"FID_","ID","X","Y"
,1,103.954216,30.594097
,1,103.939703,30.562965
,2,103.953917,30.593457
,2,103.955471,30.592930
,2,103.955578,30.592828
,2,103.955628,30.592712
,2,103.955619,30.592573
,2,103.941950,30.563186
,2,103.941864,30.563091
,2,103.941715,30.563035
,2,103.941504,30.563059
,2,103.940400,30.563395
,2,103.940272,30.563512
,2,103.940227,30.563736
,2,103.940221,30.564075
,3,103.949588,30.584170
,3,103.950612,30.584954
,3,103.952733,30.586369
,4,103.951731,30.585701
,4,103.951882,30.585703
,4,103.952046,30.585674
,4,103.952363,30.585574
,5,103.952046,30.585674
,5,103.952130,30.585610
,5,103.952205,30.585533
,5,103.952245,30.585441
,5,103.952260,30.585351
,6,103.951262,30.583206
,6,103.950882,30.582835
,6,103.950067,30.582265
,6,103.948472,30.581095
,6,103.947766,30.580262
,7,103.950067,30.582265
,7,103.950194,30.582305
,7,103.950294,30.582307
,7,103.950399,30.582287
,7,103.950525,30.582226
,7,103.950617,30.582143
,7,103.950683,30.581961
,8,103.946174,30.576846
,8,103.945946,30.575893
,8,103.945926,30.575639
,8,103.946156,30.573877
,8,103.946244,30.572843
,8,103.946212,30.572350
,9,103.946156,30.573877
,9,103.946225,30.573744
,9,103.946325,30.573666
,9,103.946451,30.573619
,9,103.946604,30.573621
,9,103.946741,30.573661
,9,103.946867,30.573757
,10,103.944409,30.573060
,10,103.944394,30.572099
,10,103.944590,30.570533
,10,103.944691,30.569081
,11,103.944590,30.570533
,11,103.944715,30.570314
,11,103.944860,30.570237
,11,103.944998,30.570242
,11,103.945334,30.570461
,12,103.941408,30.566621
,12,103.941421,30.566411
,12,103.941462,30.566257
,12,103.941538,30.566131
,12,103.941767,30.565980
,12,103.942708,30.565644
,12,103.942917,30.565641
,12,103.943054,30.565682
,12,103.943200,30.565874
,13,103.941044,30.565841
,13,103.941175,30.565918
,13,103.941325,30.565962
,13,103.941470,30.565985
,13,103.941594,30.566004
,13,103.941767,30.565980
,14,103.942708,30.565644
,14,103.943044,30.565539
,15,103.954970,30.591177
,15,103.954919,30.590895
,15,103.954942,30.590776
,15,103.954999,30.590670
,15,103.955081,30.590588
,15,103.955327,30.590504
,15,103.955434,30.590509
,15,103.955582,30.590575
,15,103.955660,30.590656
,16,103.954599,30.590381
,16,103.954751,30.590522
,16,103.954863,30.590578
,16,103.954979,30.590608
,16,103.955081,30.590588
,17,103.955327,30.590505
,17,103.955381,30.590443
,17,103.955434,30.590304
,17,103.955405,30.590107
,18,103.956211,30.591849
,18,103.950368,30.579224
,19,103.950368,30.579224
,19,103.949218,30.576829
,19,103.947454,30.573046
,19,103.944152,30.565516
,19,103.943951,30.564848
,20,103.953234,30.587446
,20,103.953228,30.587280
,20,103.953253,30.587184
,20,103.953298,30.587096
,20,103.953409,30.587006
,20,103.953621,30.586920
,20,103.953740,30.586926
,20,103.953850,30.586965
,20,103.953986,30.587041
,21,103.953621,30.586920
,21,103.953699,30.586797
,21,103.953732,30.586702
,21,103.953754,30.586540
,22,103.953409,30.587006
,22,103.953246,30.586986
,22,103.953145,30.586952
,22,103.953050,30.586894
,22,103.952948,30.586831
,23,103.952046,30.585674
,23,103.952221,30.585737
,23,103.952354,30.585813
,23,103.952537,30.585947
,24,103.952363,30.585574
,24,103.953177,30.585292
,25,103.952537,30.585947
,25,103.952559,30.585765
,25,103.952596,30.585650
,25,103.952670,30.585468
,26,103.952260,30.585351
,26,103.952357,30.585392
,26,103.952557,30.585437
,26,103.952670,30.585468
,27,103.952085,30.584976
,27,103.952053,30.584781
,27,103.952064,30.584669
,27,103.952102,30.584559
,27,103.952174,30.584475
,27,103.952304,30.584397
,27,103.952462,30.584371
,27,103.952602,30.584394
,27,103.952715,30.584440
,27,103.952840,30.584565
,28,103.951722,30.584196
,28,103.951876,30.584330
,28,103.951980,30.584382
,28,103.952114,30.584413
,28,103.952304,30.584397
,29,103.952304,30.584397
,29,103.952420,30.584345
,29,103.952507,30.584252
,29,103.952559,30.584133
,29,103.952559,30.583957
,30,103.952559,30.583957
,30,103.952651,30.584084
,30,103.952778,30.584142
,30,103.952871,30.584154
,30,103.952992,30.584169
,31,103.952992,30.584169
,31,103.952909,30.584240
,31,103.952854,30.584324
,31,103.952831,30.584405
,31,103.952840,30.584565
,32,103.952922,30.585383
,32,103.952980,30.585263
,32,103.953010,30.585132
,32,103.953030,30.584976
,33,103.953177,30.585292
,33,103.954359,30.584853
,34,103.953030,30.584976
,34,103.953183,30.585096
,34,103.953308,30.585140
,34,103.953504,30.585171
,35,103.953621,30.586919
,35,103.953881,30.586813
,36,103.953881,30.586813
,36,103.954813,30.586507
,36,103.955575,30.586381
,36,103.958024,30.585484
,37,103.954813,30.586507
,37,103.954975,30.586334
,37,103.954984,30.586157
,37,103.954359,30.584853
,37,103.952953,30.581767
,37,103.952777,30.581542
,37,103.952635,30.581482
,37,103.952520,30.581447
,38,103.952304,30.584397
,38,103.952992,30.584169
,38,103.953899,30.583843
,39,103.950617,30.582143
,39,103.950857,30.581998
,39,103.954798,30.580691
,40,103.950560,30.581697
,40,103.950673,30.581793
,40,103.950794,30.581859
,40,103.950935,30.581899
,40,103.951126,30.581910
,41,103.951126,30.581910
,41,103.951029,30.581977
,41,103.950969,30.582055
,41,103.950917,30.582167
,41,103.950908,30.582315
,41,103.950916,30.582463
,42,103.951684,30.582067
,42,103.951593,30.581959
,42,103.951491,30.581904
,42,103.951380,30.581875
,42,103.951233,30.581875
,43,103.951233,30.581875
,43,103.951332,30.581788
,43,103.951386,30.581708
,43,103.951418,30.581613
,43,103.951418,30.581492
,44,103.951418,30.581492
,44,103.951500,30.581580
,44,103.951607,30.581640
,44,103.951734,30.581670
,44,103.951858,30.581670
,45,103.951858,30.581670
,45,103.951750,30.581751
,45,103.951699,30.581838
,45,103.951670,30.581924
,45,103.951684,30.582067
,46,103.954499,30.585146
,46,103.954395,30.585030
,46,103.954283,30.584976
,46,103.954172,30.584961
,46,103.954049,30.584968
,47,103.954049,30.584968
,47,103.954159,30.584861
,47,103.954211,30.584749
,47,103.954226,30.584637
,47,103.954218,30.584543
,48,103.954036,30.584145
,48,103.953918,30.584031
,48,103.953820,30.583973
,48,103.953717,30.583951
,48,103.953616,30.583944
,49,103.953616,30.583944
,49,103.953725,30.583830
,49,103.953762,30.583732
,49,103.953777,30.583576
,50,103.952193,30.581555
,50,103.952376,30.581384
,50,103.952409,30.581241
,50,103.952376,30.581075
,50,103.951453,30.579147
,50,103.951343,30.579053
,50,103.951155,30.578981
,50,103.951001,30.578992
,51,103.949552,30.579530
,51,103.952623,30.578390
,52,103.949706,30.579862
,52,103.949720,30.579698
,52,103.949767,30.579561
,52,103.949832,30.579449
,52,103.949893,30.579403
,53,103.949406,30.579217
,53,103.949513,30.579301
,53,103.949619,30.579351
,53,103.949793,30.579390
,53,103.949893,30.579403
,54,103.950533,30.579580
,54,103.950438,30.579465
,54,103.950365,30.579412
,54,103.950280,30.579375
,54,103.950192,30.579347
,54,103.950105,30.579324
,55,103.950105,30.579324
,55,103.950192,30.579274
,55,103.950271,30.579205
,55,103.950303,30.579163
,55,103.950313,30.579101
,56,103.950313,30.579101
,56,103.950382,30.579123
,56,103.950460,30.579132
,56,103.950550,30.579132
,56,103.950645,30.579124
,57,103.950645,30.579124
,57,103.950566,30.579195
,57,103.950529,30.579245
,57,103.950507,30.579300
,57,103.950498,30.579399
,57,103.950533,30.579580
,58,103.951093,30.550579
,58,103.936172,30.518554
,59,103.947724,30.548145
,59,103.935682,30.522319
,60,103.935682,30.522319
,60,103.934920,30.520653
,61,103.945985,30.544415
,61,103.945875,30.544012
,61,103.945850,30.543682
,61,103.945881,30.543312
,61,103.945967,30.542725
,61,103.946173,30.541317
,61,103.946215,30.540977
,61,103.946170,30.540394
,61,103.945972,30.539587
,62,103.946783,30.548493
,62,103.933989,30.521029
,62,103.933963,30.520903
,62,103.933976,30.520784
,62,103.934035,30.520659
,62,103.934135,30.520566
,62,103.934297,30.520491
,62,103.936219,30.519839
,62,103.936353,30.519820
,62,103.936528,30.519845
,62,103.936694,30.519904
,62,103.936855,30.520021
,63,103.934920,30.520653
,63,103.934837,30.520572
,63,103.934745,30.520517
,63,103.934631,30.520472
,63,103.934533,30.520461
,63,103.934440,30.520469
,63,103.934297,30.520491
,64,103.934922,30.520652
,64,103.934933,30.520506
,64,103.934962,30.520400
,64,103.935016,30.520312
,64,103.935095,30.520242
,64,103.935166,30.520196
,65,103.934903,30.522991
,65,103.934884,30.522897
,65,103.934893,30.522809
,65,103.934919,30.522723
,65,103.934967,30.522642
,65,103.935057,30.522541
,65,103.935682,30.522319
,66,103.935682,30.522319
,66,103.937120,30.521810
,66,103.937256,30.521797
,66,103.937355,30.521803
,66,103.937498,30.521830
,66,103.937616,30.521874
,66,103.937695,30.521922
,66,103.937771,30.521986
,67,103.937434,30.521263
,67,103.937427,30.521428
,67,103.937390,30.521549
,67,103.937318,30.521656
,67,103.937120,30.521810
,68,103.934592,30.522324
,68,103.934680,30.522405
,68,103.934779,30.522458
,68,103.935057,30.522541
,69,103.935303,30.522454
,69,103.935426,30.522350
,69,103.935482,30.522280
,69,103.935525,30.522194
,69,103.935541,30.522117
,69,103.935540,30.522008
,70,103.935540,30.522008
,70,103.935659,30.522087
,70,103.935767,30.522135
,70,103.935910,30.522170
,70,103.936017,30.522172
,70,103.936093,30.522174
,71,103.936093,30.522174
,71,103.936013,30.522232
,71,103.935945,30.522304
,71,103.935892,30.522394
,71,103.935861,30.522486
,71,103.935844,30.522666
,72,103.935844,30.522666
,72,103.935765,30.522565
,72,103.935675,30.522508
,72,103.935567,30.522467
,72,103.935448,30.522447
,72,103.935303,30.522454
,73,103.941225,30.529399
,73,103.940695,30.528690
,73,103.939883,30.527936
,73,103.938982,30.527345
,73,103.938794,30.527303
,73,103.938597,30.527333
,73,103.938107,30.527521
,74,103.938597,30.527333
,74,103.938431,30.527445
,74,103.938352,30.527538
,74,103.938306,30.527627
,74,103.938289,30.527707
,74,103.938295,30.527842
,74,103.938298,30.527932
,75,103.938107,30.527521
,75,103.937588,30.527721
,75,103.937463,30.527819
,75,103.937399,30.527905
,75,103.937366,30.527966
,75,103.937340,30.528039
,75,103.937333,30.528115
,75,103.937342,30.528227
,76,103.938298,30.527932
,76,103.938206,30.527791
,76,103.938134,30.527716
,76,103.938026,30.527675
,76,103.937832,30.527661
,76,103.937751,30.527658
,77,103.937023,30.527542
,77,103.937094,30.527617
,77,103.937155,30.527665
,77,103.937257,30.527708
,77,103.937350,30.527730
,77,103.937446,30.527732
,77,103.937588,30.527721
,78,103.937751,30.527658
,78,103.937845,30.527583
,78,103.937892,30.527526
,78,103.937940,30.527452
,78,103.937977,30.527355
,78,103.937977,30.527241
,79,103.943578,30.534450
,79,103.943056,30.533736
,79,103.942646,30.533320
,79,103.941458,30.532468
,79,103.941363,30.532400
,79,103.941240,30.532366
,79,103.941078,30.532358
,79,103.940910,30.532389
,79,103.940449,30.532542
,80,103.940449,30.532542
,80,103.939930,30.532709
,80,103.939813,30.532781
,80,103.939734,30.532876
,80,103.939676,30.532977
,80,103.939656,30.533091
,80,103.939671,30.533225
,81,103.939930,30.532709
,81,103.939788,30.532725
,81,103.939647,30.532706
,81,103.939496,30.532653
,81,103.939416,30.532582
,81,103.939322,30.532478
,82,103.940087,30.532658
,82,103.940181,30.532584
,82,103.940239,30.532513
,82,103.940279,30.532445
,82,103.940307,30.532363
,82,103.940306,30.532236
,83,103.940087,30.532658
,83,103.940180,30.532657
,83,103.940262,30.532667
,83,103.940351,30.532688
,83,103.940460,30.532729
,83,103.940583,30.532829
,84,103.940632,30.532936
,84,103.940617,30.532778
,84,103.940630,30.532675
,84,103.940661,30.532596
,84,103.940717,30.532517
,84,103.940785,30.532452
,84,103.940894,30.532394
,85,103.941965,30.538150
,85,103.941946,30.538056
,85,103.941958,30.537964
,85,103.941998,30.537867
,85,103.942057,30.537779
,85,103.942154,30.537692
,85,103.942234,30.537647
,85,103.942747,30.537470
,86,103.943245,30.538539
,86,103.943199,30.538327
,86,103.943146,30.538081
,86,103.943131,30.537858
,86,103.943144,30.537665
,86,103.943472,30.535592
,86,103.943478,30.535353
,86,103.943485,30.535007
,86,103.943443,30.534616
,86,103.943348,30.534135
,87,103.942747,30.537470
,87,103.942886,30.537394
,87,103.943018,30.537288
,87,103.943139,30.537151
,87,103.943259,30.536941
,88,103.941662,30.537500
,88,103.941745,30.537571
,88,103.941847,30.537632
,88,103.941955,30.537660
,88,103.942077,30.537663
,88,103.942234,30.537647
,89,103.942341,30.537610
,89,103.942482,30.537524
,89,103.942548,30.537441
,89,103.942603,30.537314
,89,103.942603,30.537163
,90,103.942341,30.537610
,90,103.942458,30.537600
,90,103.942580,30.537609
,90,103.942669,30.537629
,90,103.942791,30.537682
,90,103.942883,30.537761
,91,103.943132,30.540656
,91,103.943126,30.540538
,91,103.943144,30.540437
,91,103.943197,30.540322
,91,103.943307,30.540212
,91,103.943936,30.539966
,91,103.944087,30.539872
,91,103.944223,30.539755
,91,103.944342,30.539601
,91,103.944432,30.539392
,92,103.944410,30.541037
,92,103.944331,30.540707
,92,103.944295,30.540362
,92,103.944318,30.540084
,92,103.944432,30.539392
,92,103.944650,30.538068
,92,103.944660,30.537528
,92,103.944629,30.537178
,92,103.944519,30.536578
,92,103.944448,30.536316
,93,103.944052,30.540269
,93,103.943942,30.540182
,93,103.943814,30.540124
,93,103.943709,30.540110
,93,103.943556,30.540114
,94,103.943556,30.540114
,94,103.943677,30.539999
,94,103.943742,30.539886
,94,103.943776,30.539756
,94,103.943756,30.539635
,95,103.943307,30.540212
,95,103.943154,30.540183
,95,103.943023,30.540137
,95,103.942936,30.540089
,95,103.942815,30.539976
,96,103.945960,30.542768
,96,103.945816,30.543024
,96,103.945629,30.543198
,96,103.945467,30.543304
,97,103.945467,30.543304
,97,103.944930,30.543486
,97,103.944829,30.543548
,97,103.944756,30.543640
,97,103.944698,30.543738
,97,103.944672,30.543836
,97,103.944674,30.543966
,98,103.944930,30.543486
,98,103.944767,30.543491
,98,103.944654,30.543477
,98,103.944557,30.543439
,98,103.944461,30.543386
,98,103.944361,30.543294
,99,103.945626,30.543644
,99,103.945551,30.543554
,99,103.945451,30.543492
,99,103.945353,30.543451
,99,103.945231,30.543433
,99,103.945073,30.543437
,100,103.945073,30.543437
,100,103.945202,30.543344
,100,103.945268,30.543262
,100,103.945299,30.543197
,100,103.945327,30.543090
,100,103.945324,30.542996
,101,103.943951,30.564848
,101,103.943392,30.563747
,101,103.943217,30.563559
,101,103.941266,30.559303
,101,103.941031,30.558791
,101,103.940932,30.558413
,101,103.940922,30.558024
,101,103.940960,30.557607
,101,103.941078,30.557301
,101,103.943533,30.552328
,101,103.944443,30.550483
,101,103.944916,30.549840
,101,103.945809,30.549027
,101,103.946783,30.548493
,101,103.947724,30.548145
,101,103.949154,30.547656
,101,103.949349,30.547641
,101,103.949542,30.547666
,101,103.949676,30.547737
,101,103.949828,30.547864
,102,103.949154,30.547656
,102,103.949327,30.547537
,102,103.949428,30.547395
,102,103.949461,30.547278
,102,103.949459,30.547071
,103,103.947580,30.547833
,103,103.947701,30.547919
,103,103.947835,30.547988
,103,103.947962,30.548010
,103,103.948100,30.548017
,104,103.947359,30.548281
,104,103.947445,30.548208
,104,103.947518,30.548122
,104,103.947574,30.547983
,104,103.947579,30.547834
,105,103.947359,30.548281
,105,103.947493,30.548289
,105,103.947627,30.548317
,105,103.947751,30.548373
,105,103.947906,30.548512
,106,103.947906,30.548512
,106,103.947893,30.548368
,106,103.947934,30.548223
,106,103.947999,30.548129
,106,103.948100,30.548017
,107,103.946623,30.548149
,107,103.946728,30.548252
,107,103.946828,30.548302
,107,103.946948,30.548339
,107,103.947074,30.548354
,107,103.947190,30.548343
,108,103.947190,30.548343
,108,103.947062,30.548431
,108,103.947000,30.548509
,108,103.946970,30.548566
,108,103.946940,30.548636
,108,103.946931,30.548695
,108,103.946933,30.548821
,109,103.947000,30.548967
,109,103.946909,30.548847
,109,103.946837,30.548787
,109,103.946748,30.548739
,109,103.946651,30.548709
,109,103.946526,30.548695
,109,103.946400,30.548703
,110,103.946401,30.548702
,110,103.946528,30.548593
,110,103.946616,30.548460
,110,103.946639,30.548340
,110,103.946623,30.548149
,111,103.947724,30.548145
,111,103.947906,30.548512
,111,103.948505,30.549798
,111,103.948669,30.549938
,111,103.948784,30.549982
,111,103.948910,30.550002
,111,103.949038,30.550006
,112,103.950576,30.549468
,112,103.946106,30.551043
,112,103.944557,30.551559
,112,103.944109,30.551782
,112,103.943933,30.551908
,112,103.943735,30.552100
,112,103.943498,30.552398
,113,103.946526,30.548695
,113,103.945140,30.551365
,114,103.948234,30.550293
,114,103.948371,30.550203
,114,103.948461,30.550095
,114,103.948506,30.549985
,114,103.948505,30.549798
,115,103.946783,30.548493
,115,103.947528,30.550120
,115,103.947605,30.550204
,115,103.947705,30.550276
,115,103.947810,30.550321
,115,103.947914,30.550341
,115,103.948024,30.550344
,115,103.948120,30.550333
,116,103.947277,30.550630
,116,103.947399,30.550543
,116,103.947471,30.550463
,116,103.947516,30.550370
,116,103.947540,30.550291
,116,103.947528,30.550120
,117,103.944557,30.551559
,117,103.944885,30.551383
,117,103.945094,30.551223
,117,103.945282,30.551027
,117,103.945409,30.550848
,118,103.944853,30.564910
,118,103.942161,30.559049
,118,103.942073,30.558693
,118,103.942038,30.558445
,118,103.942041,30.557992
,118,103.942092,30.557707
,118,103.942200,30.557379
,118,103.945140,30.551365
,119,103.944707,30.552252
,119,103.944966,30.551899
,119,103.945177,30.551661
,119,103.945454,30.551417
,119,103.945761,30.551220
,119,103.946106,30.551043
,120,103.941627,30.560090
,120,103.941506,30.559661
,120,103.941474,30.559345
,120,103.941486,30.559098
,120,103.941530,30.558793
,120,103.941765,30.558191
,120,103.942200,30.557379
,121,103.942157,30.559032
,121,103.941765,30.558191
,122,103.941765,30.558191
,122,103.941601,30.557842
,122,103.941518,30.557582
,122,103.941476,30.557342
,122,103.941451,30.557118
,122,103.941482,30.556723
,122,103.941577,30.556291
,123,103.942013,30.560934
,123,103.942125,30.561067
,123,103.942225,30.561134
,123,103.942337,30.561171
,123,103.942459,30.561186
,123,103.942574,30.561181
,123,103.942739,30.561114
,123,103.942836,30.561032
,123,103.942881,30.560957
,123,103.942911,30.560855
,123,103.942930,30.560787
,123,103.942913,30.560686
,124,103.942354,30.561675
,124,103.942340,30.561503
,124,103.942364,30.561398
,124,103.942432,30.561286
,124,103.942574,30.561181
,125,103.942739,30.561114
,125,103.942878,30.561121
,125,103.943015,30.561154
,125,103.943120,30.561224
,125,103.943201,30.561313
,126,103.941504,30.563059
,126,103.942761,30.562564
,127,103.942761,30.562564
,127,103.943262,30.562402
,127,103.943384,30.562379
,127,103.943523,30.562395
,127,103.943641,30.562439
,127,103.943763,30.562536
,128,103.943262,30.562402
,128,103.943425,30.562283
,128,103.943492,30.562165
,128,103.943515,30.562070
,128,103.943497,30.561958
,129,103.943174,30.562430
,129,103.943010,30.562438
,129,103.942894,30.562421
,129,103.942761,30.562360
,129,103.942619,30.562253
,130,103.942393,30.562709
,130,103.942517,30.562692
,130,103.942658,30.562713
,130,103.942763,30.562756
,130,103.942903,30.562873
,131,103.942903,30.562873
,131,103.942931,30.562696
,131,103.942983,30.562574
,131,103.943064,30.562497
,131,103.943174,30.562430
,132,103.942393,30.562709
,132,103.942517,30.562584
,132,103.942571,30.562487
,132,103.942602,30.562365
,132,103.942619,30.562253
,133,103.955770,30.586015
,133,103.955916,30.586135
,133,103.956004,30.586173
,133,103.956137,30.586175
,134,103.958024,30.585484
,134,103.957831,30.585467
,134,103.957710,30.585414
,134,103.957455,30.584798
,135,103.957710,30.585414
,135,103.957677,30.585530
,135,103.957638,30.585580
,135,103.957543,30.585660
,136,103.957509,30.585673
,136,103.957419,30.585669
,136,103.957322,30.585644
,136,103.957212,30.585582
,136,103.957133,30.585496
,136,103.956903,30.584998
,137,103.957133,30.585496
,137,103.957136,30.585642
,137,103.957114,30.585751
,137,103.957054,30.585840
,138,103.956862,30.585910
,138,103.956697,30.585891
,138,103.956571,30.585832
,138,103.956468,30.585755
,138,103.956249,30.585236
,139,103.956468,30.585755
,139,103.956456,30.585875
,139,103.956426,30.585983
,139,103.956376,30.586062
,139,103.956333,30.586104
,140,103.955649,30.586354
,140,103.955745,30.586253
,140,103.955784,30.586112
,140,103.955770,30.586015
,140,103.955519,30.585491
,141,103.953899,30.583843
,141,103.954204,30.583753
,141,103.954624,30.583729
,141,103.956173,30.583171
,142,103.954044,30.584161
,142,103.954072,30.583999
,142,103.954120,30.583876
,142,103.954204,30.583752
,143,103.955025,30.583870
,143,103.955049,30.583747
,143,103.955090,30.583637
,143,103.955151,30.583555
,143,103.955188,30.583526
,144,103.954624,30.583729
,144,103.954780,30.583740
,144,103.954904,30.583777
,144,103.955030,30.583873
,144,103.955250,30.584327
,145,103.955945,30.584119
,145,103.955698,30.583589
,145,103.955619,30.583525
,145,103.955520,30.583492
,145,103.955415,30.583474
,145,103.955318,30.583479
,146,103.955698,30.583589
,146,103.955725,30.583455
,146,103.955766,30.583373
,146,103.955801,30.583304
,147,103.955932,30.583257
,147,103.956026,30.583253
,147,103.956127,30.583279
,147,103.956226,30.583347
,147,103.956405,30.583722
,148,103.955932,30.583257
,148,103.956000,30.583201
,148,103.956046,30.583134
,148,103.956062,30.583051
,148,103.955795,30.582431
,149,103.955896,30.583271
,149,103.955816,30.583254
,149,103.955744,30.583218
,149,103.955682,30.583164
,149,103.955405,30.582550
,150,103.955682,30.583164
,150,103.955668,30.583243
,150,103.955634,30.583316
,150,103.955592,30.583365
,150,103.955574,30.583387
,151,103.955516,30.583408
,151,103.955403,30.583374
,151,103.955314,30.583329
,151,103.955209,30.583229
,151,103.954976,30.582724
,152,103.955209,30.583229
,152,103.955209,30.583375
,152,103.955156,30.583474
,152,103.955111,30.583558
,153,103.954986,30.583599
,153,103.954877,30.583570
,153,103.954760,30.583514
,153,103.954651,30.583437
,153,103.954389,30.582887
,154,103.954651,30.583437
,154,103.954618,30.583577
,154,103.954565,30.583668
,154,103.954495,30.583736
,155,103.954798,30.580691
,155,103.954932,30.580716
,155,103.955029,30.580774
,155,103.955115,30.580871
,155,103.955295,30.581264
,156,103.954888,30.581370
,156,103.954702,30.580974
,156,103.954688,30.580920
,156,103.954691,30.580879
,156,103.954712,30.580811
,156,103.954744,30.580743
,156,103.954762,30.580705
,157,103.954762,30.580705
,157,103.954824,30.580604
,157,103.954834,30.580505
,157,103.954808,30.580421
,157,103.954554,30.579862
,158,103.954702,30.580974
,158,103.954643,30.580899
,158,103.954563,30.580848
,158,103.954466,30.580827
,158,103.954359,30.580837
,159,103.954359,30.580837
,159,103.954427,30.580749
,159,103.954447,30.580682
,159,103.954443,30.580629
,159,103.954167,30.580001
,160,103.954662,30.580737
,160,103.954570,30.580712
,160,103.954508,30.580669
,160,103.954443,30.580629
,161,103.954454,30.581513
,161,103.954287,30.581160
,161,103.954283,30.581111
,161,103.954288,30.581035
,161,103.954306,30.580972
,161,103.954359,30.580837
,162,103.954297,30.580857
,162,103.954209,30.580863
,162,103.954137,30.580844
,162,103.954046,30.580802
,162,103.953979,30.580753
,162,103.953930,30.580693
,162,103.953677,30.580132
,163,103.953930,30.580693
,163,103.953943,30.580769
,163,103.953938,30.580828
,163,103.953919,30.580894
,163,103.953872,30.580980
,163,103.953828,30.581013
,164,103.953989,30.581690
,164,103.953819,30.581306
,164,103.953817,30.581218
,164,103.953829,30.581155
,164,103.953856,30.581070
,164,103.953892,30.580992
,165,103.954287,30.581160
,165,103.954195,30.581068
,165,103.954105,30.581017
,165,103.953991,30.581002
,165,103.953906,30.580987
,166,103.953819,30.581306
,166,103.953750,30.581233
,166,103.953669,30.581190
,166,103.953588,30.581158
,166,103.953483,30.581146
,166,103.953414,30.581150
,167,103.953696,30.581057
,167,103.953615,30.581053
,167,103.953521,30.581023
,167,103.953437,30.580974
,167,103.953358,30.580895
,167,103.953093,30.580318
,168,103.953358,30.580895
,168,103.953367,30.580960
,168,103.953365,30.581007
,168,103.953343,30.581074
,168,103.953311,30.581136
,168,103.953266,30.581200
,169,103.951001,30.578992
,169,103.951111,30.578892
,169,103.951149,30.578802
,169,103.951163,30.578681
,169,103.951036,30.578350
,170,103.951163,30.578681
,170,103.951287,30.578754
,170,103.951420,30.578789
,170,103.951543,30.578790
,171,103.951727,30.578722
,171,103.951809,30.578634
,171,103.951857,30.578553
,171,103.951895,30.578490
,171,103.951902,30.578414
,171,103.951747,30.578079
,172,103.951902,30.578414
,172,103.951961,30.578454
,172,103.952038,30.578481
,172,103.952124,30.578511
,172,103.952245,30.578530
,173,103.952623,30.578390
,173,103.952781,30.578383
,173,103.952913,30.578442
,173,103.953041,30.578527
,173,103.953161,30.578540
,173,103.954084,30.578251
,174,103.952623,30.578390
,174,103.952836,30.578144
,174,103.952952,30.578043
,174,103.953642,30.577792
,175,103.952245,30.578530
,175,103.952407,30.578564
,175,103.952551,30.578647
,175,103.952631,30.578736
,175,103.952805,30.579107
,176,103.953382,30.579266
,176,103.953041,30.578527
,177,103.953212,30.578897
,177,103.953187,30.578786
,177,103.953190,30.578685
,177,103.953220,30.578603
,177,103.953285,30.578501
,178,103.953394,30.578467
,178,103.953473,30.578473
,178,103.953572,30.578524
,178,103.953640,30.578607
,178,103.953877,30.579117
,179,103.953640,30.578607
,179,103.953626,30.578525
,179,103.953651,30.578446
,179,103.953693,30.578374
,180,103.954264,30.578990
,180,103.954008,30.578448
,180,103.953936,30.578394
,180,103.953858,30.578361
,180,103.953781,30.578346
,181,103.954008,30.578448
,181,103.954004,30.578369
,181,103.954025,30.578301
,181,103.954084,30.578251
,182,103.948702,30.577703
,182,103.948708,30.577581
,182,103.948737,30.577460
,182,103.948826,30.577348
,182,103.948894,30.577301
,182,103.949088,30.577230
,182,103.949197,30.577242
,182,103.949312,30.577289
,182,103.949505,30.577434
,183,103.948445,30.577150
,183,103.948578,30.577245
,183,103.948708,30.577292
,183,103.948894,30.577301
,184,103.948325,30.574914
,184,103.949385,30.574563
,184,103.950492,30.574267
,185,103.947737,30.575629
,185,103.947727,30.575477
,185,103.947749,30.575383
,185,103.947786,30.575296
,185,103.947853,30.575186
,185,103.947921,30.575123
,185,103.948325,30.574914
,186,103.947921,30.575123
,186,103.947786,30.575129
,186,103.947672,30.575111
,186,103.947580,30.575074
,186,103.947481,30.575000
,186,103.947417,30.574941
,187,103.948044,30.575059
,187,103.948151,30.575042
,187,103.948239,30.575053
,187,103.948358,30.575101
,187,103.948461,30.575205
,188,103.948461,30.575205
,188,103.948456,30.575078
,188,103.948483,30.574977
,188,103.948521,30.574895
,188,103.948609,30.574820
,189,103.948044,30.575059
,189,103.948139,30.574963
,189,103.948192,30.574887
,189,103.948229,30.574804
,189,103.948219,30.574687
,190,103.948219,30.574687
,190,103.948303,30.574737
,190,103.948408,30.574780
,190,103.948516,30.574803
,190,103.948609,30.574820
,191,103.949088,30.577230
,191,103.949354,30.577121
,192,103.949354,30.577121
,192,103.950342,30.576802
,192,103.951678,30.576284
,193,103.949505,30.577434
,193,103.949499,30.577295
,193,103.949511,30.577216
,193,103.949553,30.577126
,193,103.949667,30.577020
,194,103.949667,30.577020
,194,103.949513,30.577007
,194,103.949392,30.576957
,194,103.949303,30.576898
,194,103.949218,30.576829
,195,103.949088,30.577230
,195,103.949142,30.577157
,195,103.949192,30.577044
,195,103.949203,30.576949
,195,103.949218,30.576829
,196,103.949877,30.576952
,196,103.949934,30.576907
,196,103.949987,30.576829
,196,103.950004,30.576739
,196,103.949994,30.576666
,196,103.949831,30.576309
,197,103.949994,30.576666
,197,103.950061,30.576744
,197,103.950131,30.576782
,197,103.950205,30.576801
,197,103.950321,30.576808
,198,103.950365,30.576793
,198,103.950411,30.576753
,198,103.950452,30.576686
,198,103.950471,30.576595
,198,103.950454,30.576482
,198,103.950304,30.576117
,199,103.950454,30.576482
,199,103.950522,30.576571
,199,103.950611,30.576619
,199,103.950694,30.576624
,199,103.950783,30.576631
,200,103.950827,30.576614
,200,103.950875,30.576545
,200,103.950910,30.576475
,200,103.950926,30.576389
,200,103.950908,30.576318
,200,103.950778,30.576002
,201,103.950908,30.576318
,201,103.950987,30.576401
,201,103.951087,30.576448
,201,103.951177,30.576457
,201,103.951241,30.576453
,202,103.951275,30.576440
,202,103.951349,30.576357
,202,103.951379,30.576283
,202,103.951385,30.576207
,202,103.951389,30.576164
,202,103.951231,30.575835
,203,103.951389,30.576164
,203,103.951452,30.576229
,203,103.951513,30.576259
,203,103.951583,30.576269
,203,103.951678,30.576284
,204,103.950404,30.577611
,204,103.950145,30.577074
,204,103.950073,30.577011
,204,103.949987,30.576972
,204,103.949877,30.576952
,205,103.950145,30.577074
,205,103.950172,30.576958
,205,103.950216,30.576878
,205,103.950264,30.576827
,206,103.950414,30.576774
,206,103.950474,30.576777
,206,103.950527,30.576789
,206,103.950606,30.576832
,206,103.950692,30.576909
,206,103.950939,30.577439
,207,103.950692,30.576909
,207,103.950693,30.576832
,207,103.950705,30.576762
,207,103.950736,30.576693
,207,103.950776,30.576634
,208,103.951464,30.577236
,208,103.951205,30.576660
,208,103.951143,30.576616
,208,103.951079,30.576594
,208,103.951032,30.576578
,208,103.950938,30.576571
,209,103.951205,30.576660
,209,103.951233,30.576556
,209,103.951259,30.576499
,209,103.951310,30.576427
,210,103.949793,30.575582
,210,103.949452,30.574816
,210,103.949349,30.574727
,210,103.949265,30.574690
,210,103.949170,30.574671
,210,103.949073,30.574666
,211,103.949452,30.574816
,211,103.949464,30.574722
,211,103.949484,30.574651
,211,103.949521,30.574574
,211,103.949565,30.574515
,212,103.950500,30.575299
,212,103.950199,30.574651
,212,103.950138,30.574572
,212,103.950078,30.574527
,212,103.949950,30.574472
,212,103.949839,30.574441
,213,103.950199,30.574651
,213,103.950195,30.574547
,213,103.950212,30.574459
,213,103.950258,30.574382
,213,103.950321,30.574313
,214,103.950321,30.574313
,214,103.950219,30.574289
,214,103.950138,30.574258
,214,103.950051,30.574203
,214,103.950015,30.574151
,214,103.949774,30.573630
,215,103.949839,30.574441
,215,103.949925,30.574390
,215,103.949971,30.574344
,215,103.949992,30.574296
,215,103.950006,30.574228
,215,103.950015,30.574151
,216,103.949839,30.574441
,216,103.949747,30.574427
,216,103.949675,30.574397
,216,103.949594,30.574340
,216,103.949544,30.574283
,216,103.949308,30.573780
,217,103.949544,30.574283
,217,103.949554,30.574352
,217,103.949543,30.574413
,217,103.949519,30.574469
,217,103.949452,30.574545
,218,103.949368,30.574568
,218,103.949297,30.574552
,218,103.949223,30.574523
,218,103.949158,30.574483
,218,103.949086,30.574427
,218,103.948865,30.573989
,219,103.949086,30.574427
,219,103.949072,30.574502
,219,103.949040,30.574599
,219,103.948975,30.574698
,220,103.946792,30.573597
,220,103.946787,30.573489
,220,103.946809,30.573402
,220,103.946874,30.573301
,220,103.946969,30.573222
,220,103.947111,30.573169
,220,103.947226,30.573161
,220,103.947327,30.573177
,220,103.947440,30.573216
,220,103.947585,30.573326
,221,103.946519,30.573009
,221,103.946635,30.573115
,221,103.946726,30.573165
,221,103.946836,30.573204
,221,103.946969,30.573222
,222,103.947111,30.573169
,222,103.947205,30.573100
,222,103.947262,30.573035
,222,103.947300,30.572972
,222,103.947328,30.572888
,222,103.947330,30.572762
,223,103.947111,30.573169
,223,103.947454,30.573046
,224,103.947454,30.573046
,224,103.949709,30.572254
,225,103.947612,30.573384
,225,103.947591,30.573274
,225,103.947594,30.573197
,225,103.947610,30.573120
,225,103.947652,30.573039
,225,103.947739,30.572946
,226,103.947739,30.572946
,226,103.947630,30.572928
,226,103.947540,30.572914
,226,103.947450,30.572863
,226,103.947385,30.572802
,226,103.947312,30.572721
,227,103.947986,30.572859
,227,103.948070,30.572790
,227,103.948124,30.572721
,227,103.948145,30.572621
,227,103.948002,30.572232
,228,103.948145,30.572621
,228,103.948242,30.572674
,228,103.948314,30.572690
,228,103.948430,30.572703
,229,103.948430,30.572703
,229,103.948495,30.572646
,229,103.948528,30.572579
,229,103.948545,30.572518
,229,103.948541,30.572474
,229,103.948432,30.572131
,230,103.948921,30.572306
,230,103.948995,30.572386
,230,103.949084,30.572418
,230,103.949181,30.572439
,231,103.948541,30.572474
,231,103.948614,30.572530
,231,103.948681,30.572554
,231,103.948749,30.572564
,231,103.948814,30.572568
,232,103.948814,30.572568
,232,103.948858,30.572528
,232,103.948892,30.572478
,232,103.948916,30.572413
,232,103.948921,30.572306
,232,103.948820,30.572038
,233,103.949181,30.572439
,233,103.949241,30.572399
,233,103.949279,30.572353
,233,103.949299,30.572303
,233,103.949304,30.572241
,233,103.949189,30.571932
,234,103.949304,30.572241
,234,103.949371,30.572276
,234,103.949442,30.572290
,234,103.949513,30.572293
,234,103.949589,30.572296
,235,103.948163,30.572797
,235,103.948263,30.572792
,235,103.948361,30.572814
,235,103.948447,30.572875
,235,103.948498,30.572930
,235,103.948773,30.573513
,236,103.948498,30.572930
,236,103.948505,30.572834
,236,103.948531,30.572745
,236,103.948592,30.572680
,236,103.948640,30.572629
,237,103.949479,30.573313
,237,103.949179,30.572692
,237,103.949124,30.572643
,237,103.949040,30.572594
,237,103.948978,30.572571
,237,103.948913,30.572562
,237,103.948814,30.572568
,238,103.949179,30.572692
,238,103.949180,30.572601
,238,103.949199,30.572541
,238,103.949246,30.572461
,238,103.949301,30.572397
,239,103.946983,30.571972
,239,103.946974,30.571838
,239,103.946983,30.571769
,239,103.947015,30.571705
,239,103.947079,30.571621
,239,103.947182,30.571547
,239,103.949009,30.570912
,240,103.947182,30.571547
,240,103.947062,30.571572
,240,103.946979,30.571570
,240,103.946897,30.571538
,240,103.946829,30.571497
,240,103.946742,30.571423
,241,103.947409,30.571469
,241,103.947494,30.571480
,241,103.947573,30.571504
,241,103.947651,30.571560
,241,103.947760,30.571812
,242,103.947651,30.571560
,242,103.947672,30.571464
,242,103.947706,30.571394
,242,103.947749,30.571350
,243,103.948174,30.571668
,243,103.948063,30.571445
,243,103.948019,30.571394
,243,103.947955,30.571352
,243,103.947898,30.571340
,243,103.947824,30.571324
,244,103.948063,30.571445
,244,103.948061,30.571363
,244,103.948069,30.571312
,244,103.948097,30.571259
,244,103.948116,30.571223
,245,103.948565,30.571531
,245,103.948462,30.571311
,245,103.948413,30.571252
,245,103.948361,30.571220
,245,103.948300,30.571195
,245,103.948233,30.571182
,246,103.948462,30.571311
,246,103.948462,30.571249
,246,103.948475,30.571165
,246,103.948507,30.571108
,246,103.948521,30.571082
,247,103.948964,30.571392
,247,103.948850,30.571139
,247,103.948777,30.571090
,247,103.948693,30.571058
,247,103.948618,30.571048
,248,103.948850,30.571139
,248,103.948873,30.571032
,248,103.948908,30.570975
,248,103.948941,30.570936
,249,103.948618,30.571048
,249,103.948671,30.570979
,249,103.948690,30.570937
,249,103.948702,30.570872
,249,103.948698,30.570822
,249,103.948610,30.570591
,250,103.948698,30.570822
,250,103.948752,30.570877
,250,103.948813,30.570908
,250,103.948941,30.570936
,251,103.947507,30.571234
,251,103.947569,30.571290
,251,103.947616,30.571315
,251,103.947696,30.571338
,251,103.947749,30.571350
,252,103.947906,30.571132
,252,103.947938,30.571159
,252,103.947983,30.571181
,252,103.948116,30.571223
,253,103.948301,30.570957
,253,103.948369,30.571011
,253,103.948424,30.571041
,253,103.948521,30.571082
,254,103.948233,30.571182
,254,103.948264,30.571133
,254,103.948283,30.571096
,254,103.948298,30.571025
,254,103.948301,30.570957
,254,103.948203,30.570727
,255,103.947824,30.571324
,255,103.947866,30.571268
,255,103.947886,30.571227
,255,103.947900,30.571181
,255,103.947906,30.571132
,255,103.947801,30.570862
,256,103.947409,30.571469
,256,103.947453,30.571416
,256,103.947489,30.571349
,256,103.947506,30.571294
,256,103.947507,30.571234
,256,103.947402,30.570995
,257,103.945515,30.570852
,257,103.945523,30.570707
,257,103.945541,30.570606
,257,103.945590,30.570504
,257,103.945717,30.570395
,257,103.946217,30.570226
,258,103.945220,30.570217
,258,103.945315,30.570288
,258,103.945439,30.570353
,258,103.945562,30.570385
,258,103.945717,30.570395
,259,103.946379,30.570595
,259,103.946279,30.570460
,259,103.946178,30.570385
,259,103.946033,30.570325
,259,103.945944,30.570318
,260,103.945944,30.570318
,260,103.946016,30.570189
,260,103.946038,30.570075
,260,103.946073,30.569897
,261,103.946217,30.570226
,261,103.948999,30.569283
,262,103.946375,30.570585
,262,103.946346,30.570449
,262,103.946367,30.570343
,262,103.946440,30.570204
,262,103.946512,30.570126
,263,103.946512,30.570126
,263,103.946391,30.570088
,263,103.946073,30.569897
,264,103.946637,30.570084
,264,103.946727,30.570088
,264,103.946806,30.570120
,264,103.946903,30.570191
,264,103.947062,30.570570
,265,103.947009,30.569958
,265,103.947087,30.569969
,265,103.947224,30.570015
,265,103.947299,30.570093
,265,103.947458,30.570438
,266,103.946903,30.570191
,266,103.946930,30.570067
,266,103.946970,30.569992
,266,103.946997,30.569962
,267,103.947299,30.570093
,267,103.947299,30.569988
,267,103.947324,30.569897
,267,103.947377,30.569833
,268,103.947847,30.570308
,268,103.947694,30.569933
,268,103.947600,30.569845
,268,103.947520,30.569809
,268,103.947472,30.569801
,269,103.947694,30.569933
,269,103.947698,30.569820
,269,103.947742,30.569734
,269,103.947776,30.569698
,270,103.948280,30.570164
,270,103.948103,30.569753
,270,103.948015,30.569692
,270,103.947942,30.569673
,270,103.947889,30.569659
,271,103.948103,30.569753
,271,103.948137,30.569635
,271,103.948185,30.569559
,272,103.947793,30.569424
,272,103.947930,30.569530
,272,103.948031,30.569558
,272,103.948154,30.569570
,273,103.948379,30.569215
,273,103.948449,30.569281
,273,103.948559,30.569343
,273,103.948660,30.569359
,273,103.948758,30.569365
,274,103.947227,30.569614
,274,103.947315,30.569694
,274,103.947404,30.569745
,274,103.947499,30.569766
,274,103.947564,30.569770
,275,103.947009,30.569958
,275,103.947116,30.569892
,275,103.947178,30.569831
,275,103.947218,30.569741
,275,103.947227,30.569614
,275,103.947032,30.569145
,276,103.947670,30.569734
,276,103.947722,30.569686
,276,103.947791,30.569600
,276,103.947808,30.569510
,276,103.947793,30.569424
,276,103.947608,30.568954
,277,103.948253,30.569536
,277,103.948320,30.569468
,277,103.948364,30.569387
,277,103.948382,30.569306
,277,103.948379,30.569215
,277,103.948196,30.568755
,278,103.956082,30.591111
,278,103.955981,30.591095
,278,103.955896,30.591061
,278,103.955827,30.591019
,279,103.954362,30.587365
,279,103.954286,30.587370
,279,103.954199,30.587349
,279,103.954104,30.587295
,280,103.954517,30.587702
,280,103.954420,30.587703
,280,103.954333,30.587680
,280,103.954264,30.587640
,281,103.954675,30.588046
,281,103.954553,30.588043
,281,103.954464,30.588011
,281,103.954424,30.587987
,282,103.954833,30.588391
,282,103.954741,30.588389
,282,103.954653,30.588355
,282,103.954575,30.588313
,283,103.954990,30.588734
,283,103.954901,30.588737
,283,103.954809,30.588705
,283,103.954734,30.588657
,284,103.955148,30.589077
,284,103.955024,30.589077
,284,103.954933,30.589035
,284,103.954902,30.589020
,285,103.955304,30.589417
,285,103.955208,30.589417
,285,103.955123,30.589394
,285,103.955063,30.589368
,286,103.955462,30.589762
,286,103.955364,30.589742
,286,103.955213,30.589692
,287,103.955581,30.590022
,287,103.955467,30.589998
,287,103.955385,30.589980
,287,103.955335,30.589955
,288,103.955743,30.590373
,288,103.955629,30.590357
,288,103.955561,30.590333
,288,103.955483,30.590275
,289,103.955922,30.590764
,289,103.955834,30.590752
,289,103.955759,30.590728
,289,103.955698,30.590708
,289,103.955681,30.590703
,290,103.955985,30.591360
,290,103.956017,30.591390
,290,103.956079,30.591420
,290,103.956160,30.591444
,290,103.956237,30.591449
,291,103.956142,30.591699
,291,103.956134,30.591634
,291,103.956148,30.591566
,291,103.956192,30.591486
,291,103.956237,30.591449
,291,103.956741,30.591274
,292,103.955980,30.591350
,292,103.955976,30.591289
,292,103.955992,30.591207
,292,103.956029,30.591151
,292,103.956082,30.591111
,292,103.956579,30.590923
,293,103.955820,30.591003
,293,103.955818,30.590950
,293,103.955831,30.590871
,293,103.955873,30.590801
,293,103.955922,30.590764
,293,103.956430,30.590601
,294,103.955660,30.590656
,294,103.955646,30.590579
,294,103.955653,30.590522
,294,103.955694,30.590443
,294,103.955743,30.590373
,294,103.956242,30.590195
,295,103.955451,30.590207
,295,103.955458,30.590156
,295,103.955502,30.590079
,295,103.955581,30.590022
,295,103.956076,30.589839
,296,103.955329,30.589942
,296,103.955348,30.589899
,296,103.955386,30.589811
,296,103.955462,30.589762
,296,103.955964,30.589596
,297,103.955178,30.589617
,297,103.955179,30.589572
,297,103.955218,30.589499
,297,103.955304,30.589417
,297,103.955809,30.589261
,298,103.955032,30.589302
,298,103.955034,30.589257
,298,103.955052,30.589176
,298,103.955090,30.589124
,298,103.955148,30.589077
,298,103.955642,30.588899
,299,103.954880,30.588972
,299,103.954878,30.588892
,299,103.954902,30.588829
,299,103.954943,30.588774
,299,103.954990,30.588734
,299,103.955487,30.588565
,300,103.954716,30.588618
,300,103.954718,30.588527
,300,103.954764,30.588449
,300,103.954833,30.588391
,300,103.955331,30.588229
,301,103.954544,30.588246
,301,103.954558,30.588190
,301,103.954603,30.588108
,301,103.954675,30.588046
,301,103.955172,30.587886
,302,103.954392,30.587918
,302,103.954393,30.587862
,302,103.954428,30.587776
,302,103.954467,30.587729
,302,103.954517,30.587702
,302,103.955013,30.587541
,303,103.954243,30.587594
,303,103.954243,30.587514
,303,103.954268,30.587444
,303,103.954323,30.587389
,303,103.954362,30.587365
,303,103.954870,30.587184
,304,103.956242,30.590195
,304,103.957546,30.589761
,304,103.957598,30.589669
,304,103.957568,30.589542
,304,103.956024,30.586217
,305,103.956827,30.590439
,305,103.956736,30.590249
,305,103.956693,30.590187
,305,103.956629,30.590146
,305,103.956547,30.590125
,305,103.956473,30.590118
,306,103.956736,30.590249
,306,103.956719,30.590162
,306,103.956733,30.590105
,306,103.956761,30.590054
,306,103.956782,30.590015
,307,103.957166,30.590322
,307,103.957073,30.590132
,307,103.957032,30.590082
,307,103.956971,30.590037
,307,103.956882,30.590008
,307,103.956823,30.590001
,308,103.957073,30.590132
,308,103.957078,30.590036
,308,103.957109,30.589957
,308,103.957156,30.589890
,309,103.957552,30.590189
,309,103.957462,30.589995
,309,103.957419,30.589937
,309,103.957351,30.589901
,309,103.957244,30.589861
,310,103.957462,30.589995
,310,103.957470,30.589904
,310,103.957498,30.589825
,310,103.957525,30.589767
,311,103.957546,30.589761
,311,103.957657,30.589748
,311,103.957775,30.589775
,311,103.957847,30.589826
,311,103.957932,30.590043
,312,103.957538,30.588816
,312,103.957451,30.588906
,312,103.957400,30.589002
,312,103.957356,30.589085
,313,103.957699,30.589175
,313,103.957585,30.589162
,313,103.957483,30.589151
,313,103.957395,30.589104
,313,103.957354,30.589082
,314,103.956832,30.587240
,314,103.956728,30.587236
,314,103.956616,30.587232
,314,103.956472,30.587182
,315,103.956628,30.586784
,315,103.956544,30.586779
,315,103.956469,30.586775
,315,103.956363,30.586741
,315,103.956290,30.586697
,315,103.956223,30.586644
,316,103.956471,30.587181
,316,103.956452,30.587066
,316,103.956467,30.586984
,316,103.956525,30.586884
,316,103.956628,30.586784
,316,103.957128,30.586613
,317,103.956706,30.587687
,317,103.956681,30.587524
,317,103.956701,30.587409
,317,103.956755,30.587311
,317,103.956832,30.587240
,317,103.957320,30.587070
,318,103.957192,30.588733
,318,103.957251,30.588776
,318,103.957353,30.588812
,318,103.957462,30.588825
,318,103.957538,30.588816
,318,103.957985,30.588657
,319,103.957546,30.589495
,319,103.957534,30.589385
,319,103.957550,30.589312
,319,103.957610,30.589234
,319,103.957699,30.589175
,319,103.958133,30.589010
,320,103.957560,30.589526
,320,103.957470,30.589467
,320,103.957352,30.589414
,320,103.957239,30.589409
,320,103.957059,30.589449
,320,103.956800,30.589552
,321,103.957059,30.589449
,321,103.957246,30.589349
,321,103.957309,30.589239
,321,103.957356,30.589085
,322,103.955664,30.587150
,322,103.955955,30.587054
,322,103.956057,30.587021
,322,103.956155,30.586918
,322,103.956200,30.586825
,322,103.956223,30.586644
,323,103.955955,30.587054
,323,103.956096,30.587034
,323,103.956229,30.587038
,323,103.956375,30.587094
,323,103.956471,30.587181
,324,103.955944,30.587741
,324,103.956228,30.587645
,324,103.956346,30.587585
,324,103.956415,30.587513
,324,103.956462,30.587442
,324,103.956489,30.587345
,324,103.956472,30.587182
,325,103.956228,30.587645
,325,103.956413,30.587609
,325,103.956522,30.587620
,325,103.956706,30.587687
,326,103.956167,30.588213
,326,103.956443,30.588112
,326,103.956568,30.588065
,326,103.956653,30.588002
,326,103.956706,30.587933
,326,103.956733,30.587853
,326,103.956745,30.587769
,327,103.956443,30.588112
,327,103.956613,30.588093
,327,103.956766,30.588120
,327,103.956873,30.588169
,327,103.956945,30.588202
,328,103.956326,30.588550
,328,103.956600,30.588452
,328,103.956738,30.588403
,328,103.956856,30.588328
,328,103.956954,30.588220
,329,103.956600,30.588452
,329,103.956822,30.588430
,329,103.956977,30.588451
,329,103.957088,30.588509
,330,103.956637,30.589207
,330,103.956903,30.589111
,330,103.957129,30.589067
,330,103.957356,30.589085
,331,103.956903,30.589111
,331,103.957121,30.588921
,331,103.957192,30.588733
,332,103.956760,30.588799
,332,103.956944,30.588795
,332,103.957190,30.588729
,333,103.956491,30.588898
,333,103.956760,30.588799
,333,103.956895,30.588672
,333,103.957100,30.588535
,334,103.943044,30.565539
,334,103.944051,30.565182
,335,103.944051,30.565182
,335,103.947666,30.563954
,336,103.943200,30.565874
,336,103.943197,30.565722
,336,103.943233,30.565601
,336,103.943285,30.565500
,336,103.943408,30.565410
,337,103.943408,30.565410
,337,103.943274,30.565398
,337,103.943140,30.565361
,337,103.943014,30.565295
,337,103.942904,30.565238
,338,103.943660,30.565321
,338,103.943773,30.565316
,338,103.943903,30.565344
,338,103.944041,30.565404
,338,103.944152,30.565516
,339,103.944152,30.565516
,339,103.944150,30.565382
,339,103.944172,30.565272
,339,103.944243,30.565152
,339,103.944361,30.565077
,340,103.943660,30.565321
,340,103.943775,30.565216
,340,103.943841,30.565121
,340,103.943877,30.564983
,340,103.943913,30.564774
,341,103.944361,30.565077
,341,103.944208,30.565027
,341,103.944079,30.564950
,341,103.943913,30.564774
,342,103.947499,30.564011
,342,103.947320,30.564015
,342,103.947130,30.563976
,342,103.947000,30.563913
,342,103.946917,30.563846
,342,103.946643,30.563250
,343,103.946917,30.563846
,343,103.946899,30.563983
,343,103.946846,30.564127
,343,103.946775,30.564257
,344,103.946703,30.564282
,344,103.946607,30.564268
,344,103.946449,30.564205
,344,103.946249,30.564082
,344,103.945971,30.563491
,345,103.945639,30.564298
,345,103.945792,30.564394
,345,103.945985,30.564465
,345,103.946159,30.564466
,346,103.946249,30.564082
,346,103.946235,30.564219
,346,103.946178,30.564412
,346,103.946163,30.564465
,347,103.945409,30.564721
,347,103.945557,30.564623
,347,103.945634,30.564447
,347,103.945639,30.564298
,347,103.945399,30.563697
,348,103.944152,30.565516
,348,103.944340,30.565708
,348,103.944587,30.565764
,348,103.944834,30.565728
,348,103.947856,30.564639
,349,103.957775,30.589775
,349,103.957598,30.589669
,350,103.954870,30.585919
,350,103.954687,30.585465
,350,103.954684,30.585340
,350,103.954709,30.585109
,351,103.956226,30.583347
,351,103.956158,30.583243
,351,103.956154,30.583213
,351,103.956173,30.583171
,352,103.956173,30.583171
,352,103.956128,30.583159
,352,103.956103,30.583129
,352,103.956062,30.583051
,353,103.953462,30.582884
,353,103.953400,30.582639
,353,103.953424,30.582521
,353,103.953554,30.582284
,354,103.951987,30.580262
,354,103.951949,30.580106
,354,103.951957,30.580018
,354,103.952025,30.579876
,354,103.952207,30.579731
,355,103.944372,30.568395
,355,103.944593,30.568578
,355,103.944754,30.568628
,355,103.944976,30.568622
,356,103.945094,30.568601
,356,103.945269,30.568474
,356,103.945337,30.568356
,356,103.945348,30.568245
,357,103.944691,30.569081
,357,103.944737,30.568838
,357,103.944826,30.568700
,357,103.944976,30.568622
,357,103.945192,30.568583
,357,103.945442,30.568683
,357,103.945612,30.568847
,358,103.945094,30.568601
,358,103.945381,30.568433
,358,103.945747,30.568117
,358,103.948556,30.567201
,358,103.948672,30.567212
,358,103.948914,30.567752
,359,103.945612,30.568847
,359,103.945572,30.568617
,359,103.945567,30.568455
,359,103.945595,30.568320
,359,103.945632,30.568216
,360,103.945342,30.568229
,360,103.945467,30.568285
,360,103.945632,30.568216
,361,103.945314,30.568165
,361,103.945340,30.567927
,361,103.945416,30.567719
,361,103.945588,30.567618
,361,103.948413,30.566623
,362,103.945588,30.567618
,362,103.945347,30.567611
,362,103.945182,30.567532
,362,103.944997,30.567443
,363,103.944511,30.566334
,363,103.944497,30.566097
,363,103.944542,30.565949
,363,103.944834,30.565728
,364,103.946589,30.565516
,364,103.946549,30.565301
,364,103.946570,30.565180
,364,103.946638,30.565078
,365,103.945583,30.565878
,365,103.945558,30.565714
,365,103.945630,30.565519
,365,103.945698,30.565417
,366,103.946164,30.565669
,366,103.946158,30.565473
,366,103.946186,30.565328
,366,103.946231,30.565225
,367,103.947144,30.565316
,367,103.947142,30.565089
,367,103.947140,30.564958
,367,103.947177,30.564884
,368,103.947775,30.565089
,368,103.947783,30.564883
,368,103.947787,30.564762
,368,103.947815,30.564654
,369,103.947340,30.564825
,369,103.947538,30.564844
,369,103.947659,30.564923
,369,103.947775,30.565089
,369,103.947987,30.565557
,370,103.946682,30.565062
,370,103.946866,30.565062
,370,103.946981,30.565131
,370,103.947144,30.565316
,370,103.947373,30.565773
,371,103.946224,30.565227
,371,103.946352,30.565273
,371,103.946512,30.565416
,371,103.946589,30.565516
,371,103.946786,30.565980
,372,103.945711,30.565412
,372,103.945832,30.565425
,372,103.946013,30.565503
,372,103.946164,30.565669
,372,103.946369,30.566126
,373,103.945131,30.565621
,373,103.945228,30.565625
,373,103.945465,30.565744
,373,103.945583,30.565878
,373,103.945795,30.566328
,374,103.948002,30.566471
,374,103.948120,30.566569
,374,103.948242,30.566624
,374,103.948316,30.566657
,375,103.947557,30.566626
,375,103.947721,30.566783
,375,103.947829,30.566829
,376,103.947392,30.566983
,376,103.947339,30.566972
,376,103.947254,30.566884
,376,103.947163,30.566764
,377,103.947008,30.567118
,377,103.946929,30.567104
,377,103.946807,30.567036
,377,103.946716,30.566920
,378,103.946499,30.567297
,378,103.946408,30.567287
,378,103.946293,30.567226
,378,103.946175,30.567109
,379,103.947985,30.566773
,379,103.948029,30.566712
,379,103.948035,30.566566
,379,103.948002,30.566471
,379,103.947868,30.566163
,380,103.947539,30.566931
,380,103.947582,30.566840
,380,103.947585,30.566708
,380,103.947557,30.566626
,380,103.947447,30.566310
,381,103.947139,30.567072
,381,103.947193,30.566972
,381,103.947193,30.566847
,381,103.947163,30.566764
,381,103.947049,30.566450
,382,103.946646,30.567245
,382,103.946692,30.567189
,382,103.946733,30.567060
,382,103.946716,30.566920
,382,103.946579,30.566615
,383,103.946014,30.567468
,383,103.946165,30.567334
,383,103.946202,30.567233
,383,103.946175,30.567109
,383,103.946044,30.566802
,384,103.948395,30.567573
,384,103.948420,30.567413
,384,103.948508,30.567217
,385,103.947866,30.567752
,385,103.947897,30.567572
,385,103.947965,30.567394
,386,103.947298,30.567933
,386,103.947316,30.567784
,386,103.947359,30.567641
,386,103.947398,30.567579
,387,103.946608,30.568160
,387,103.946605,30.568016
,387,103.946629,30.567903
,387,103.946668,30.567817
,388,103.948043,30.567368
,388,103.948238,30.567438
,388,103.948395,30.567573
,388,103.948530,30.567870
,389,103.947435,30.567567
,389,103.947645,30.567608
,389,103.947776,30.567693
,389,103.947866,30.567752
,389,103.948022,30.568039
,390,103.946896,30.567742
,390,103.947003,30.567739
,390,103.947173,30.567803
,390,103.947298,30.567933
,390,103.947440,30.568232
,391,103.946219,30.567963
,391,103.946337,30.567967
,391,103.946511,30.568037
,391,103.946608,30.568160
,391,103.946756,30.568460
