"FID_","ID","X","Y"
,1,103.957739,30.588340
,1,103.958284,30.588145
,1,103.958257,30.588068
,1,103.957708,30.588262
,1,103.957739,30.588340
,2,103.957688,30.588192
,2,103.958232,30.587998
,2,103.958205,30.587921
,2,103.957656,30.588115
,2,103.957688,30.588192
,3,103.957627,30.588040
,3,103.958171,30.587846
,3,103.958144,30.587769
,3,103.957596,30.587962
,3,103.957627,30.588040
,4,103.951975,30.574985
,4,103.952945,30.574677
,4,103.952919,30.574598
,4,103.951957,30.574909
,4,103.951975,30.574985
,5,103.952325,30.575792
,5,103.953173,30.575541
,5,103.953000,30.575157
,5,103.952793,30.575217
,5,103.952769,30.575133
,5,103.952632,30.575133
,5,103.952477,30.575058
,5,103.952222,30.575161
,5,103.952305,30.575366
,5,103.952174,30.575419
,5,103.952325,30.575792
,6,103.951967,30.574164
,6,103.952022,30.574145
,6,103.951983,30.574034
,6,103.951927,30.574054
,6,103.951967,30.574164
,7,103.952479,30.574139
,7,103.952498,30.574167
,7,103.952555,30.574181
,7,103.952591,30.574165
,7,103.952717,30.574444
,7,103.952741,30.574460
,7,103.952772,30.574465
,7,103.952801,30.574456
,7,103.952828,30.574440
,7,103.952845,30.574411
,7,103.952848,30.574386
,7,103.952673,30.574021
,7,103.952674,30.573975
,7,103.952644,30.573929
,7,103.952431,30.574002
,7,103.952438,30.574022
,7,103.951790,30.574245
,7,103.951764,30.574258
,7,103.951745,30.574281
,7,103.951741,30.574311
,7,103.951748,30.574338
,7,103.951764,30.574362
,7,103.951792,30.574383
,7,103.951837,30.574389
,7,103.952097,30.574298
,7,103.952108,30.574272
,7,103.952479,30.574139
,8,103.951998,30.574030
,8,103.952110,30.573989
,8,103.952086,30.573936
,8,103.951978,30.573983
,8,103.951998,30.574030
,9,103.952456,30.573976
,9,103.952560,30.573939
,9,103.952502,30.573801
,9,103.952404,30.573840
,9,103.952456,30.573976
,10,103.952547,30.575000
,10,103.953041,30.574841
,10,103.953014,30.574759
,10,103.952520,30.574918
,10,103.952547,30.575000
,11,103.952120,30.575183
,11,103.952467,30.575052
,11,103.952441,30.574975
,11,103.952287,30.575026
,11,103.952249,30.574915
,11,103.952032,30.574988
,11,103.952120,30.575183
,12,103.951610,30.574293
,12,103.951952,30.574183
,12,103.951896,30.574017
,12,103.951548,30.574135
,12,103.951610,30.574293
,13,103.951936,30.574820
,13,103.952415,30.574664
,13,103.952377,30.574543
,13,103.951885,30.574697
,13,103.951936,30.574820
,14,103.953213,30.575629
,14,103.953356,30.575578
,14,103.953147,30.575024
,14,103.952769,30.575133
,14,103.952793,30.575217
,14,103.952999,30.575157
,14,103.953213,30.575629
,15,103.952363,30.574011
,15,103.952456,30.573976
,15,103.952404,30.573840
,15,103.952306,30.573879
,15,103.952363,30.574011
,16,103.952267,30.574048
,16,103.952363,30.574011
,16,103.952306,30.573879
,16,103.952211,30.573920
,16,103.952267,30.574048
,17,103.949120,30.564128
,17,103.949782,30.563882
,17,103.949744,30.563773
,17,103.949078,30.564006
,17,103.949120,30.564128
,18,103.949751,30.562698
,18,103.949909,30.562640
,18,103.949857,30.562504
,18,103.949700,30.562562
,18,103.949751,30.562698
,19,103.949748,30.562492
,19,103.949847,30.562458
,19,103.949544,30.561813
,19,103.949021,30.561998
,19,103.949011,30.561969
,19,103.948922,30.562001
,19,103.948932,30.562030
,19,103.948828,30.562067
,19,103.948857,30.562149
,19,103.949497,30.561923
,19,103.949748,30.562492
,20,103.947869,30.562432
,20,103.948730,30.562125
,20,103.948701,30.562044
,20,103.947844,30.562353
,20,103.947869,30.562432
,21,103.949220,30.561328
,21,103.949284,30.561306
,21,103.949295,30.561338
,21,103.949384,30.561308
,21,103.949088,30.560650
,21,103.948934,30.560704
,21,103.949220,30.561328
,22,103.945341,30.563076
,22,103.949160,30.561728
,22,103.949069,30.561546
,22,103.945250,30.562880
,22,103.945341,30.563076
,23,103.946973,30.562251
,23,103.947405,30.562093
,23,103.947384,30.562033
,23,103.947806,30.561886
,23,103.947829,30.561953
,23,103.948230,30.561813
,23,103.947938,30.561105
,23,103.947510,30.561253
,23,103.947528,30.561299
,23,103.947118,30.561462
,23,103.947092,30.561397
,23,103.946663,30.561568
,23,103.946973,30.562251
,24,103.944617,30.562221
,24,103.944788,30.562158
,24,103.944803,30.562201
,24,103.944996,30.562130
,24,103.944984,30.562097
,24,103.945465,30.561927
,24,103.945479,30.561968
,24,103.945771,30.561865
,24,103.945759,30.561835
,24,103.946147,30.561689
,24,103.946161,30.561730
,24,103.946388,30.561650
,24,103.946373,30.561611
,24,103.946521,30.561555
,24,103.946535,30.561593
,24,103.946753,30.561516
,24,103.946742,30.561485
,24,103.947818,30.561087
,24,103.947837,30.561140
,24,103.947938,30.561105
,24,103.948052,30.561065
,24,103.948030,30.561006
,24,103.948190,30.560947
,24,103.948213,30.561013
,24,103.948411,30.560943
,24,103.948361,30.560792
,24,103.948288,30.560817
,24,103.948292,30.560829
,24,103.947850,30.560978
,24,103.947843,30.560957
,24,103.947760,30.560987
,24,103.947768,30.561008
,24,103.947378,30.561147
,24,103.947364,30.561107
,24,103.947075,30.561211
,24,103.947089,30.561249
,24,103.946691,30.561392
,24,103.946687,30.561382
,24,103.945712,30.561733
,24,103.945700,30.561700
,24,103.945405,30.561806
,24,103.945414,30.561830
,24,103.944447,30.562177
,24,103.944441,30.562164
,24,103.944349,30.562202
,24,103.944408,30.562345
,24,103.944632,30.562261
,24,103.944617,30.562221
,25,103.946973,30.562251
,25,103.946663,30.561568
,25,103.946610,30.561592
,25,103.946827,30.562071
,25,103.946547,30.562174
,25,103.946318,30.561702
,25,103.946260,30.561722
,25,103.946553,30.562398
,25,103.946973,30.562251
,26,103.945179,30.562891
,26,103.945743,30.562685
,26,103.945723,30.562633
,26,103.946133,30.562483
,26,103.946155,30.562543
,26,103.946553,30.562398
,26,103.946260,30.561723
,26,103.945853,30.561850
,26,103.945878,30.561926
,26,103.945452,30.562073
,26,103.945413,30.562000
,26,103.944843,30.562215
,26,103.945179,30.562891
,27,103.948230,30.561813
,27,103.949074,30.561508
,27,103.948762,30.560819
,27,103.948329,30.560986
,27,103.948335,30.561003
,27,103.948281,30.561018
,27,103.948492,30.561485
,27,103.948218,30.561579
,27,103.948007,30.561120
,27,103.947952,30.561138
,27,103.948230,30.561813
