"FID_","ID","NAME","X","Y"
,1,"310",121.779830,31.151634
,2,"313",121.780578,31.149676
,3,"311",121.780088,31.150958
,4,"312",121.780330,31.150324
,5,"314",121.780834,31.149006
,6,"315",121.781209,31.148024
,7,"319",121.782174,31.145498
,8,"316",121.781455,31.147380
,9,"317",121.781687,31.146772
,10,"318",121.781926,31.146147
,11,"320",121.782504,31.144635
,12,"324",121.783473,31.142099
,13,"321",121.782768,31.143944
,14,"322",121.783005,31.143322
,15,"323",121.783244,31.142696
,16,"325",121.783821,31.141188
,17,"327",121.784329,31.139857
,18,"326",121.784077,31.140517
,19,"328",121.785122,31.137782
,20,"332",121.786093,31.135239
,21,"329",121.785377,31.137114
,22,"330",121.785619,31.136482
,23,"331",121.785855,31.135863
,24,"333",121.786426,31.134368
,25,"337",121.787425,31.131754
,26,"334",121.786689,31.133681
,27,"335",121.786925,31.133063
,28,"336",121.787168,31.132426
,29,"338",121.787724,31.130971
,30,"342",121.788723,31.128357
,31,"339",121.787992,31.130270
,32,"340",121.788230,31.129647
,33,"341",121.788461,31.129042
,34,"343",121.789092,31.127390
,35,"344",121.789338,31.126747
,36,"345",121.789590,31.126087
,37,"346",121.789823,31.125476
,38,"347",121.790076,31.124816
,39,"408",121.804129,31.125386
,40,"409",121.804351,31.124771
,41,"410",121.804658,31.124126
,42,"411",121.804829,31.123450
,43,"412",121.805061,31.122807
,44,"413",121.805289,31.122179
,45,"414",121.805519,31.121541
,46,"415",121.805756,31.120887
,47,"401A",121.804548,31.125617
,48,"401B",121.804701,31.125184
,49,"402A",121.804839,31.124793
,50,"402B",121.804957,31.124461
,51,"403",121.805081,31.124110
,52,"404",121.805202,31.123768
,53,"405",121.805383,31.123256
,54,"406",121.805605,31.122630
,55,"407",121.806071,31.121314
,56,"406",121.805839,31.121967
,57,"451",121.806373,31.125444
,58,"452",121.806545,31.124975
,59,"453",121.806721,31.124497
,60,"458",121.807349,31.122784
,61,"459",121.807569,31.122186
,62,"509",121.801089,31.134463
,63,"510",121.801310,31.133879
,64,"511",121.801527,31.133302
,65,"512",121.801744,31.132724
,66,"502",121.799093,31.139768
,67,"503",121.799326,31.139154
,68,"504",121.799553,31.138543
,69,"505",121.800000,31.137358
,70,"506",121.800213,31.136793
,71,"507",121.800427,31.136223
,72,"508",121.800646,31.135640
,73,"532",121.800828,31.140028
,74,"533",121.801068,31.139398
,75,"534",121.801357,31.138638
,76,"535",121.801598,31.138007
,77,"536",121.801841,31.137368
,78,"537",121.802086,31.136725
,79,"538",121.802333,31.136078
,80,"539",121.802579,31.135433
,81,"540",121.802822,31.134793
,82,"541",121.803070,31.134144
,83,"542",121.803314,31.133502
,84,"543",121.803562,31.132853
,85,"5",121.796048,31.157016
,86,"4",121.796230,31.156535
,87,"3",121.796407,31.156067
,88,"2",121.796595,31.155572
,89,"1",121.796784,31.155072
,90,"29",121.799469,31.147857
,91,"28",121.799654,31.147339
,92,"27",121.799835,31.146835
,93,"26",121.800014,31.146334
,94,"25",121.800189,31.145844
,95,"6",121.794309,31.156520
,96,"7",121.794556,31.155886
,97,"8",121.794805,31.155244
,98,"9",121.795056,31.154600
,99,"10",121.795323,31.153913
,100,"11",121.795570,31.153279
,101,"12",121.795819,31.152638
,102,"13",121.796073,31.151986
,103,"14",121.796339,31.151302
,104,"15",121.796584,31.150673
,105,"16",121.796837,31.150022
,106,"17",121.797089,31.149374
,107,"18",121.797352,31.148697
,108,"19",121.797601,31.148060
,109,"20",121.797850,31.147420
,110,"21",121.798100,31.146777
,111,"22",121.798364,31.146097
,112,"23",121.798625,31.145428
,113,"201",121.792917,31.154841
,114,"202",121.793033,31.154487
,115,"203",121.793148,31.154139
,116,"204",121.793316,31.153628
,117,"205",121.794284,31.151214
,118,"206",121.794539,31.150525
,119,"207",121.794747,31.149963
,120,"208",121.795246,31.148410
,121,"209",121.795491,31.147771
,122,"210",121.795730,31.147143
,123,"211",121.795951,31.146565
,124,"301",121.790117,31.162048
,125,"302",121.790346,31.161410
,126,"303",121.790587,31.160771
,127,"304",121.790825,31.160138
,128,"305",121.791065,31.159500
,129,"306",121.791315,31.158836
,130,"307",121.791561,31.158182
,131,"308",121.791778,31.157605
,132,"561",121.802369,31.140299
,133,"562",121.802809,31.140421
,134,"563",121.803324,31.140563
,135,"564",121.803952,31.140736
,136,"565",121.804477,31.140881
,137,"565",121.804914,31.141002
,138,"567",121.807164,31.141654
,139,"568",121.807603,31.141775
,140,"569",121.808119,31.141917
,141,"570",121.808727,31.142084
,142,"571",121.809358,31.142258
,143,"572",121.810953,31.142837
,144,"573",121.811471,31.142982
,145,"574",121.811904,31.143103
,146,"575",121.812435,31.143251
,147,"80",121.806351,31.150684
,148,"82",121.806549,31.150165
,149,"84",121.806738,31.149666
,150,"86",121.806937,31.149143
,151,"88",121.807127,31.148644
,152,"90",121.807318,31.148142
,153,"92",121.807561,31.147505
,154,"94",121.807722,31.147080
,155,"96",121.808070,31.146658
,156,"98",121.808711,31.146998
,157,"97",121.809158,31.147006
,158,"95",121.809695,31.147273
,159,"93",121.809353,31.147856
,160,"91",121.809158,31.148342
,161,"89",121.808862,31.149067
,162,"87",121.808582,31.149698
,163,"85",121.808454,31.150304
,164,"83",121.808202,31.150957
,165,"81",121.807965,31.151574
,166,"79",121.807754,31.152174
,167,"77",121.807526,31.152756
,168,"75",121.807087,31.153470
,169,"73",121.806880,31.154215
,170,"71",121.806564,31.155041
,171,"69",121.806289,31.155732
,172,"67",121.806069,31.156348
,173,"65",121.805913,31.156946
,174,"63",121.805563,31.157629
,175,"61",121.805340,31.158208
,176,"55",121.804897,31.160231
,177,"57",121.804875,31.159553
,178,"59",121.805075,31.158997
,179,"53",121.804389,31.160187
,180,"51",121.803851,31.160053
,181,"50",121.803305,31.159634
,182,"52",121.803231,31.159379
,183,"54",121.803219,31.158900
,184,"56",121.803472,31.158421
,185,"58",121.803663,31.157723
,186,"60",121.803854,31.157232
,187,"62",121.804073,31.156750
,188,"64",121.804250,31.156225
,189,"801",121.801732,31.161606
,190,"802",121.802347,31.161775
,191,"803",121.803122,31.161987
,192,"804",121.803670,31.162137
,193,"805",121.804269,31.162302
,194,"806",121.806862,31.160509
,195,"807",121.807119,31.159818
,196,"808",121.807316,31.159286
,197,"809",121.807580,31.158573
,198,"810",121.809703,31.152786
,199,"811",121.809965,31.152072
,200,"812",121.810156,31.151551
,201,"813",121.810343,31.151041
,202,"814",121.810665,31.150163
,203,"815",121.810856,31.149640
,204,"816",121.811113,31.148940
,205,"611",121.801889,31.172135
,206,"612",121.802129,31.171506
,207,"613",121.802414,31.170758
,208,"614",121.802701,31.170006
,209,"615",121.802988,31.169253
,210,"616",121.803319,31.168383
,211,"617",121.803598,31.167652
,212,"618",121.803890,31.166887
,213,"619",121.804151,31.166202
,214,"620",121.804384,31.165591
,215,"621",121.804966,31.164065
,216,"622",121.805201,31.163448
