"FID_","ID","NAME","X","Y"
,1,121.797284,31.142473
,1,121.797433,31.142511
,1,121.797471,31.142409
,1,121.797503,31.142416
,1,121.797565,31.142249
,1,121.797329,31.142185
,1,121.797269,31.142365
,1,121.797316,31.142376
,1,121.797284,31.142473
,2,121.797560,31.142545
,2,121.797641,31.142566
,2,121.797753,31.142265
,2,121.797666,31.142244
,2,121.797560,31.142545
,3,121.797733,31.142595
,3,121.797826,31.142620
,3,121.797891,31.142443
,3,121.797801,31.142421
,3,121.797733,31.142595
,4,121.776193,31.147966
,4,121.776238,31.147806
,4,121.776006,31.147737
,4,121.776069,31.147554
,4,121.776319,31.147628
,4,121.776380,31.147466
,4,121.775961,31.147339
,4,121.775770,31.147843
,4,121.776193,31.147966
,5,121.776528,31.147070
,5,121.776579,31.146917
,5,121.776354,31.146854
,5,121.776407,31.146663
,5,121.776667,31.146736
,5,121.776729,31.146586
,5,121.776296,31.146457
,5,121.776118,31.146940
,5,121.776528,31.147070
,6,121.775137,31.150870
,6,121.775544,31.150982
,6,121.775601,31.150825
,6,121.775185,31.150711
,6,121.775137,31.150870
,7,121.774371,31.152646
,7,121.774932,31.152805
,7,121.775211,31.152018
,7,121.774657,31.151855
,7,121.774371,31.152646
,8,121.807025,31.125722
,8,121.807867,31.125966
,8,121.808179,31.125119
,8,121.807419,31.124928
,8,121.807471,31.124790
,8,121.807386,31.124758
,8,121.807025,31.125722
,9,121.807916,31.126088
,9,121.807947,31.126097
,9,121.807935,31.126133
,9,121.808040,31.126167
,9,121.808452,31.125075
,9,121.808343,31.125044
,9,121.808335,31.125069
,9,121.808295,31.125062
,9,121.807916,31.126088
,10,121.808313,31.123112
,10,121.809299,31.123400
,10,121.809830,31.121955
,10,121.808823,31.121678
,10,121.808313,31.123112
,12,121.808664,31.121239
,12,121.809700,31.121552
,12,121.810228,31.120195
,12,121.809176,31.119895
,12,121.808664,31.121239
,13,121.809200,31.119889
,13,121.809985,31.120117
,13,121.810505,31.118736
,13,121.809707,31.118530
,13,121.809200,31.119889
,14,121.810684,31.120149
,14,121.811270,31.120323
,14,121.811728,31.119089
,14,121.811136,31.118927
,14,121.810684,31.120149
,15,121.812144,31.119990
,15,121.812460,31.120080
,15,121.812470,31.120047
,15,121.812549,31.120070
,15,121.812542,31.120097
,15,121.812651,31.120129
,15,121.812668,31.120072
,15,121.812750,31.120085
,15,121.812842,31.119850
,15,121.812548,31.119777
,15,121.812501,31.119910
,15,121.812392,31.119886
,15,121.812359,31.119969
,15,121.812169,31.119921
,15,121.812144,31.119990
,16,121.811832,31.119859
,16,121.812144,31.119950
,16,121.812160,31.119890
,16,121.811850,31.119804
,16,121.811832,31.119859
,17,121.812037,31.119517
,17,121.812449,31.119639
,17,121.812549,31.119413
,17,121.812132,31.119294
,17,121.812037,31.119517
,18,121.812583,31.119757
,18,121.812660,31.119781
,18,121.812759,31.119490
,18,121.812676,31.119472
,18,121.812583,31.119757
,19,121.812779,31.119809
,19,121.812857,31.119833
,19,121.812956,31.119542
,19,121.812872,31.119524
,19,121.812779,31.119809
,20,121.812686,31.119784
,20,121.812764,31.119808
,20,121.812863,31.119517
,20,121.812780,31.119499
,20,121.812686,31.119784
,21,121.812688,31.119434
,21,121.812981,31.119510
,21,121.813002,31.119453
,21,121.812703,31.119381
,21,121.812688,31.119434
,22,121.810084,31.121697
,22,121.810205,31.121736
,22,121.810323,31.121426
,22,121.810202,31.121395
,22,121.810084,31.121697
,23,121.810567,31.121306
,23,121.810937,31.121401
,23,121.810982,31.121258
,23,121.811039,31.121270
,23,121.811204,31.120845
,23,121.811150,31.120824
,23,121.811211,31.120668
,23,121.810547,31.120486
,23,121.810419,31.120844
,23,121.810589,31.120897
,23,121.810650,31.120749
,23,121.810859,31.120803
,23,121.810849,31.120831
,23,121.810870,31.120839
,23,121.810763,31.121121
,23,121.810637,31.121099
,23,121.810567,31.121306
,24,121.811616,31.120481
,24,121.812133,31.120610
,24,121.812151,31.120534
,24,121.811633,31.120409
,24,121.811616,31.120481
,25,121.811462,31.120935
,25,121.811573,31.120974
,25,121.811649,31.120781
,25,121.811534,31.120748
,25,121.811462,31.120935
,26,121.811511,31.121247
,26,121.811645,31.121289
,26,121.811798,31.120857
,26,121.811665,31.120823
,26,121.811511,31.121247
,27,121.811898,31.121011
,27,121.812342,31.121135
,27,121.812395,31.121002
,27,121.811947,31.120880
,27,121.811898,31.121011
,28,121.811649,31.121486
,28,121.812143,31.121618
,28,121.812300,31.121214
,28,121.811790,31.121092
,28,121.811649,31.121486
,29,121.811075,31.121917
,29,121.811308,31.121983
,29,121.811290,31.122046
,29,121.811685,31.122157
,29,121.811701,31.122104
,29,121.811752,31.122074
,29,121.811777,31.122019
,29,121.811770,31.121962
,29,121.811766,31.121924
,29,121.811784,31.121879
,29,121.811335,31.121761
,29,121.811442,31.121484
,29,121.811286,31.121441
,29,121.811181,31.121724
,29,121.811316,31.121759
,29,121.811291,31.121826
,29,121.811127,31.121779
,29,121.811075,31.121917
,30,121.810699,31.123317
,30,121.811343,31.123499
,30,121.811412,31.123309
,30,121.810756,31.123134
,30,121.810699,31.123317
,31,121.810821,31.122997
,31,121.811208,31.123103
,31,121.811273,31.122942
,31,121.810877,31.122836
,31,121.810821,31.122997
,32,121.810992,31.122533
,32,121.811375,31.122640
,32,121.811405,31.122540
,32,121.811023,31.122427
,32,121.810992,31.122533
,33,121.811372,31.122999
,33,121.811526,31.123042
,33,121.811596,31.122831
,33,121.811444,31.122781
,33,121.811372,31.122999
,34,121.807192,31.127010
,34,121.807475,31.127077
,34,121.807558,31.126840
,34,121.807268,31.126769
,34,121.807192,31.127010
,35,121.807189,31.126380
,35,121.807789,31.126538
,35,121.807810,31.126465
,35,121.807210,31.126310
,35,121.807189,31.126380
,36,121.810227,31.125117
,36,121.810338,31.125152
,36,121.810442,31.124861
,36,121.810752,31.124948
,36,121.810788,31.124857
,36,121.810363,31.124745
,36,121.810227,31.125117
,37,121.810284,31.124348
,37,121.810514,31.124413
,37,121.810534,31.124347
,37,121.810304,31.124285
,37,121.810284,31.124348
,38,121.810457,31.124521
,38,121.810750,31.124603
,38,121.810769,31.124534
,38,121.810478,31.124455
,38,121.810457,31.124521
,39,121.810253,31.124504
,39,121.810421,31.124548
,39,121.810437,31.124487
,39,121.810273,31.124447
,39,121.810253,31.124504
,40,121.810592,31.124338
,40,121.810887,31.124420
,40,121.810904,31.124356
,40,121.810609,31.124276
,40,121.810592,31.124338
,41,121.810559,31.124434
,41,121.810854,31.124515
,41,121.810872,31.124452
,41,121.810577,31.124371
,41,121.810559,31.124434
,42,121.811046,31.124475
,42,121.811111,31.124491
,42,121.811160,31.124347
,42,121.811096,31.124326
,42,121.811046,31.124475
,44,121.811100,31.124177
,44,121.811194,31.124204
,44,121.811260,31.124002
,44,121.811171,31.123978
,44,121.811100,31.124177
,45,121.785778,31.130345
,45,121.786759,31.130619
,45,121.787622,31.128357
,45,121.786619,31.128087
,45,121.785778,31.130345
,46,121.786674,31.127960
,46,121.787627,31.128227
,46,121.787727,31.127944
,46,121.786768,31.127681
,46,121.786674,31.127960
,47,121.782397,31.133258
,47,121.783734,31.133627
,47,121.783998,31.132932
,47,121.782646,31.132558
,47,121.782397,31.133258
,48,121.799677,31.172114
,48,121.800724,31.172413
,48,121.801192,31.171178
,48,121.800136,31.170876
,48,121.799677,31.172114
,49,121.798884,31.172151
,49,121.799504,31.172321
,49,121.799556,31.172197
,49,121.798931,31.172021
,49,121.798884,31.172151
,50,121.802856,31.175181
,50,121.802980,31.174850
,50,121.802818,31.174810
,50,121.802742,31.175014
,50,121.802514,31.174951
,50,121.802585,31.174759
,50,121.802440,31.174720
,50,121.802338,31.175037
,50,121.802856,31.175181
,51,121.802471,31.174577
,51,121.802559,31.174603
,51,121.802603,31.174476
,51,121.802517,31.174456
,51,121.802471,31.174577
,52,121.802032,31.174169
,52,121.802855,31.174401
,52,121.802916,31.174244
,52,121.802091,31.174008
,52,121.802032,31.174169
,53,121.802715,31.174021
,53,121.802962,31.174096
,53,121.803147,31.173626
,53,121.802889,31.173562
,53,121.802715,31.174021
,54,121.801382,31.173809
,54,121.801658,31.173891
,54,121.801748,31.173640
,54,121.801471,31.173564
,54,121.801382,31.173809
,55,121.802026,31.173478
,55,121.802390,31.173581
,55,121.802477,31.173346
,55,121.802109,31.173240
,55,121.802026,31.173478
,56,121.800232,31.170722
,56,121.801289,31.171030
,56,121.801985,31.169167
,56,121.800935,31.168859
,56,121.800232,31.170722
,57,121.800955,31.168854
,57,121.801991,31.169153
,57,121.802055,31.168979
,57,121.801005,31.168691
,57,121.800955,31.168854
,58,121.801000,31.168653
,58,121.802068,31.168960
,58,121.802226,31.168538
,58,121.801156,31.168236
,58,121.801000,31.168653
,59,121.777696,31.145596
,59,121.778663,31.145862
,59,121.778640,31.145942
,59,121.779028,31.146050
,59,121.779049,31.145975
,59,121.779917,31.146219
,59,121.780272,31.145294
,59,121.777338,31.144491
,59,121.777121,31.145280
,59,121.777748,31.145452
,59,121.777696,31.145596
,60,121.776584,31.147948
,60,121.778550,31.148509
,60,121.778998,31.147294
,60,121.777026,31.146737
,60,121.776584,31.147948
,61,121.801294,31.168054
,61,121.801395,31.168077
,61,121.801400,31.168054
,61,121.802308,31.168298
,61,121.802459,31.167888
,61,121.801478,31.167623
,61,121.801355,31.168017
,61,121.801306,31.168008
,61,121.801294,31.168054
,62,121.801982,31.166199
,62,121.802082,31.166222
,62,121.802088,31.166199
,62,121.802996,31.166443
,62,121.803147,31.166033
,62,121.802166,31.165768
,62,121.802044,31.166162
,62,121.801994,31.166153
,62,121.801982,31.166199
,63,121.801538,31.167510
,63,121.802499,31.167777
,63,121.802647,31.167365
,63,121.801751,31.167118
,63,121.801760,31.167085
,63,121.801654,31.167056
,63,121.801641,31.167106
,63,121.801676,31.167115
,63,121.801538,31.167510
,64,121.802238,31.165670
,64,121.803199,31.165937
,64,121.803348,31.165525
,64,121.802452,31.165277
,64,121.802461,31.165245
,64,121.802354,31.165216
,64,121.802342,31.165266
,64,121.802377,31.165275
,64,121.802238,31.165670
,65,121.801766,31.166911
,65,121.802706,31.167175
,65,121.802903,31.166657
,65,121.801951,31.166405
,65,121.801766,31.166911
,66,121.801427,31.166777
,66,121.801594,31.166820
,66,121.801776,31.166309
,66,121.801602,31.166264
,66,121.801427,31.166777
,67,121.804254,31.163585
,67,121.804329,31.163347
,67,121.804080,31.163283
,67,121.804029,31.163195
,67,121.804093,31.162995
,67,121.803994,31.162968
,67,121.803819,31.163462
,67,121.804254,31.163585
