"FID_","ID","NAME","X","Y"
,1,121.794531,31.129562
,1,121.793605,31.132082
,1,121.793346,31.132554
,1,121.793040,31.133299
,1,121.792429,31.134964
,1,121.792276,31.135674
,1,121.791837,31.136819
,1,121.791234,31.138407
,1,121.789513,31.142953
,1,121.788909,31.144567
,1,121.788473,31.145714
,1,121.788168,31.146281
,1,121.788115,31.146375
,1,121.787481,31.148045
,1,121.787445,31.148324
,1,121.787400,31.148533
,1,121.787289,31.148845
,1,121.787189,31.149125
,1,121.786905,31.149644
,1,121.786827,31.149788
,1,121.786160,31.151675
,1,121.786112,31.151880
,1,121.786060,31.152103
,1,121.786026,31.152191
,1,121.785295,31.154150
,1,121.784967,31.154743
,1,121.784936,31.154774
,1,121.784916,31.154782
,1,121.784886,31.154783
,1,121.785799,31.155036
,1,121.785760,31.155008
,1,121.785747,31.154971
,1,121.785762,31.154908
,1,121.785884,31.154325
,1,121.786723,31.152092
,1,121.787075,31.151431
,1,121.787381,31.150625
,1,121.787537,31.149960
,1,121.788104,31.148459
,1,121.788447,31.147837
,1,121.788734,31.147063
,1,121.788882,31.146401
,1,121.789141,31.145699
,1,121.792411,31.137073
,1,121.792751,31.136423
,1,121.792764,31.136400
,1,121.793057,31.135637
,1,121.793061,31.135607
,1,121.793213,31.134922
,1,121.793500,31.134173
,1,121.793842,31.133557
,1,121.793853,31.133536
,1,121.794137,31.132766
,1,121.794287,31.132084
,1,121.795329,31.129323
,1,121.796013,31.127510
,1,121.796377,31.126831
,1,121.796396,31.126796
,1,121.796425,31.126778
,1,121.796477,31.126778
,1,121.795539,31.126521
,1,121.795570,31.126535
,1,121.795591,31.126563
,1,121.795596,31.126591
,1,121.795442,31.127291
,1,121.795213,31.127878
,1,121.794874,31.128785
,1,121.794737,31.129138
,1,121.794608,31.129433
,1,121.794531,31.129562
,2,121.798611,31.126697
,2,121.794727,31.125615
,2,121.794425,31.126413
,2,121.794522,31.126440
,2,121.794555,31.126381
,2,121.794608,31.126339
,2,121.794675,31.126310
,2,121.794749,31.126304
,2,121.794848,31.126321
,2,121.795539,31.126521
,2,121.796477,31.126778
,2,121.798000,31.127189
,2,121.798089,31.127239
,2,121.798138,31.127292
,2,121.798156,31.127354
,2,121.798156,31.127393
,2,121.798142,31.127448
,2,121.798308,31.127501
,2,121.798611,31.126697
,3,121.793126,31.131768
,3,121.793529,31.131424
,3,121.793589,31.131410
,3,121.793632,31.131416
,3,121.793672,31.131436
,3,121.793708,31.131466
,3,121.793724,31.131509
,3,121.793727,31.131546
,3,121.793605,31.132082
,3,121.794531,31.129562
,3,121.794380,31.129782
,3,121.794246,31.129956
,3,121.794120,31.130104
,3,121.793747,31.130429
,3,121.793143,31.130937
,3,121.792798,31.131226
,3,121.792551,31.131434
,3,121.792529,31.131428
,3,121.791739,31.133515
,3,121.791834,31.133539
,3,121.791928,31.133310
,3,121.792132,31.132926
,3,121.792454,31.132433
,3,121.792702,31.132154
,3,121.792989,31.131885
,3,121.793126,31.131768
,4,121.793346,31.132554
,4,121.793316,31.132577
,4,121.793291,31.132585
,4,121.793256,31.132584
,4,121.793186,31.132565
,4,121.792475,31.132456
,4,121.792459,31.132453
,4,121.792453,31.132446
,4,121.792454,31.132433
,4,121.792132,31.132926
,4,121.793024,31.133268
,4,121.793040,31.133283
,4,121.793040,31.133299
,4,121.793346,31.132554
,5,121.795870,31.133966
,5,121.796066,31.133446
,5,121.794883,31.133124
,5,121.794181,31.132840
,5,121.794156,31.132820
,5,121.794140,31.132792
,5,121.794137,31.132766
,5,121.793853,31.133536
,5,121.793874,31.133523
,5,121.793919,31.133513
,5,121.793973,31.133527
,5,121.794693,31.133641
,5,121.795870,31.133966
,6,121.792197,31.134888
,6,121.792259,31.134854
,6,121.792312,31.134849
,6,121.792361,31.134859
,6,121.792395,31.134885
,6,121.792419,31.134919
,6,121.792429,31.134964
,6,121.793040,31.133299
,6,121.792615,31.133734
,6,121.791257,31.134864
,6,121.791242,31.134866
,6,121.791232,31.134858
,6,121.790441,31.136950
,6,121.790543,31.136981
,6,121.790757,31.136513
,6,121.790958,31.136163
,6,121.791127,31.135925
,6,121.791389,31.135608
,6,121.791656,31.135340
,6,121.792197,31.134888
,7,121.794791,31.136826
,7,121.794986,31.136310
,7,121.793834,31.135987
,7,121.793105,31.135697
,7,121.793084,31.135688
,7,121.793066,31.135667
,7,121.793057,31.135637
,7,121.792764,31.136400
,7,121.792793,31.136376
,7,121.792840,31.136370
,7,121.793598,31.136494
,7,121.794791,31.136826
,8,121.790315,31.138684
,8,121.790882,31.138214
,8,121.790960,31.138187
,8,121.791039,31.138187
,8,121.791110,31.138205
,8,121.791174,31.138247
,8,121.791219,31.138306
,8,121.791236,31.138362
,8,121.791234,31.138407
,8,121.791837,31.136819
,8,121.791677,31.136997
,8,121.791520,31.137142
,8,121.790534,31.137953
,8,121.789918,31.138474
,8,121.789896,31.138480
,8,121.789879,31.138476
,8,121.789869,31.138461
,8,121.789206,31.140215
,8,121.789509,31.139630
,8,121.789933,31.139070
,8,121.790315,31.138684
,9,121.788909,31.144567
,9,121.789513,31.142953
,9,121.789470,31.143007
,9,121.789392,31.143053
,9,121.789320,31.143066
,9,121.789217,31.143043
,9,121.789131,31.142994
,9,121.789080,31.142906
,9,121.788954,31.142251
,9,121.788918,31.141923
,9,121.788923,31.141472
,9,121.788951,31.141180
,9,121.789026,31.140794
,9,121.789067,31.140583
,9,121.788446,31.142224
,9,121.788463,31.142222
,9,121.788479,31.142228
,9,121.788482,31.142242
,9,121.788619,31.142890
,9,121.788732,31.143424
,9,121.788840,31.143933
,9,121.788897,31.144251
,9,121.788910,31.144460
,9,121.788909,31.144567
,10,121.787481,31.148045
,10,121.788115,31.146375
,10,121.788051,31.146406
,10,121.787973,31.146400
,10,121.787927,31.146375
,10,121.787891,31.146325
,10,121.787852,31.146134
,10,121.787760,31.145681
,10,121.787726,31.145365
,10,121.787716,31.145010
,10,121.787727,31.144757
,10,121.787767,31.144487
,10,121.787821,31.144272
,10,121.787878,31.144048
,10,121.787968,31.143772
,10,121.787873,31.143741
,10,121.787085,31.145825
,10,121.787113,31.145827
,10,121.787311,31.146767
,10,121.787272,31.146779
,10,121.787090,31.146752
,10,121.786769,31.146660
,10,121.786573,31.147178
,10,121.786676,31.147208
,10,121.786891,31.147260
,10,121.787452,31.147496
,10,121.787473,31.147695
,10,121.787478,31.147906
,10,121.787481,31.148045
,11,121.787497,31.156165
,11,121.787795,31.155375
,11,121.787626,31.155333
,11,121.787579,31.155400
,11,121.787518,31.155441
,11,121.787449,31.155459
,11,121.787362,31.155461
,11,121.785799,31.155036
,11,121.784886,31.154783
,11,121.784080,31.154549
,11,121.784015,31.154488
,11,121.783984,31.154424
,11,121.783973,31.154363
,11,121.783989,31.154307
,11,121.783888,31.154278
,11,121.783588,31.155070
,11,121.787497,31.156165
,12,121.789123,31.151855
,12,121.789319,31.151335
,12,121.788138,31.151010
,12,121.787405,31.150714
,12,121.787380,31.150676
,12,121.787381,31.150625
,12,121.787075,31.151431
,12,121.787102,31.151405
,12,121.787137,31.151391
,12,121.787186,31.151389
,12,121.787914,31.151505
,12,121.789123,31.151855
,13,121.786160,31.151675
,13,121.786827,31.149788
,13,121.786763,31.149827
,13,121.786714,31.149829
,13,121.786671,31.149822
,13,121.786632,31.149797
,13,121.786604,31.149763
,13,121.786581,31.149670
,13,121.786484,31.149185
,13,121.786456,31.149043
,13,121.786440,31.148901
,13,121.786429,31.148649
,13,121.786422,31.148473
,13,121.786440,31.148207
,13,121.786478,31.147917
,13,121.786497,31.147770
,13,121.786615,31.147354
,13,121.786676,31.147208
,13,121.786573,31.147178
,13,121.785784,31.149262
,13,121.785808,31.149265
,13,121.785975,31.150038
,13,121.786097,31.150658
,13,121.786172,31.151038
,13,121.786178,31.151308
,13,121.786160,31.151675
,14,121.790474,31.148271
,14,121.790669,31.147755
,14,121.789524,31.147433
,14,121.788779,31.147136
,14,121.788752,31.147119
,14,121.788737,31.147092
,14,121.788734,31.147063
,14,121.788447,31.147837
,14,121.788450,31.147830
,14,121.788511,31.147809
,14,121.789340,31.147941
,14,121.790474,31.148271
,15,121.791969,31.127455
,15,121.792000,31.127438
,15,121.792062,31.127440
,15,121.792814,31.127649
,15,121.792873,31.127697
,15,121.792912,31.127749
,15,121.792926,31.127804
,15,121.792921,31.127902
,15,121.793023,31.127923
,15,121.793422,31.126866
,15,121.793320,31.126837
,15,121.793293,31.126890
,15,121.793259,31.126922
,15,121.793221,31.126944
,15,121.793169,31.126974
,15,121.793116,31.126977
,15,121.793071,31.126980
,15,121.792292,31.126768
,15,121.792267,31.126744
,15,121.792252,31.126713
,15,121.792250,31.126681
,15,121.792363,31.126197
,15,121.791567,31.128183
,15,121.791943,31.127486
,15,121.791969,31.127455
,16,121.791074,31.132661
,16,121.791128,31.132080
,16,121.790377,31.131783
,16,121.790360,31.131760
,16,121.790353,31.131731
,16,121.790093,31.132474
,16,121.790105,31.132462
,16,121.790132,31.132461
,16,121.790338,31.132497
,16,121.790921,31.132591
,16,121.791066,31.132624
,16,121.791075,31.132636
,16,121.791074,31.132661
,17,121.790093,31.132474
,17,121.789445,31.134126
,17,121.789485,31.134093
,17,121.789532,31.134079
,17,121.789573,31.134078
,17,121.789623,31.134093
,17,121.789657,31.134119
,17,121.789678,31.134153
,17,121.789738,31.134476
,17,121.789804,31.134834
,17,121.789836,31.135171
,17,121.789841,31.135479
,17,121.789809,31.135880
,17,121.789760,31.136152
,17,121.789725,31.136303
,17,121.789649,31.136574
,17,121.789597,31.136712
,17,121.789694,31.136735
,17,121.790487,31.134637
,17,121.790476,31.134642
,17,121.790461,31.134643
,17,121.790448,31.134633
,17,121.790140,31.133111
,17,121.790120,31.132960
,17,121.790100,31.132806
,17,121.790087,31.132524
,17,121.790093,31.132474
,18,121.788653,31.135936
,18,121.788050,31.137500
,18,121.788100,31.137452
,18,121.788186,31.137417
,18,121.788258,31.137412
,18,121.788328,31.137421
,18,121.788399,31.137452
,18,121.788461,31.137517
,18,121.788613,31.138290
,18,121.788661,31.138766
,18,121.788637,31.139141
,18,121.788585,31.139515
,18,121.788510,31.139870
,18,121.789121,31.138252
,18,121.789101,31.138255
,18,121.789084,31.138250
,18,121.789076,31.138232
,18,121.788952,31.137616
,18,121.788829,31.137027
,18,121.788699,31.136404
,18,121.788657,31.136150
,18,121.788653,31.135936
,19,121.786329,31.142052
,19,121.785718,31.143662
,19,121.785818,31.143554
,19,121.785992,31.143380
,19,121.786809,31.142698
,19,121.787648,31.141998
,19,121.787685,31.142001
,19,121.787698,31.142018
,19,121.788310,31.140397
,19,121.788207,31.140584
,19,121.788058,31.140856
,19,121.787908,31.141063
,19,121.787752,31.141278
,19,121.787546,31.141509
,19,121.787317,31.141732
,19,121.787071,31.141946
,19,121.786724,31.142229
,19,121.786662,31.142269
,19,121.786610,31.142286
,19,121.786556,31.142290
,19,121.786497,31.142284
,19,121.786440,31.142265
,19,121.786393,31.142231
,19,121.786361,31.142191
,19,121.786336,31.142145
,19,121.786323,31.142098
,19,121.786329,31.142052
,20,121.785831,31.146960
,20,121.785720,31.146935
,20,121.785607,31.147212
,20,121.785415,31.147589
,20,121.785207,31.147903
,20,121.784998,31.148163
,20,121.784882,31.148307
,20,121.784690,31.148508
,20,121.784345,31.148800
,20,121.784064,31.149036
,20,121.784036,31.149060
,20,121.784000,31.149069
,20,121.783956,31.149071
,20,121.783915,31.149058
,20,121.783879,31.149032
,20,121.783857,31.149002
,20,121.783849,31.148980
,20,121.783849,31.148937
,20,121.783113,31.150785
,20,121.783276,31.150566
,20,121.783455,31.150355
,20,121.783717,31.150113
,20,121.784379,31.149569
,20,121.785001,31.149047
,20,121.785016,31.149042
,20,121.785030,31.149044
,20,121.785040,31.149054
,20,121.785831,31.146960
,21,121.784748,31.146931
,21,121.784904,31.146784
,21,121.785512,31.146877
,21,121.785720,31.146935
,21,121.785831,31.146960
,21,121.786021,31.146456
,21,121.785705,31.146361
,21,121.785497,31.146269
,21,121.786309,31.145602
,21,121.786340,31.145614
,21,121.787125,31.143535
,21,121.787016,31.143504
,21,121.786824,31.143934
,21,121.786712,31.144130
,21,121.786552,31.144381
,21,121.786415,31.144574
,21,121.786276,31.144747
,21,121.786173,31.144874
,21,121.786007,31.145039
,21,121.785849,31.145195
,21,121.785632,31.145370
,21,121.785578,31.145414
,21,121.785344,31.145618
,21,121.785312,31.145631
,21,121.785276,31.145636
,21,121.785239,31.145634
,21,121.785212,31.145627
,21,121.785188,31.145613
,21,121.785166,31.145593
,21,121.785147,31.145558
,21,121.785139,31.145517
,21,121.784639,31.147066
,21,121.784748,31.146931
,22,121.782844,31.154868
,22,121.783143,31.154077
,22,121.783046,31.154055
,22,121.783016,31.154108
,22,121.782953,31.154162
,22,121.782867,31.154189
,22,121.782795,31.154193
,22,121.782046,31.153990
,22,121.782011,31.153981
,22,121.781112,31.153700
,22,121.781064,31.153691
,22,121.781031,31.153675
,22,121.781013,31.153648
,22,121.781007,31.153614
,22,121.781107,31.153158
,22,121.781809,31.151217
,22,121.781815,31.151191
,22,121.782132,31.150323
,22,121.782969,31.148147
,22,121.783317,31.147202
,22,121.784146,31.145009
,22,121.784737,31.143450
,22,121.785552,31.141249
,22,121.786876,31.137777
,22,121.787690,31.135621
,22,121.788723,31.132891
,22,121.789512,31.130837
,22,121.790286,31.128744
,22,121.790634,31.127822
,22,121.791388,31.125941
,22,121.791616,31.125508
,22,121.791639,31.125489
,22,121.791670,31.125479
,22,121.791711,31.125479
,22,121.791744,31.125488
,22,121.792675,31.125726
,22,121.793441,31.125936
,22,121.793503,31.125972
,22,121.793542,31.126010
,22,121.793568,31.126056
,22,121.793580,31.126119
,22,121.793575,31.126186
,22,121.793671,31.126207
,22,121.793976,31.125400
,22,121.791188,31.124622
,22,121.791139,31.124751
,22,121.780631,31.152566
,22,121.780293,31.153462
,22,121.780057,31.154091
,22,121.782844,31.154868
,23,121.782608,31.152201
,23,121.782310,31.152977
,23,121.782345,31.152945
,23,121.782392,31.152936
,23,121.783190,31.153153
,23,121.783254,31.153212
,23,121.783281,31.153273
,23,121.783287,31.153336
,23,121.783292,31.153395
,23,121.783393,31.153414
,23,121.783794,31.152353
,23,121.783691,31.152327
,23,121.783635,31.152406
,23,121.783575,31.152447
,23,121.783494,31.152466
,23,121.783430,31.152467
,23,121.782652,31.152258
,23,121.782620,31.152231
,23,121.782608,31.152201
,24,121.782517,31.150415
,24,121.783337,31.148254
,24,121.783006,31.148857
,24,121.782979,31.148888
,24,121.782951,31.148902
,24,121.782915,31.148905
,24,121.782878,31.148900
,24,121.782845,31.148882
,24,121.782828,31.148864
,24,121.782818,31.148843
,24,121.782816,31.148812
,24,121.782969,31.148147
,24,121.782132,31.150323
,24,121.782479,31.149695
,24,121.782500,31.149649
,24,121.782540,31.149635
,24,121.782578,31.149634
,24,121.782621,31.149643
,24,121.782658,31.149663
,24,121.782678,31.149688
,24,121.782678,31.149728
,24,121.782517,31.150415
,25,121.785095,31.143579
,25,121.785917,31.141390
,25,121.785589,31.142000
,25,121.785564,31.142025
,25,121.785537,31.142037
,25,121.785506,31.142039
,25,121.785473,31.142035
,25,121.785444,31.142022
,25,121.785423,31.142006
,25,121.785411,31.141988
,25,121.785404,31.141962
,25,121.785552,31.141249
,25,121.784737,31.143450
,25,121.784739,31.143445
,25,121.785089,31.142797
,25,121.785106,31.142779
,25,121.785130,31.142767
,25,121.785160,31.142766
,25,121.785196,31.142772
,25,121.785224,31.142786
,25,121.785249,31.142805
,25,121.785264,31.142832
,25,121.785267,31.142869
,25,121.785109,31.143542
,25,121.785095,31.143579
,26,121.783708,31.147281
,26,121.784521,31.145135
,26,121.784180,31.145745
,26,121.784156,31.145773
,26,121.784126,31.145790
,26,121.784102,31.145793
,26,121.784068,31.145789
,26,121.784035,31.145775
,26,121.784011,31.145755
,26,121.783998,31.145738
,26,121.783995,31.145711
,26,121.784146,31.145009
,26,121.783317,31.147202
,26,121.783673,31.146554
,26,121.783697,31.146528
,26,121.783729,31.146520
,26,121.783767,31.146521
,26,121.783798,31.146529
,26,121.783828,31.146542
,26,121.783841,31.146559
,26,121.783850,31.146587
,26,121.783852,31.146612
,26,121.783708,31.147281
,27,121.781422,31.153234
,27,121.782156,31.151354
,27,121.781834,31.151957
,27,121.781796,31.151973
,27,121.781766,31.151976
,27,121.781733,31.151971
,27,121.781701,31.151960
,27,121.781678,31.151943
,27,121.781658,31.151919
,27,121.781654,31.151892
,27,121.781809,31.151217
,27,121.781107,31.153158
,27,121.781333,31.152743
,27,121.781346,31.152719
,27,121.781385,31.152702
,27,121.781435,31.152707
,27,121.781484,31.152723
,27,121.781519,31.152752
,27,121.781525,31.152792
,27,121.781422,31.153234
,28,121.788066,31.135739
,28,121.787723,31.136346
,28,121.787699,31.136370
,28,121.787665,31.136379
,28,121.787625,31.136377
,28,121.787589,31.136367
,28,121.787566,31.136350
,28,121.787547,31.136324
,28,121.787544,31.136305
,28,121.787543,31.136275
,28,121.787690,31.135621
,28,121.786876,31.137777
,28,121.787219,31.137134
,28,121.787256,31.137112
,28,121.787297,31.137105
,28,121.787343,31.137114
,28,121.787373,31.137131
,28,121.787399,31.137160
,28,121.787400,31.137202
,28,121.787236,31.137920
,28,121.788066,31.135739
,29,121.789866,31.130921
,29,121.789581,31.131448
,29,121.789548,31.131485
,29,121.789506,31.131494
,29,121.789466,31.131491
,29,121.789420,31.131471
,29,121.789395,31.131441
,29,121.789391,31.131414
,29,121.789391,31.131374
,29,121.789512,31.130837
,29,121.788723,31.132891
,29,121.789075,31.132246
,29,121.789121,31.132216
,29,121.789174,31.132214
,29,121.789228,31.132241
,29,121.789253,31.132291
,29,121.789101,31.132997
,29,121.789866,31.130921
,30,121.790658,31.128858
,30,121.790322,31.129464
,30,121.790307,31.129492
,30,121.790282,31.129507
,30,121.790252,31.129515
,30,121.790214,31.129516
,30,121.790179,31.129505
,30,121.790156,31.129490
,30,121.790141,31.129470
,30,121.790128,31.129453
,30,121.790133,31.129427
,30,121.790286,31.128744
,30,121.789512,31.130837
,30,121.789814,31.130274
,30,121.789852,31.130253
,30,121.789895,31.130247
,30,121.789947,31.130263
,30,121.789984,31.130294
,30,121.789992,31.130337
,30,121.789866,31.130921
,30,121.790658,31.128858
,31,121.791493,31.128408
,31,121.790466,31.131191
,31,121.790727,31.130694
,31,121.790769,31.130665
,31,121.790814,31.130647
,31,121.790866,31.130643
,31,121.790916,31.130659
,31,121.790960,31.130702
,31,121.790970,31.130733
,31,121.791105,31.131424
,31,121.791135,31.131842
,31,121.791128,31.132080
,31,121.791074,31.132661
,31,121.791005,31.132921
,31,121.790939,31.133141
,31,121.790891,31.133272
,31,121.790992,31.133300
,31,121.791780,31.131213
,31,121.791743,31.131211
,31,121.791427,31.129650
,31,121.791400,31.129517
,31,121.791384,31.129321
,31,121.791371,31.129160
,31,121.791387,31.128957
,31,121.791425,31.128700
,31,121.791482,31.128443
,31,121.791493,31.128408
,32,121.791694,31.126032
,32,121.791476,31.126437
,32,121.791453,31.126462
,32,121.791424,31.126474
,32,121.791397,31.126478
,32,121.791364,31.126477
,32,121.791331,31.126465
,32,121.791311,31.126445
,32,121.791298,31.126421
,32,121.791299,31.126381
,32,121.791388,31.125941
,32,121.790634,31.127822
,32,121.790976,31.127234
,32,121.791003,31.127213
,32,121.791044,31.127203
,32,121.791083,31.127207
,32,121.791127,31.127229
,32,121.791153,31.127257
,32,121.791150,31.127296
,32,121.790994,31.127958
,32,121.791694,31.126032
,33,121.792675,31.125726
,33,121.791744,31.125488
,33,121.791770,31.125506
,33,121.791793,31.125533
,33,121.791802,31.125561
,33,121.791694,31.126032
,33,121.790994,31.127958
,33,121.790658,31.128858
,33,121.789866,31.130921
,33,121.789101,31.132997
,33,121.788066,31.135739
,33,121.787236,31.137920
,33,121.785917,31.141390
,33,121.785095,31.143579
,33,121.784521,31.145135
,33,121.783708,31.147281
,33,121.783337,31.148254
,33,121.782517,31.150415
,33,121.782302,31.150989
,33,121.782183,31.151304
,33,121.782156,31.151354
,33,121.781422,31.153234
,33,121.781197,31.153661
,33,121.781160,31.153691
,33,121.781112,31.153700
,33,121.782011,31.153981
,33,121.781978,31.153953
,33,121.781969,31.153915
,33,121.782075,31.153415
,33,121.782310,31.152977
,33,121.782608,31.152201
,33,121.782620,31.152141
,33,121.782740,31.151555
,33,121.782874,31.151210
,33,121.782997,31.150970
,33,121.783113,31.150785
,33,121.783849,31.148937
,33,121.783996,31.148240
,33,121.784190,31.147767
,33,121.784342,31.147475
,33,121.784487,31.147251
,33,121.784639,31.147066
,33,121.785139,31.145517
,33,121.785297,31.144813
,33,121.785718,31.143662
,33,121.786329,31.142052
,33,121.788050,31.137500
,33,121.788653,31.135936
,33,121.789079,31.134784
,33,121.789445,31.134126
,33,121.790093,31.132474
,33,121.790353,31.131731
,33,121.790357,31.131693
,33,121.790466,31.131191
,33,121.791493,31.128408
,33,121.791567,31.128183
,33,121.792363,31.126197
,33,121.792600,31.125753
,33,121.792635,31.125729
,33,121.792675,31.125726
,34,121.788636,31.159181
,34,121.788556,31.159291
,34,121.788465,31.159353
,34,121.788337,31.159404
,34,121.788242,31.159421
,34,121.788137,31.159415
,34,121.787357,31.159187
,34,121.787280,31.159122
,34,121.787226,31.159044
,34,121.787217,31.158967
,34,121.787222,31.158852
,34,121.787164,31.158842
,34,121.786800,31.159807
,34,121.786864,31.159823
,34,121.786897,31.159756
,34,121.786972,31.159686
,34,121.787067,31.159637
,34,121.787200,31.159621
,34,121.788028,31.159847
,34,121.788134,31.159947
,34,121.788201,31.160031
,34,121.788238,31.160146
,34,121.788195,31.160357
,34,121.788636,31.159181
,35,121.790186,31.155134
,35,121.790097,31.155119
,35,121.789776,31.155735
,35,121.789736,31.155776
,35,121.789696,31.155787
,35,121.788801,31.155708
,35,121.788726,31.155685
,35,121.788659,31.155633
,35,121.788621,31.155570
,35,121.788612,31.155509
,35,121.788627,31.155445
,35,121.788463,31.155405
,35,121.788134,31.156277
,35,121.788593,31.156317
,35,121.789407,31.156475
,35,121.789443,31.156508
,35,121.789454,31.156548
,35,121.789293,31.157229
,35,121.789389,31.157248
,35,121.790186,31.155134
,36,121.790561,31.151685
,36,121.789932,31.151515
,36,121.789740,31.152026
,36,121.790723,31.152302
,36,121.790561,31.151685
,37,121.791288,31.151671
,37,121.791174,31.151657
,37,121.791088,31.151599
,37,121.790915,31.151239
,37,121.790849,31.150916
,37,121.790789,31.150241
,37,121.790826,31.149628
,37,121.790921,31.149131
,37,121.791059,31.148750
,37,121.790983,31.148734
,37,121.790213,31.150772
,37,121.790339,31.150789
,37,121.790561,31.151685
,37,121.790723,31.152302
,37,121.790818,31.152760
,37,121.790846,31.153069
,37,121.790812,31.153364
,37,121.790772,31.153577
,37,121.791288,31.151671
,38,121.791806,31.148067
,38,121.791291,31.147920
,38,121.791091,31.148448
,38,121.791941,31.148678
,38,121.791806,31.148067
,39,121.789079,31.160960
,39,121.789764,31.159161
,39,121.789542,31.159580
,39,121.789479,31.159645
,39,121.789391,31.159682
,39,121.789290,31.159686
,39,121.789200,31.159659
,39,121.789123,31.159601
,39,121.789100,31.159522
,39,121.789105,31.159446
,39,121.789188,31.159067
,39,121.788483,31.160861
,39,121.788812,31.160234
,39,121.788894,31.160182
,39,121.789000,31.160170
,39,121.789122,31.160210
,39,121.789205,31.160296
,39,121.789233,31.160372
,39,121.789079,31.160960
,40,121.790594,31.156796
,40,121.790929,31.155925
,40,121.790880,31.156010
,40,121.790798,31.156059
,40,121.790698,31.156068
,40,121.790608,31.156050
,40,121.790520,31.155991
,40,121.790478,31.155921
,40,121.790490,31.155805
,40,121.790164,31.156632
,40,121.790249,31.156570
,40,121.790365,31.156553
,40,121.790462,31.156567
,40,121.790547,31.156618
,40,121.790591,31.156699
,40,121.790594,31.156796
,41,121.791056,31.155534
,41,121.791375,31.154686
,41,121.791348,31.154733
,41,121.791292,31.154787
,41,121.791229,31.154819
,41,121.791151,31.154827
,41,121.791076,31.154816
,41,121.791010,31.154783
,41,121.790953,31.154734
,41,121.790931,31.154680
,41,121.790922,31.154580
,41,121.790606,31.155452
,41,121.790666,31.155376
,41,121.790743,31.155330
,41,121.790839,31.155318
,41,121.790944,31.155344
,41,121.791011,31.155389
,41,121.791050,31.155446
,41,121.791056,31.155534
,42,121.800672,31.130090
,42,121.800927,31.129370
,42,121.800830,31.129400
,42,121.800707,31.129403
,42,121.800626,31.129366
,42,121.800568,31.129298
,42,121.800541,31.129230
,42,121.800229,31.130016
,42,121.800255,31.129970
,42,121.800320,31.129921
,42,121.800396,31.129902
,42,121.800497,31.129902
,42,121.800585,31.129938
,42,121.800644,31.129999
,42,121.800672,31.130090
,43,121.800074,31.128891
,43,121.800001,31.129007
,43,121.799918,31.129078
,43,121.799822,31.129113
,43,121.799721,31.129129
,43,121.799605,31.129126
,43,121.798899,31.128939
,43,121.798821,31.128904
,43,121.798748,31.128855
,43,121.798689,31.128787
,43,121.798663,31.128713
,43,121.798659,31.128639
,43,121.798673,31.128568
,43,121.798606,31.128555
,43,121.798238,31.129530
,43,121.798310,31.129550
,43,121.798351,31.129466
,43,121.798400,31.129427
,43,121.798457,31.129380
,43,121.798574,31.129347
,43,121.798699,31.129349
,43,121.799185,31.129486
,43,121.799473,31.129594
,43,121.799572,31.129646
,43,121.799629,31.129728
,43,121.799667,31.129825
,43,121.799664,31.129935
,43,121.799642,31.130053
,43,121.800074,31.128891
,44,121.800761,31.132480
,44,121.801080,31.131625
,44,121.800894,31.131554
,44,121.800840,31.131495
,44,121.800819,31.131418
,44,121.800874,31.131000
,44,121.800325,31.132454
,44,121.800362,31.132468
,44,121.800566,31.132096
,44,121.800630,31.132060
,44,121.800712,31.132054
,44,121.800764,31.132084
,44,121.800810,31.132142
,44,121.800812,31.132234
,44,121.800761,31.132480
,45,121.798398,31.133379
,45,121.798299,31.133352
,45,121.798013,31.133880
,45,121.797969,31.133893
,45,121.797154,31.133764
,45,121.796794,31.133656
,45,121.796821,31.133568
,45,121.796821,31.133410
,45,121.796776,31.133399
,45,121.796391,31.134419
,45,121.796555,31.134467
,45,121.796562,31.134435
,45,121.796609,31.134379
,45,121.796673,31.134343
,45,121.796750,31.134327
,45,121.796833,31.134327
,45,121.797709,31.134580
,45,121.797732,31.134615
,45,121.797721,31.134663
,45,121.797608,31.135184
,45,121.797710,31.135207
,45,121.798398,31.133379
,46,121.798761,31.135338
,46,121.799374,31.133681
,46,121.799113,31.134168
,46,121.799046,31.134227
,46,121.798965,31.134250
,46,121.798875,31.134237
,46,121.798801,31.134203
,46,121.798747,31.134159
,46,121.798711,31.134090
,46,121.798704,31.133997
,46,121.798810,31.133579
,46,121.798220,31.135174
,46,121.798440,31.134792
,46,121.798516,31.134745
,46,121.798630,31.134750
,46,121.798758,31.134787
,46,121.798817,31.134842
,46,121.798839,31.134962
,46,121.798761,31.135338
,47,121.799643,31.135487
,47,121.800159,31.134098
,47,121.800089,31.134198
,47,121.799975,31.134424
,47,121.799917,31.134466
,47,121.799853,31.134480
,47,121.799789,31.134466
,47,121.799743,31.134430
,47,121.799709,31.134382
,47,121.799783,31.133990
,47,121.799767,31.133930
,47,121.799208,31.135421
,47,121.799241,31.135434
,47,121.799431,31.135067
,47,121.799501,31.135023
,47,121.799559,31.135018
,47,121.799632,31.135035
,47,121.799675,31.135084
,47,121.799691,31.135162
,47,121.799643,31.135487
,48,121.796472,31.136724
,48,121.795612,31.136482
,48,121.795414,31.137005
,48,121.795926,31.137144
,48,121.796472,31.136724
,49,121.798559,31.138401
,49,121.799098,31.136951
,49,121.798893,31.137296
,49,121.798821,31.137336
,49,121.798751,31.137335
,49,121.798702,31.137315
,49,121.798659,31.137275
,49,121.798639,31.137220
,49,121.798718,31.136812
,49,121.798688,31.136806
,49,121.798115,31.138300
,49,121.798160,31.138317
,49,121.798377,31.137919
,49,121.798442,31.137890
,49,121.798550,31.137907
,49,121.798611,31.137953
,49,121.798629,31.138032
,49,121.798559,31.138401
,50,121.796504,31.141282
,50,121.797155,31.139606
,50,121.796910,31.140046
,50,121.796853,31.140095
,50,121.796772,31.140128
,50,121.796683,31.140131
,50,121.796610,31.140114
,50,121.796537,31.140069
,50,121.796490,31.140003
,50,121.796480,31.139960
,50,121.796482,31.139879
,50,121.796571,31.139482
,50,121.795973,31.141085
,50,121.796208,31.140679
,50,121.796300,31.140623
,50,121.796434,31.140623
,50,121.796542,31.140682
,50,121.796596,31.140770
,50,121.796603,31.140871
,50,121.796504,31.141282
,51,121.804975,31.142305
,51,121.801360,31.141419
,51,121.800623,31.141248
,51,121.798463,31.140716
,51,121.797762,31.140543
,51,121.797878,31.140230
,51,121.797689,31.140189
,51,121.797654,31.140154
,51,121.797648,31.140105
,51,121.797768,31.139513
,51,121.797681,31.139470
,51,121.796634,31.142231
,51,121.796743,31.142254
,51,121.797018,31.141743
,51,121.797072,31.141706
,51,121.797160,31.141706
,51,121.797697,31.141800
,51,121.798022,31.141940
,51,121.798252,31.142027
,51,121.799240,31.142303
,51,121.800089,31.142444
,51,121.803789,31.143479
,51,121.806953,31.144363
,51,121.808140,31.144704
,51,121.809754,31.145143
,51,121.810665,31.145406
,51,121.810923,31.145510
,51,121.810972,31.145545
,51,121.813648,31.146234
,51,121.814548,31.146465
,51,121.814787,31.145816
,51,121.814932,31.145426
,51,121.815103,31.145098
,51,121.815138,31.145049
,51,121.814315,31.144792
,51,121.813424,31.144513
,51,121.813396,31.144536
,51,121.813366,31.144548
,51,121.813323,31.144554
,51,121.812677,31.144372
,51,121.809990,31.143704
,51,121.809519,31.143570
,51,121.806207,31.142653
,51,121.804975,31.142305
,51,121.811187,31.144839
,51,121.811124,31.144872
,51,121.810281,31.144725
,51,121.809396,31.144482
,51,121.808590,31.144163
,51,121.806995,31.143711
,51,121.806920,31.143708
,51,121.806176,31.143581
,51,121.805270,31.143334
,51,121.804531,31.143036
,51,121.804481,31.143016
,51,121.803522,31.142737
,51,121.802898,31.142637
,51,121.802380,31.142426
,51,121.801379,31.142149
,51,121.800390,31.141968
,51,121.800230,31.141917
,51,121.799637,31.141671
,51,121.798410,31.141325
,51,121.798254,31.141298
,51,121.797919,31.141254
,51,121.797380,31.141028
,51,121.797361,31.140983
,51,121.797361,31.140942
,51,121.797378,31.140904
,51,121.797419,31.140878
,51,121.798007,31.140954
,51,121.798328,31.141090
,51,121.798514,31.141161
,51,121.799702,31.141474
,51,121.800277,31.141570
,51,121.800518,31.141627
,51,121.801434,31.141968
,51,121.802455,31.142264
,51,121.803018,31.142355
,51,121.803565,31.142572
,51,121.804530,31.142856
,51,121.805337,31.142971
,51,121.806215,31.143219
,51,121.807043,31.143546
,51,121.808650,31.143999
,51,121.809562,31.144144
,51,121.810387,31.144381
,51,121.811174,31.144702
,51,121.811208,31.144745
,51,121.811208,31.144794
,51,121.811187,31.144839
,52,121.795365,31.144136
,52,121.795709,31.143293
,52,121.795662,31.143379
,52,121.795565,31.143429
,52,121.795461,31.143442
,52,121.795375,31.143421
,52,121.795297,31.143369
,52,121.795251,31.143310
,52,121.795244,31.143194
,52,121.794906,31.144045
,52,121.794973,31.143973
,52,121.795055,31.143921
,52,121.795133,31.143921
,52,121.795214,31.143940
,52,121.795286,31.143978
,52,121.795337,31.144019
,52,121.795366,31.144098
,52,121.795365,31.144136
,53,121.795438,31.145912
,53,121.795591,31.145886
,53,121.795702,31.145894
,53,121.795783,31.145921
,53,121.795943,31.145496
,53,121.795933,31.145496
,53,121.795809,31.145448
,53,121.795711,31.145364
,53,121.795640,31.145265
,53,121.795612,31.145186
,53,121.795602,31.145089
,53,121.795231,31.146075
,53,121.795319,31.145977
,53,121.795438,31.145912
,54,121.794625,31.146317
,54,121.795240,31.144628
,54,121.795013,31.145024
,54,121.794973,31.145057
,54,121.794920,31.145090
,54,121.794844,31.145101
,54,121.794749,31.145093
,54,121.794665,31.145044
,54,121.794608,31.144980
,54,121.794581,31.144872
,54,121.794673,31.144523
,54,121.794697,31.144430
,54,121.794691,31.144428
,54,121.794150,31.146003
,54,121.794324,31.145690
,54,121.794424,31.145633
,54,121.794539,31.145631
,54,121.794645,31.145663
,54,121.794715,31.145733
,54,121.794735,31.145836
,54,121.794625,31.146317
,55,121.794165,31.149329
,55,121.794300,31.149308
,55,121.794493,31.149344
,55,121.794652,31.148920
,55,121.794600,31.148909
,55,121.794494,31.148858
,55,121.794415,31.148800
,55,121.794359,31.148744
,55,121.794327,31.148668
,55,121.794306,31.148567
,55,121.794326,31.148436
,55,121.793919,31.149503
,55,121.794036,31.149401
,55,121.794165,31.149329
,56,121.793368,31.149633
,56,121.793943,31.148071
,56,121.793739,31.148443
,56,121.793659,31.148519
,56,121.793576,31.148542
,56,121.793500,31.148543
,56,121.793426,31.148525
,56,121.793357,31.148477
,56,121.793320,31.148416
,56,121.793309,31.148307
,56,121.793401,31.147865
,56,121.792791,31.149497
,56,121.793032,31.149091
,56,121.793146,31.149031
,56,121.793260,31.149034
,56,121.793390,31.149105
,56,121.793433,31.149199
,56,121.793368,31.149633
,57,121.796767,31.137596
,57,121.797352,31.135937
,57,121.797099,31.136217
,57,121.796745,31.136504
,57,121.796472,31.136724
,57,121.795926,31.137144
,57,121.795305,31.137652
,57,121.795276,31.137621
,57,121.795189,31.137601
,57,121.794418,31.139641
,57,121.794487,31.139671
,57,121.794681,31.139226
,57,121.794898,31.138859
,57,121.795422,31.138186
,57,121.795964,31.137670
,57,121.796451,31.137365
,57,121.796576,31.137362
,57,121.796671,31.137402
,57,121.796753,31.137479
,57,121.796767,31.137596
,58,121.797684,31.138195
,58,121.798241,31.136683
,58,121.798238,31.136682
,58,121.798237,31.136683
,58,121.798052,31.137034
,58,121.797973,31.137086
,58,121.797893,31.137114
,58,121.797797,31.137103
,58,121.797729,31.137067
,58,121.797678,31.137026
,58,121.797634,31.136963
,58,121.797625,31.136856
,58,121.797711,31.136485
,58,121.797114,31.138086
,58,121.797347,31.137675
,58,121.797430,31.137610
,58,121.797527,31.137596
,58,121.797634,31.137619
,58,121.797731,31.137684
,58,121.797760,31.137746
,58,121.797757,31.137850
,58,121.797684,31.138195
,59,121.794150,31.146003
,59,121.794691,31.144428
,59,121.794697,31.144430
,59,121.794702,31.144412
,59,121.794906,31.144045
,59,121.795244,31.143194
,59,121.795330,31.142779
,59,121.795973,31.141085
,59,121.796571,31.139482
,59,121.797114,31.138086
,59,121.797711,31.136485
,59,121.798220,31.135174
,59,121.798810,31.133579
,59,121.798827,31.133510
,59,121.800023,31.130376
,59,121.800229,31.130016
,59,121.800541,31.129230
,59,121.800556,31.129143
,59,121.800622,31.128813
,59,121.800728,31.128514
,59,121.800954,31.128102
,59,121.801061,31.128024
,59,121.801155,31.128007
,59,121.800316,31.127801
,59,121.800366,31.127897
,59,121.800379,31.127981
,59,121.800380,31.128066
,59,121.800239,31.128524
,59,121.800074,31.128891
,59,121.799642,31.130053
,59,121.799642,31.130053
,59,121.799628,31.130091
,59,121.798398,31.133379
,59,121.797710,31.135207
,59,121.797561,31.135593
,59,121.797352,31.135937
,59,121.796767,31.137596
,59,121.796676,31.137981
,59,121.796237,31.139081
,59,121.795446,31.141073
,59,121.795323,31.141516
,59,121.795040,31.142286
,59,121.794813,31.142751
,59,121.794155,31.144426
,59,121.794067,31.144699
,59,121.793351,31.146763
,59,121.793349,31.146775
,59,121.793332,31.146818
,59,121.792982,31.147732
,59,121.792799,31.148087
,59,121.792724,31.148185
,59,121.792099,31.150050
,59,121.791718,31.151144
,59,121.791472,31.151590
,59,121.791390,31.151650
,59,121.791288,31.151671
,59,121.790772,31.153577
,59,121.790186,31.155134
,59,121.789389,31.157248
,59,121.788636,31.159181
,59,121.788028,31.160821
,59,121.787882,31.161120
,59,121.787765,31.161226
,59,121.787661,31.161275
,59,121.787532,31.161302
,59,121.788447,31.161528
,59,121.788402,31.161455
,59,121.788379,31.161385
,59,121.788379,31.161331
,59,121.788483,31.160861
,59,121.789188,31.159067
,59,121.789930,31.157071
,59,121.790164,31.156632
,59,121.790490,31.155805
,59,121.790606,31.155452
,59,121.790922,31.154580
,59,121.791033,31.154138
,59,121.791437,31.153102
,59,121.791661,31.152718
,59,121.792291,31.151129
,59,121.792303,31.150982
,59,121.792408,31.150547
,59,121.792791,31.149497
,59,121.793401,31.147865
,59,121.794150,31.146003
,60,121.792099,31.150050
,60,121.792724,31.148185
,60,121.792613,31.148225
,60,121.792498,31.148230
,60,121.792409,31.148190
,60,121.792329,31.148093
,60,121.792248,31.147894
,60,121.792143,31.147635
,60,121.792097,31.147147
,60,121.792071,31.146583
,60,121.792168,31.145918
,60,121.792458,31.145474
,60,121.792776,31.145070
,60,121.793117,31.144732
,60,121.793001,31.144263
,60,121.792702,31.144497
,60,121.792657,31.144510
,60,121.792625,31.144504
,60,121.792604,31.144478
,60,121.792606,31.144437
,60,121.791506,31.147349
,60,121.791562,31.147331
,60,121.791606,31.147333
,60,121.791633,31.147371
,60,121.791806,31.148067
,60,121.791836,31.148204
,60,121.791941,31.148678
,60,121.792076,31.149180
,60,121.792124,31.149463
,60,121.792143,31.149742
,60,121.792099,31.150050
,61,121.794155,31.144426
,61,121.794813,31.142751
,61,121.794533,31.143077
,61,121.794352,31.143235
,61,121.793804,31.143654
,61,121.793434,31.143936
,61,121.793401,31.143934
,61,121.793514,31.144407
,61,121.793718,31.144280
,61,121.793851,31.144214
,61,121.793908,31.144211
,61,121.793937,31.144210
,61,121.794040,31.144228
,61,121.794093,31.144274
,61,121.794143,31.144348
,61,121.794155,31.144426
,62,121.793351,31.146763
,62,121.794067,31.144699
,62,121.793999,31.144760
,62,121.793917,31.144791
,62,121.793822,31.144801
,62,121.793740,31.144781
,62,121.793693,31.144754
,62,121.793670,31.144727
,62,121.793642,31.144693
,62,121.793514,31.144407
,62,121.793401,31.143934
,62,121.793363,31.143528
,62,121.793368,31.143243
,62,121.793406,31.142876
,62,121.793467,31.142490
,62,121.793888,31.141881
,62,121.794211,31.141496
,62,121.794589,31.141144
,62,121.795127,31.140802
,62,121.795267,31.140777
,62,121.795346,31.140802
,62,121.795418,31.140853
,62,121.795456,31.140930
,62,121.795446,31.141073
,62,121.796237,31.139081
,62,121.796081,31.139346
,62,121.795935,31.139520
,62,121.795265,31.140078
,62,121.794008,31.141059
,62,121.793960,31.141070
,62,121.793920,31.141053
,62,121.793898,31.141018
,62,121.792816,31.143883
,62,121.792895,31.143905
,62,121.792921,31.143923
,62,121.793001,31.144263
,62,121.793117,31.144732
,62,121.793389,31.145841
,62,121.793432,31.146102
,62,121.793423,31.146428
,62,121.793351,31.146763
,63,121.792082,31.152836
,63,121.792393,31.152027
,63,121.792361,31.152018
,63,121.792358,31.152028
,63,121.792346,31.152055
,63,121.792328,31.152080
,63,121.792307,31.152101
,63,121.792282,31.152119
,63,121.792254,31.152131
,63,121.792225,31.152139
,63,121.792195,31.152142
,63,121.792165,31.152139
,63,121.792141,31.152133
,63,121.792136,31.152131
,63,121.792108,31.152119
,63,121.792083,31.152101
,63,121.792062,31.152080
,63,121.792045,31.152055
,63,121.792032,31.152028
,63,121.792024,31.151998
,63,121.792021,31.151968
,63,121.792024,31.151938
,63,121.792027,31.151929
,63,121.791979,31.151916
,63,121.791661,31.152718
,63,121.791729,31.152658
,63,121.791815,31.152622
,63,121.791922,31.152631
,63,121.791957,31.152644
,63,121.792019,31.152668
,63,121.792073,31.152733
,63,121.792082,31.152836
,64,121.792819,31.152899
,64,121.792925,31.152884
,64,121.793047,31.152899
,64,121.793129,31.152928
,64,121.793303,31.152500
,64,121.793198,31.152474
,64,121.793082,31.152403
,64,121.792992,31.152302
,64,121.792971,31.152240
,64,121.792972,31.152186
,64,121.792989,31.152140
,64,121.793039,31.152104
,64,121.793263,31.152033
,64,121.793464,31.152072
,64,121.793616,31.151669
,64,121.793478,31.151621
,64,121.793373,31.151525
,64,121.793304,31.151432
,64,121.793271,31.151330
,64,121.793280,31.151222
,64,121.793292,31.151188
,64,121.792607,31.153021
,64,121.792681,31.152956
,64,121.792819,31.152899
,65,121.788951,31.162161
,65,121.791147,31.156567
,65,121.791912,31.154779
,65,121.792104,31.154188
,65,121.792384,31.153470
,65,121.792607,31.153021
,65,121.793292,31.151188
,65,121.793532,31.150463
,65,121.793919,31.149503
,65,121.794326,31.148436
,65,121.795016,31.146531
,65,121.795231,31.146075
,65,121.795602,31.145089
,65,121.795848,31.144437
,65,121.796244,31.143431
,65,121.796390,31.142890
,65,121.796634,31.142231
,65,121.797681,31.139470
,65,121.798115,31.138300
,65,121.798688,31.136806
,65,121.799208,31.135421
,65,121.799767,31.133930
,65,121.800325,31.132454
,65,121.800874,31.131000
,65,121.801924,31.128254
,65,121.802538,31.126651
,65,121.802625,31.126501
,65,121.802722,31.126415
,65,121.802833,31.126362
,65,121.802949,31.126348
,65,121.802231,31.126171
,65,121.801960,31.126871
,65,121.801737,31.127354
,65,121.801370,31.128284
,65,121.801281,31.128650
,65,121.801163,31.128966
,65,121.800969,31.129298
,65,121.800927,31.129370
,65,121.800672,31.130090
,65,121.800562,31.130543
,65,121.799374,31.133681
,65,121.798761,31.135338
,65,121.798238,31.136682
,65,121.798241,31.136683
,65,121.797684,31.138195
,65,121.797155,31.139606
,65,121.796504,31.141282
,65,121.795903,31.142940
,65,121.795709,31.143293
,65,121.795365,31.144136
,65,121.795363,31.144176
,65,121.795269,31.144538
,65,121.795240,31.144628
,65,121.794625,31.146317
,65,121.793943,31.148071
,65,121.793368,31.149633
,65,121.792945,31.150794
,65,121.792694,31.151240
,65,121.792082,31.152836
,65,121.791992,31.153261
,65,121.791567,31.154349
,65,121.791375,31.154686
,65,121.791056,31.155534
,65,121.790929,31.155925
,65,121.790594,31.156796
,65,121.790483,31.157217
,65,121.789764,31.159161
,65,121.789079,31.160960
,65,121.788810,31.161487
,65,121.788742,31.161541
,65,121.788656,31.161570
,65,121.788550,31.161568
,65,121.788447,31.161528
,65,121.787532,31.161302
,65,121.787373,31.161288
,65,121.786662,31.161080
,65,121.786585,31.161025
,65,121.786532,31.160958
,65,121.786510,31.160888
,65,121.786507,31.160799
,65,121.786505,31.160762
,65,121.786446,31.160743
,65,121.786200,31.161394
,65,121.788951,31.162161
,66,121.801370,31.128284
,66,121.801737,31.127354
,66,121.801602,31.127459
,66,121.801464,31.127515
,66,121.801333,31.127521
,66,121.799211,31.126952
,66,121.798950,31.127643
,66,121.798998,31.127658
,66,121.799066,31.127567
,66,121.799129,31.127508
,66,121.799220,31.127465
,66,121.799306,31.127448
,66,121.799387,31.127452
,66,121.800102,31.127645
,66,121.800248,31.127719
,66,121.800316,31.127801
,66,121.801155,31.128007
,66,121.801281,31.128034
,66,121.801371,31.128107
,66,121.801388,31.128209
,66,121.801370,31.128284
,67,121.792393,31.152027
,67,121.792694,31.151240
,67,121.792590,31.151294
,67,121.792513,31.151300
,67,121.792447,31.151284
,67,121.792442,31.151283
,67,121.792342,31.151226
,67,121.792291,31.151129
,67,121.791979,31.151916
,67,121.792027,31.151929
,67,121.792032,31.151909
,67,121.792045,31.151881
,67,121.792062,31.151857
,67,121.792083,31.151835
,67,121.792108,31.151818
,67,121.792136,31.151805
,67,121.792165,31.151797
,67,121.792195,31.151795
,67,121.792225,31.151797
,67,121.792254,31.151805
,67,121.792259,31.151807
,67,121.792282,31.151818
,67,121.792307,31.151835
,67,121.792328,31.151857
,67,121.792346,31.151881
,67,121.792358,31.151909
,67,121.792366,31.151938
,67,121.792369,31.151968
,67,121.792366,31.151998
,67,121.792361,31.152018
,67,121.792393,31.152027
,68,121.791784,31.155624
,68,121.791879,31.155599
,68,121.792011,31.155601
,68,121.792045,31.155609
,68,121.792220,31.155178
,68,121.792113,31.155140
,68,121.792009,31.155065
,68,121.791946,31.154970
,68,121.791914,31.154864
,68,121.791912,31.154779
,68,121.791147,31.156567
,68,121.792452,31.156918
,68,121.792548,31.156636
,68,121.791704,31.156403
,68,121.791609,31.156344
,68,121.791539,31.156278
,68,121.791492,31.156212
,68,121.791469,31.156088
,68,121.791473,31.155997
,68,121.791518,31.155867
,68,121.791567,31.155781
,68,121.791645,31.155705
,68,121.791784,31.155624
,69,121.797616,31.144151
,69,121.796968,31.143943
,69,121.796543,31.143809
,69,121.796380,31.143732
,69,121.796299,31.143640
,69,121.796243,31.143527
,69,121.796232,31.143461
,69,121.795865,31.144393
,69,121.795905,31.144362
,69,121.795999,31.144290
,69,121.796095,31.144241
,69,121.796210,31.144210
,69,121.796320,31.144210
,69,121.797139,31.144433
,69,121.797270,31.144501
,69,121.797360,31.144590
,69,121.797446,31.144729
,69,121.797446,31.144861
,69,121.797616,31.144151
,70,121.798448,31.144153
,70,121.798419,31.144080
,70,121.798420,31.144080
,70,121.798400,31.144017
,70,121.798411,31.143935
,70,121.798662,31.143148
,70,121.798748,31.142965
,70,121.799074,31.142345
,70,121.799136,31.142301
,70,121.799228,31.142301
,70,121.799240,31.142303
,70,121.798252,31.142027
,70,121.798281,31.142056
,70,121.798285,31.142116
,70,121.798125,31.142842
,70,121.798002,31.143150
,70,121.797699,31.143802
,70,121.797698,31.143805
,70,121.797622,31.143858
,70,121.797538,31.143917
,70,121.797392,31.143938
,70,121.796998,31.143846
,70,121.796968,31.143943
,70,121.797616,31.144151
,70,121.797813,31.144210
,70,121.799010,31.144563
,70,121.799046,31.144433
,70,121.798647,31.144282
,70,121.798522,31.144222
,70,121.798448,31.144153
,71,121.799702,31.141474
,71,121.798514,31.141161
,71,121.798556,31.141199
,71,121.798566,31.141231
,71,121.798561,31.141275
,71,121.798542,31.141301
,71,121.798494,31.141328
,71,121.798429,31.141328
,71,121.798410,31.141325
,71,121.799637,31.141671
,71,121.799702,31.141474
,72,121.802455,31.142264
,72,121.801434,31.141968
,72,121.801494,31.142011
,72,121.801503,31.142058
,72,121.801481,31.142115
,72,121.801437,31.142147
,72,121.801379,31.142149
,72,121.802380,31.142426
,72,121.802352,31.142391
,72,121.802347,31.142352
,72,121.802357,31.142312
,72,121.802385,31.142280
,72,121.802455,31.142264
,73,121.804530,31.142856
,73,121.803565,31.142572
,73,121.803597,31.142624
,73,121.803599,31.142668
,73,121.803570,31.142713
,73,121.803522,31.142737
,73,121.804481,31.143016
,73,121.804457,31.142981
,73,121.804452,31.142948
,73,121.804460,31.142910
,73,121.804491,31.142873
,73,121.804530,31.142856
,74,121.808650,31.143999
,74,121.807043,31.143546
,74,121.807072,31.143573
,74,121.807092,31.143621
,74,121.807081,31.143661
,74,121.807043,31.143698
,74,121.806995,31.143711
,74,121.808590,31.144163
,74,121.808566,31.144133
,74,121.808556,31.144094
,74,121.808562,31.144055
,74,121.808588,31.144023
,74,121.808650,31.143999
,75,121.806585,31.162606
,75,121.807210,31.160929
,75,121.807144,31.160933
,75,121.807073,31.160913
,75,121.807044,31.160859
,75,121.807048,31.160776
,75,121.806995,31.160918
,75,121.806388,31.162532
,75,121.806395,31.162544
,75,121.806411,31.162524
,75,121.806460,31.162514
,75,121.806513,31.162521
,75,121.806549,31.162542
,75,121.806573,31.162572
,75,121.806585,31.162606
,76,121.808079,31.158267
,76,121.808124,31.158265
,76,121.808157,31.158279
,76,121.808179,31.158305
,76,121.808195,31.158353
,76,121.808851,31.156632
,76,121.808813,31.156659
,76,121.808767,31.156668
,76,121.808719,31.156657
,76,121.808676,31.156620
,76,121.808669,31.156595
,76,121.808717,31.156384
,76,121.807948,31.158408
,76,121.808042,31.158288
,76,121.808079,31.158267
,77,121.809639,31.154081
,77,121.809672,31.154072
,77,121.809718,31.154081
,77,121.809762,31.154108
,77,121.809774,31.154140
,77,121.810095,31.153321
,77,121.810051,31.153340
,77,121.810007,31.153340
,77,121.809960,31.153326
,77,121.809932,31.153296
,77,121.809923,31.153260
,77,121.809923,31.153209
,77,121.809535,31.154230
,77,121.809603,31.154110
,77,121.809639,31.154081
,78,121.812158,31.147865
,78,121.812126,31.147900
,78,121.812071,31.147910
,78,121.812022,31.147905
,78,121.811994,31.147883
,78,121.811982,31.147870
,78,121.811972,31.147848
,78,121.811975,31.147813
,78,121.812121,31.147154
,78,121.811646,31.148672
,78,121.811690,31.148647
,78,121.811737,31.148646
,78,121.811786,31.148661
,78,121.811821,31.148700
,78,121.812158,31.147865
,79,121.818123,31.134954
,79,121.818072,31.135012
,79,121.818030,31.135027
,79,121.817987,31.135020
,79,121.817943,31.134998
,79,121.817924,31.134966
,79,121.817917,31.134930
,79,121.817570,31.135810
,79,121.817634,31.135767
,79,121.817702,31.135767
,79,121.817753,31.135785
,79,121.817779,31.135830
,79,121.817777,31.135891
,79,121.817772,31.135912
,79,121.818123,31.134954
,80,121.816173,31.140113
,80,121.816141,31.140146
,80,121.816105,31.140165
,80,121.816063,31.140168
,80,121.816025,31.140161
,80,121.815997,31.140141
,80,121.815972,31.140113
,80,121.815965,31.140072
,80,121.815639,31.140947
,80,121.815703,31.140910
,80,121.815774,31.140910
,80,121.815825,31.140936
,80,121.815836,31.140986
,80,121.816173,31.140113
,81,121.815076,31.143001
,81,121.815073,31.143005
,81,121.815040,31.143031
,81,121.814985,31.143042
,81,121.814937,31.143033
,81,121.814911,31.143013
,81,121.814898,31.142986
,81,121.814900,31.142933
,81,121.814560,31.143822
,81,121.814605,31.143790
,81,121.814663,31.143782
,81,121.814716,31.143792
,81,121.814753,31.143828
,81,121.814757,31.143885
,81,121.815077,31.143001
,81,121.815076,31.143001
,82,121.813160,31.148123
,82,121.813123,31.148164
,82,121.813077,31.148189
,82,121.813028,31.148192
,82,121.812993,31.148179
,82,121.812971,31.148154
,82,121.812952,31.148124
,82,121.812948,31.148091
,82,121.812951,31.148057
,82,121.812618,31.148948
,82,121.812667,31.148920
,82,121.812716,31.148914
,82,121.812766,31.148931
,82,121.812804,31.148968
,82,121.812810,31.149020
,82,121.813160,31.148123
,83,121.811099,31.153553
,83,121.811076,31.153595
,83,121.811029,31.153622
,83,121.810978,31.153616
,83,121.810925,31.153594
,83,121.810906,31.153569
,83,121.810901,31.153531
,83,121.810906,31.153480
,83,121.810562,31.154392
,83,121.810614,31.154349
,83,121.810665,31.154344
,83,121.810719,31.154353
,83,121.810751,31.154380
,83,121.810762,31.154440
,83,121.811100,31.153553
,83,121.811099,31.153553
,84,121.807910,31.162029
,84,121.807859,31.162014
,84,121.807857,31.162021
,84,121.807853,31.162030
,84,121.807847,31.162038
,84,121.807840,31.162045
,84,121.807832,31.162050
,84,121.807824,31.162054
,84,121.807814,31.162057
,84,121.807805,31.162058
,84,121.807795,31.162057
,84,121.807786,31.162054
,84,121.807777,31.162050
,84,121.807769,31.162045
,84,121.807762,31.162038
,84,121.807757,31.162030
,84,121.807752,31.162021
,84,121.807750,31.162012
,84,121.807749,31.162002
,84,121.807750,31.161992
,84,121.807752,31.161983
,84,121.807753,31.161982
,84,121.807697,31.161965
,84,121.807368,31.162844
,84,121.807430,31.162797
,84,121.807474,31.162793
,84,121.807518,31.162805
,84,121.807549,31.162828
,84,121.807568,31.162857
,84,121.807568,31.162918
,84,121.807910,31.162029
,85,121.807697,31.161965
,85,121.807753,31.161982
,85,121.807757,31.161974
,85,121.807762,31.161966
,85,121.807769,31.161960
,85,121.807777,31.161954
,85,121.807786,31.161950
,85,121.807795,31.161948
,85,121.807805,31.161947
,85,121.807814,31.161948
,85,121.807824,31.161950
,85,121.807832,31.161954
,85,121.807840,31.161960
,85,121.807847,31.161966
,85,121.807853,31.161974
,85,121.807857,31.161983
,85,121.807859,31.161992
,85,121.807860,31.162002
,85,121.807859,31.162012
,85,121.807859,31.162014
,85,121.807910,31.162029
,85,121.808254,31.161135
,85,121.808241,31.161131
,85,121.808230,31.161150
,85,121.808195,31.161198
,85,121.808152,31.161213
,85,121.808106,31.161210
,85,121.808077,31.161200
,85,121.808049,31.161175
,85,121.808030,31.161145
,85,121.808030,31.161097
,85,121.808039,31.161055
,85,121.807697,31.161965
,86,121.809846,31.156886
,86,121.809840,31.156897
,86,121.809798,31.156931
,86,121.809754,31.156948
,86,121.809714,31.156946
,86,121.809678,31.156927
,86,121.809657,31.156893
,86,121.809649,31.156863
,86,121.809649,31.156812
,86,121.808983,31.158579
,86,121.809016,31.158542
,86,121.809052,31.158530
,86,121.809088,31.158531
,86,121.809132,31.158545
,86,121.809164,31.158572
,86,121.809180,31.158606
,86,121.809855,31.156889
,86,121.809846,31.156886
,87,121.813648,31.146234
,87,121.810972,31.145545
,87,121.811002,31.145818
,87,121.810945,31.146057
,87,121.810924,31.146096
,87,121.810857,31.146216
,87,121.810713,31.146477
,87,121.810677,31.146502
,87,121.810633,31.146521
,87,121.810532,31.146518
,87,121.810532,31.146540
,87,121.809761,31.146387
,87,121.808519,31.146041
,87,121.807871,31.145811
,87,121.807827,31.145780
,87,121.807797,31.145743
,87,121.807778,31.145704
,87,121.807770,31.145666
,87,121.807775,31.145632
,87,121.807889,31.145192
,87,121.808140,31.144704
,87,121.806953,31.144363
,87,121.806982,31.144389
,87,121.806978,31.144429
,87,121.806810,31.145081
,87,121.806540,31.145766
,87,121.812121,31.147154
,87,121.812277,31.146731
,87,121.812640,31.146166
,87,121.812648,31.146112
,87,121.812662,31.146102
,87,121.812670,31.146096
,87,121.812693,31.146092
,87,121.812711,31.146102
,87,121.812737,31.146109
,87,121.812767,31.146126
,87,121.812787,31.146152
,87,121.812794,31.146189
,87,121.812634,31.146897
,87,121.812493,31.147254
,87,121.812158,31.147865
,87,121.811821,31.148700
,87,121.811674,31.149423
,87,121.810446,31.152674
,87,121.810095,31.153321
,87,121.809774,31.154140
,87,121.809614,31.154888
,87,121.809190,31.156016
,87,121.808851,31.156632
,87,121.808195,31.158353
,87,121.808034,31.159060
,87,121.807574,31.160274
,87,121.807210,31.160929
,87,121.806585,31.162606
,87,121.806445,31.163218
,87,121.807052,31.163405
,87,121.807368,31.162844
,87,121.808039,31.161055
,87,121.808183,31.160399
,87,121.808635,31.159224
,87,121.808983,31.158579
,87,121.809649,31.156812
,87,121.809794,31.156156
,87,121.810219,31.155031
,87,121.810562,31.154392
,87,121.810906,31.153480
,87,121.811044,31.152840
,87,121.812258,31.149616
,87,121.812618,31.148948
,87,121.812951,31.148057
,87,121.813108,31.147362
,87,121.813236,31.147030
,87,121.813581,31.146412
,87,121.813648,31.146234
,87,121.811515,31.146770
,87,121.811463,31.146771
,87,121.811419,31.146759
,87,121.811378,31.146734
,87,121.811349,31.146702
,87,121.811330,31.146662
,87,121.811328,31.146616
,87,121.811368,31.146463
,87,121.811448,31.146154
,87,121.811480,31.146097
,87,121.811644,31.145815
,87,121.811763,31.145837
,87,121.811790,31.145852
,87,121.811808,31.145875
,87,121.811817,31.145909
,87,121.811805,31.145968
,87,121.811779,31.146098
,87,121.811770,31.146145
,87,121.811659,31.146631
,87,121.811635,31.146693
,87,121.811614,31.146728
,87,121.811571,31.146757
,87,121.811515,31.146770
,88,121.819887,31.130281
,88,121.819858,31.130320
,88,121.819828,31.130336
,88,121.819797,31.130344
,88,121.819766,31.130343
,88,121.819733,31.130329
,88,121.819700,31.130306
,88,121.819686,31.130279
,88,121.819682,31.130258
,88,121.819680,31.130237
,88,121.819042,31.131953
,88,121.819087,31.131916
,88,121.819153,31.131908
,88,121.819190,31.131928
,88,121.819228,31.131994
,88,121.819887,31.130281
,89,121.815266,31.144863
,89,121.815513,31.144566
,89,121.815899,31.143154
,89,121.816044,31.142485
,89,121.816220,31.141992
,89,121.816609,31.141272
,89,121.817305,31.139229
,89,121.817387,31.138937
,89,121.818168,31.136834
,89,121.818554,31.136134
,89,121.819195,31.134502
,89,121.819218,31.134314
,89,121.819241,31.134133
,89,121.819278,31.133940
,89,121.819993,31.132027
,89,121.820332,31.131387
,89,121.820658,31.130554
,89,121.820807,31.129861
,89,121.821542,31.127922
,89,121.821891,31.127285
,89,121.821924,31.127262
,89,121.821974,31.127254
,89,121.821067,31.127045
,89,121.821084,31.127088
,89,121.820927,31.127817
,89,121.820228,31.129661
,89,121.819887,31.130281
,89,121.819228,31.131994
,89,121.819075,31.132744
,89,121.818457,31.134354
,89,121.818123,31.134954
,89,121.817772,31.135912
,89,121.817613,31.136597
,89,121.816512,31.139488
,89,121.816173,31.140113
,89,121.815836,31.140986
,89,121.815670,31.141738
,89,121.815450,31.142325
,89,121.815076,31.143001
,89,121.815077,31.143001
,89,121.814757,31.143885
,89,121.814645,31.144341
,89,121.814437,31.144729
,89,121.814394,31.144775
,89,121.814358,31.144792
,89,121.814315,31.144792
,89,121.815138,31.145049
,89,121.815266,31.144863
,90,121.811534,31.158314
,90,121.811896,31.157360
,90,121.811788,31.157334
,90,121.811759,31.157389
,90,121.811702,31.157442
,90,121.811633,31.157471
,90,121.811569,31.157480
,90,121.811518,31.157474
,90,121.811470,31.157468
,90,121.810672,31.157244
,90,121.810637,31.157220
,90,121.810621,31.157190
,90,121.810616,31.157142
,90,121.810290,31.157991
,90,121.810319,31.157944
,90,121.810359,31.157915
,90,121.810413,31.157913
,90,121.811206,31.158143
,90,121.811308,31.158173
,90,121.811341,31.158200
,90,121.811374,31.158239
,90,121.811392,31.158283
,90,121.811534,31.158314
,91,121.811270,31.159013
,91,121.811534,31.158314
,91,121.811392,31.158283
,91,121.811337,31.158318
,91,121.811276,31.158331
,91,121.811237,31.158331
,91,121.811199,31.158331
,91,121.810386,31.158106
,91,121.810322,31.158085
,91,121.810294,31.158046
,91,121.810290,31.157991
,91,121.809986,31.158809
,91,121.810013,31.158788
,91,121.810050,31.158782
,91,121.810114,31.158786
,91,121.810915,31.158911
,91,121.811270,31.159013
,92,121.812751,31.155104
,92,121.813155,31.154036
,92,121.813039,31.154002
,92,121.813002,31.154074
,92,121.812943,31.154122
,92,121.812875,31.154145
,92,121.812784,31.154152
,92,121.811922,31.153919
,92,121.811881,31.153884
,92,121.811866,31.153843
,92,121.811556,31.154647
,92,121.811584,31.154614
,92,121.811631,31.154592
,92,121.812507,31.154819
,92,121.812589,31.154869
,92,121.812636,31.154923
,92,121.812655,31.154989
,92,121.812644,31.155073
,92,121.812751,31.155104
,93,121.815158,31.148460
,93,121.815198,31.148452
,93,121.815227,31.148468
,93,121.815247,31.148515
,93,121.816088,31.146296
,93,121.815966,31.146270
,93,121.815754,31.146728
,93,121.815554,31.147081
,93,121.815295,31.147430
,93,121.815010,31.147751
,93,121.814713,31.148024
,93,121.814193,31.148428
,93,121.814139,31.148444
,93,121.814053,31.148444
,93,121.813995,31.148408
,93,121.813965,31.148372
,93,121.813951,31.148283
,93,121.814133,31.147527
,93,121.812980,31.150604
,93,121.813131,31.150321
,93,121.813326,31.150014
,93,121.813559,31.149743
,93,121.813904,31.149424
,93,121.814707,31.148807
,93,121.815158,31.148460
,94,121.812980,31.150604
,94,121.814133,31.147527
,94,121.814374,31.146937
,94,121.814535,31.146499
,94,121.814548,31.146465
,94,121.813648,31.146234
,94,121.813581,31.146412
,94,121.813632,31.146380
,94,121.813706,31.146378
,94,121.813745,31.146397
,94,121.813777,31.146444
,94,121.813776,31.146492
,94,121.813619,31.147184
,94,121.813505,31.147477
,94,121.813160,31.148123
,94,121.812810,31.149020
,94,121.812657,31.149740
,94,121.811444,31.152922
,94,121.811104,31.153543
,94,121.811099,31.153553
,94,121.811100,31.153553
,94,121.810762,31.154440
,94,121.810615,31.155120
,94,121.810191,31.156264
,94,121.809846,31.156886
,94,121.809855,31.156889
,94,121.809180,31.158606
,94,121.809177,31.158659
,94,121.809030,31.159321
,94,121.808569,31.160538
,94,121.808241,31.161131
,94,121.808254,31.161135
,94,121.807568,31.162918
,94,121.808257,31.163105
,94,121.809622,31.159497
,94,121.809986,31.158809
,94,121.810290,31.157991
,94,121.810616,31.157142
,94,121.810765,31.156471
,94,121.811201,31.155308
,94,121.811556,31.154647
,94,121.811866,31.153843
,94,121.812027,31.153104
,94,121.812980,31.150604
,95,121.816871,31.143487
,95,121.816916,31.143460
,95,121.816958,31.143463
,95,121.816981,31.143483
,95,121.816986,31.143516
,95,121.816918,31.143774
,95,121.816850,31.143949
,95,121.816967,31.143978
,95,121.818041,31.141144
,95,121.817906,31.141116
,95,121.817843,31.141288
,95,121.817719,31.141551
,95,121.817090,31.142460
,95,121.816650,31.142882
,95,121.816143,31.143281
,95,121.816094,31.143296
,95,121.816023,31.143300
,95,121.815946,31.143272
,95,121.815909,31.143218
,95,121.815899,31.143154
,95,121.815513,31.144566
,95,121.815886,31.144247
,95,121.816871,31.143487
,96,121.817305,31.139229
,96,121.816609,31.141272
,96,121.816660,31.141231
,96,121.816718,31.141215
,96,121.816797,31.141220
,96,121.816845,31.141248
,96,121.816888,31.141316
,96,121.817061,31.142093
,96,121.817090,31.142460
,96,121.817719,31.141551
,96,121.817693,31.141570
,96,121.817654,31.141571
,96,121.817627,31.141553
,96,121.817611,31.141510
,96,121.817547,31.141209
,96,121.817330,31.140388
,96,121.817267,31.140009
,96,121.817264,31.139817
,96,121.817259,31.139517
,96,121.817305,31.139229
,97,121.818912,31.138845
,97,121.819773,31.136571
,97,121.819686,31.136644
,97,121.819643,31.136638
,97,121.819609,31.136601
,97,121.819564,31.136399
,97,121.819448,31.135889
,97,121.819303,31.135330
,97,121.819214,31.134892
,97,121.819195,31.134502
,97,121.818554,31.136134
,97,121.818599,31.136087
,97,121.818660,31.136069
,97,121.818731,31.136066
,97,121.818784,31.136094
,97,121.818829,31.136148
,97,121.818947,31.136600
,97,121.819029,31.137091
,97,121.819036,31.137499
,97,121.818996,31.137972
,97,121.818935,31.138358
,97,121.818851,31.138617
,97,121.818790,31.138805
,97,121.818912,31.138845
,98,121.821565,31.131842
,98,121.821971,31.130770
,98,121.821844,31.130736
,98,121.821796,31.130799
,98,121.821742,31.130844
,98,121.821697,31.130862
,98,121.821649,31.130881
,98,121.821558,31.130882
,98,121.820722,31.130645
,98,121.820679,31.130616
,98,121.820662,31.130589
,98,121.820658,31.130554
,98,121.820332,31.131387
,98,121.820379,31.131337
,98,121.820428,31.131316
,98,121.820464,31.131315
,98,121.821316,31.131551
,98,121.821366,31.131590
,98,121.821419,31.131643
,98,121.821442,31.131706
,98,121.821452,31.131773
,98,121.821442,31.131808
,98,121.821565,31.131842
,99,121.820942,31.127013
,99,121.820976,31.127012
,99,121.821032,31.127023
,99,121.821067,31.127045
,99,121.821974,31.127254
,99,121.823021,31.127548
,99,121.823042,31.127592
,99,121.823046,31.127693
,99,121.823128,31.127717
,99,121.823752,31.126071
,99,121.820765,31.125310
,99,121.819245,31.129363
,99,121.818888,31.130032
,99,121.818856,31.130057
,99,121.818936,31.130202
,99,121.818708,31.130798
,99,121.818721,31.130887
,99,121.818686,31.130983
,99,121.818617,31.131032
,99,121.818398,31.131636
,99,121.818240,31.131695
,99,121.818233,31.131756
,99,121.818086,31.132456
,99,121.817443,31.134123
,99,121.817088,31.134751
,99,121.817162,31.134884
,99,121.816942,31.135465
,99,121.816792,31.135545
,99,121.816612,31.136337
,99,121.815539,31.139173
,99,121.815139,31.139900
,99,121.815217,31.140036
,99,121.815001,31.140612
,99,121.814850,31.140681
,99,121.814687,31.141466
,99,121.813780,31.143865
,99,121.813473,31.144421
,99,121.813431,31.144507
,99,121.813424,31.144513
,99,121.814293,31.144785
,99,121.814275,31.144777
,99,121.814244,31.144750
,99,121.814230,31.144724
,99,121.814238,31.144678
,99,121.814332,31.144241
,99,121.814560,31.143822
,99,121.814900,31.142933
,99,121.815046,31.142229
,99,121.815271,31.141620
,99,121.815639,31.140947
,99,121.815965,31.140072
,99,121.816125,31.139380
,99,121.817219,31.136451
,99,121.817570,31.135810
,99,121.817917,31.134930
,99,121.817930,31.134889
,99,121.818053,31.134266
,99,121.818655,31.132669
,99,121.819042,31.131953
,99,121.819680,31.130237
,99,121.819842,31.129524
,99,121.820527,31.127721
,99,121.820903,31.127031
,99,121.820942,31.127013
,99,121.822290,31.126393
,99,121.822326,31.126382
,99,121.823248,31.126587
,99,121.823309,31.126620
,99,121.823369,31.126713
,99,121.823357,31.126744
,99,121.823293,31.126780
,99,121.823215,31.126804
,99,121.823146,31.126807
,99,121.822271,31.126580
,99,121.822233,31.126560
,99,121.822206,31.126526
,99,121.822195,31.126484
,99,121.822206,31.126442
,99,121.822245,31.126406
,99,121.822290,31.126393
,99,121.821304,31.126158
,99,121.821314,31.126157
,99,121.821325,31.126158
,99,121.821335,31.126161
,99,121.821344,31.126165
,99,121.821353,31.126171
,99,121.821360,31.126178
,99,121.821366,31.126187
,99,121.821371,31.126196
,99,121.821373,31.126207
,99,121.821374,31.126217
,99,121.821373,31.126227
,99,121.821371,31.126237
,99,121.821366,31.126247
,99,121.821360,31.126256
,99,121.821353,31.126263
,99,121.821344,31.126269
,99,121.821335,31.126273
,99,121.821325,31.126276
,99,121.821314,31.126277
,99,121.821304,31.126276
,99,121.821294,31.126273
,99,121.821284,31.126269
,99,121.821276,31.126263
,99,121.821268,31.126256
,99,121.821262,31.126247
,99,121.821258,31.126237
,99,121.821255,31.126227
,99,121.821254,31.126217
,99,121.821255,31.126207
,99,121.821258,31.126196
,99,121.821262,31.126187
,99,121.821268,31.126178
,99,121.821276,31.126171
,99,121.821284,31.126165
,99,121.821294,31.126161
,99,121.821304,31.126158
