"FID_","ID","X","Y"
,1,116.385357,39.795781
,1,116.385435,39.794702
,1,116.385680,39.791346
,1,116.385736,39.790582
,1,116.385933,39.787878
,1,116.386005,39.786897
,1,116.386139,39.785053
,1,116.386192,39.784321
,1,116.386742,39.776775
,1,116.386786,39.776181
,1,116.386987,39.773414
,1,116.387028,39.772861
,1,116.387200,39.770493
,1,116.387249,39.769826
,1,116.387448,39.767093
,1,116.387524,39.766043
,2,116.387448,39.767093
,2,116.387613,39.766821
,2,116.387731,39.766710
,2,116.387849,39.766653
,2,116.387927,39.766639
,2,116.388626,39.766678
,2,116.388805,39.766735
,2,116.388930,39.766803
,2,116.389033,39.766906
,2,116.389108,39.767013
,2,116.389161,39.767145
,2,116.389725,39.769086
,2,116.389764,39.769222
,2,116.389787,39.769322
,2,116.389787,39.769411
,2,116.389779,39.769515
,2,116.389773,39.769597
,2,116.389763,39.769746
,2,116.389746,39.769978
,2,116.389740,39.770059
,2,116.389725,39.770270
,2,116.389706,39.770526
,2,116.389678,39.770924
,2,116.389655,39.771242
,2,116.389641,39.771435
,2,116.389615,39.771791
,2,116.389598,39.772019
,2,116.389573,39.772373
,2,116.389555,39.772623
,2,116.389536,39.772887
,2,116.389530,39.772963
,2,116.389516,39.773157
,2,116.389491,39.773500
,2,116.389484,39.773610
,2,116.389477,39.773702
,2,116.389461,39.773919
,2,116.389449,39.774087
,2,116.389413,39.774582
,2,116.389400,39.774762
,2,116.389373,39.775145
,2,116.389355,39.775394
,2,116.389327,39.775784
,2,116.389308,39.776045
,2,116.389288,39.776323
,2,116.389280,39.776431
,2,116.389272,39.776537
,2,116.389253,39.776805
,2,116.389244,39.776929
,2,116.388973,39.780682
,2,116.388954,39.780950
,2,116.388941,39.781127
,2,116.388922,39.781390
,2,116.388907,39.781598
,2,116.388891,39.781824
,2,116.388875,39.782037
,2,116.388860,39.782252
,2,116.388847,39.782432
,2,116.388820,39.782803
,2,116.388703,39.784424
,2,116.388655,39.785090
,2,116.388504,39.787180
,2,116.388450,39.787923
,2,116.388412,39.788455
,2,116.388391,39.788744
,2,116.388339,39.789460
,2,116.388292,39.790117
,2,116.388246,39.790754
,2,116.388194,39.791469
,2,116.388190,39.791529
,2,116.388176,39.791728
,2,116.387982,39.794404
,2,116.387960,39.794618
,2,116.387903,39.794736
,2,116.387803,39.794839
,2,116.387671,39.794925
,2,116.386861,39.795253
,2,116.386772,39.795271
,2,116.386155,39.795257
,2,116.386091,39.795249
,2,116.386037,39.795228
,2,116.385720,39.795050
,2,116.385588,39.794935
,2,116.385470,39.794793
,2,116.385435,39.794702
,3,116.387671,39.770181
,3,116.389336,39.770250
,4,116.387200,39.770493
,4,116.387303,39.770368
,4,116.387429,39.770270
,4,116.387540,39.770219
,4,116.387671,39.770181
,5,116.387249,39.769826
,5,116.387291,39.769906
,5,116.387336,39.769977
,5,116.387408,39.770047
,5,116.387492,39.770109
,5,116.387564,39.770150
,5,116.387671,39.770181
,6,116.389336,39.770250
,6,116.389430,39.770270
,6,116.389526,39.770315
,6,116.389599,39.770372
,6,116.389657,39.770429
,6,116.389706,39.770526
,7,116.389336,39.770250
,7,116.389417,39.770238
,7,116.389500,39.770209
,7,116.389589,39.770152
,7,116.389652,39.770100
,7,116.389746,39.769978
,8,116.387484,39.773169
,8,116.389077,39.773255
,9,116.389077,39.773255
,9,116.389189,39.773239
,9,116.389291,39.773195
,9,116.389409,39.773096
,9,116.389482,39.773009
,9,116.389536,39.772887
,10,116.386987,39.773414
,10,116.387085,39.773322
,10,116.387190,39.773258
,10,116.387315,39.773207
,10,116.387394,39.773185
,10,116.387484,39.773169
,11,116.387028,39.772861
,11,116.387062,39.772910
,11,116.387123,39.772971
,11,116.387222,39.773048
,11,116.387311,39.773108
,11,116.387369,39.773140
,11,116.387423,39.773156
,11,116.387484,39.773169
,12,116.387187,39.776485
,12,116.388914,39.776558
,13,116.388914,39.776558
,13,116.388968,39.776567
,13,116.389021,39.776584
,13,116.389070,39.776607
,13,116.389117,39.776636
,13,116.389159,39.776671
,13,116.389196,39.776711
,13,116.389228,39.776756
,13,116.389253,39.776805
,14,116.388914,39.776558
,14,116.388966,39.776553
,14,116.389016,39.776542
,14,116.389064,39.776525
,14,116.389110,39.776503
,14,116.389153,39.776476
,14,116.389193,39.776444
,14,116.389229,39.776407
,14,116.389261,39.776367
,14,116.389288,39.776323
,15,116.386742,39.776775
,15,116.386794,39.776718
,15,116.386850,39.776665
,15,116.386911,39.776618
,15,116.386975,39.776575
,15,116.387043,39.776539
,15,116.387114,39.776509
,15,116.387187,39.776485
,16,116.386786,39.776181
,16,116.386821,39.776234
,16,116.386862,39.776285
,16,116.386907,39.776331
,16,116.386956,39.776372
,16,116.387010,39.776409
,16,116.387066,39.776440
,16,116.387126,39.776465
,16,116.387187,39.776485
,17,116.386619,39.784667
,17,116.388200,39.784727
,18,116.388200,39.784727
,18,116.388257,39.784727
,18,116.388313,39.784721
,18,116.388368,39.784709
,18,116.388422,39.784691
,18,116.388474,39.784667
,18,116.388522,39.784638
,18,116.388567,39.784603
,18,116.388608,39.784564
,18,116.388645,39.784521
,18,116.388676,39.784474
,18,116.388703,39.784424
,19,116.388200,39.784727
,19,116.388256,39.784734
,19,116.388311,39.784747
,19,116.388364,39.784765
,19,116.388415,39.784790
,19,116.388462,39.784820
,19,116.388506,39.784855
,19,116.388546,39.784895
,19,116.388581,39.784939
,19,116.388611,39.784986
,19,116.388636,39.785037
,19,116.388655,39.785090
,20,116.386139,39.785053
,20,116.386159,39.784997
,20,116.386185,39.784943
,20,116.386217,39.784893
,20,116.386254,39.784846
,20,116.386296,39.784804
,20,116.386343,39.784767
,20,116.386393,39.784735
,20,116.386447,39.784709
,20,116.386503,39.784689
,20,116.386560,39.784675
,20,116.386619,39.784667
,21,116.386619,39.784667
,21,116.386563,39.784657
,21,116.386507,39.784640
,21,116.386454,39.784617
,21,116.386404,39.784588
,21,116.386357,39.784555
,21,116.386314,39.784516
,21,116.386276,39.784472
,21,116.386242,39.784425
,21,116.386214,39.784375
,21,116.386192,39.784321
,22,116.387966,39.787535
,22,116.388026,39.787542
,22,116.388084,39.787556
,22,116.388141,39.787576
,22,116.388195,39.787603
,22,116.388246,39.787635
,22,116.388292,39.787673
,22,116.388334,39.787715
,22,116.388372,39.787762
,22,116.388404,39.787813
,22,116.388430,39.787867
,22,116.388450,39.787923
,23,116.387966,39.787535
,23,116.388028,39.787531
,23,116.388089,39.787521
,23,116.388149,39.787505
,23,116.388206,39.787482
,23,116.388261,39.787454
,23,116.388313,39.787420
,23,116.388361,39.787380
,23,116.388404,39.787336
,23,116.388443,39.787288
,23,116.388476,39.787236
,23,116.388504,39.787180
,24,116.388961,39.787569
,24,116.388904,39.787559
,24,116.388849,39.787543
,24,116.388795,39.787521
,24,116.388744,39.787494
,24,116.388697,39.787462
,24,116.388652,39.787424
,24,116.388613,39.787383
,24,116.388577,39.787337
,24,116.388548,39.787287
,24,116.388523,39.787235
,24,116.388504,39.787180
,25,116.386608,39.787489
,25,116.387966,39.787535
,25,116.388838,39.787564
,25,116.388961,39.787569
,25,116.389077,39.787570
,25,116.389153,39.787570
,26,116.388450,39.787923
,26,116.388459,39.787872
,26,116.388474,39.787822
,26,116.388496,39.787774
,26,116.388524,39.787730
,26,116.388558,39.787689
,26,116.388596,39.787654
,26,116.388639,39.787623
,26,116.388685,39.787599
,26,116.388734,39.787581
,26,116.388786,39.787569
,26,116.388838,39.787564
,27,116.385933,39.787878
,27,116.385973,39.787815
,27,116.386019,39.787757
,27,116.386070,39.787703
,27,116.386126,39.787654
,27,116.386186,39.787611
,27,116.386251,39.787574
,27,116.386318,39.787544
,27,116.386388,39.787520
,27,116.386461,39.787502
,27,116.386534,39.787492
,27,116.386608,39.787489
,28,116.386608,39.787489
,28,116.386533,39.787461
,28,116.386461,39.787428
,28,116.386392,39.787388
,28,116.386327,39.787343
,28,116.386265,39.787292
,28,116.386208,39.787236
,28,116.386156,39.787176
,28,116.386110,39.787111
,28,116.386069,39.787043
,28,116.386033,39.786971
,28,116.386005,39.786897
,29,116.386231,39.791073
,29,116.387684,39.791152
,30,116.388190,39.791529
,30,116.388168,39.791472
,30,116.388139,39.791418
,30,116.388105,39.791368
,30,116.388065,39.791321
,30,116.388021,39.791280
,30,116.387972,39.791243
,30,116.387919,39.791212
,30,116.387863,39.791188
,30,116.387805,39.791169
,30,116.387745,39.791158
,30,116.387684,39.791152
,31,116.387684,39.791152
,31,116.387750,39.791145
,31,116.387814,39.791131
,31,116.387877,39.791111
,31,116.387937,39.791085
,31,116.387995,39.791052
,31,116.388049,39.791014
,31,116.388098,39.790970
,31,116.388143,39.790922
,31,116.388183,39.790869
,31,116.388217,39.790813
,31,116.388246,39.790754
,32,116.386231,39.791073
,32,116.386163,39.791047
,32,116.386099,39.791015
,32,116.386037,39.790977
,32,116.385980,39.790933
,32,116.385926,39.790885
,32,116.385877,39.790832
,32,116.385834,39.790774
,32,116.385795,39.790713
,32,116.385763,39.790649
,32,116.385736,39.790582
,33,116.385680,39.791346
,33,116.385720,39.791296
,33,116.385764,39.791250
,33,116.385813,39.791208
,33,116.385866,39.791172
,33,116.385921,39.791141
,33,116.385980,39.791115
,33,116.386041,39.791096
,33,116.386103,39.791082
,33,116.386167,39.791075
,33,116.386231,39.791073
,34,116.388499,39.794754
,34,116.388383,39.794757
,34,116.388299,39.794753
,34,116.388215,39.794754
,34,116.388130,39.794761
,34,116.388047,39.794772
,34,116.387964,39.794790
,34,116.387883,39.794812
,34,116.387803,39.794839
,35,116.387982,39.794404
,35,116.388022,39.794464
,35,116.388067,39.794519
,35,116.388117,39.794570
,35,116.388172,39.794616
,35,116.388231,39.794656
,35,116.388294,39.794691
,35,116.388360,39.794719
,35,116.388429,39.794740
,35,116.388499,39.794754
,35,116.389766,39.794809
,35,116.390192,39.794827
,35,116.391272,39.794873
,36,116.388391,39.791595
,36,116.390005,39.791661
,36,116.390295,39.791673
,36,116.390960,39.791700
,37,116.390123,39.791803
,37,116.390141,39.791770
,37,116.390165,39.791741
,37,116.390192,39.791716
,37,116.390224,39.791696
,37,116.390259,39.791682
,37,116.390295,39.791673
,38,116.390005,39.791661
,38,116.390033,39.791676
,38,116.390058,39.791696
,38,116.390080,39.791718
,38,116.390099,39.791744
,38,116.390113,39.791773
,38,116.390123,39.791803
,39,116.390275,39.792131
,39,116.391219,39.792169
,40,116.389939,39.794636
,40,116.389948,39.794485
,40,116.389962,39.794276
,40,116.389977,39.794037
,40,116.389991,39.793831
,40,116.390007,39.793588
,40,116.390022,39.793358
,40,116.390032,39.793195
,40,116.390052,39.792895
,40,116.390064,39.792713
,40,116.390082,39.792434
,40,116.390094,39.792245
,40,116.390111,39.791995
,40,116.390123,39.791803
,41,116.389766,39.794809
,41,116.389803,39.794790
,41,116.389837,39.794766
,41,116.389869,39.794739
,41,116.389896,39.794707
,41,116.389920,39.794673
,41,116.389939,39.794636
,42,116.390192,39.794827
,42,116.390151,39.794819
,42,116.390111,39.794807
,42,116.390074,39.794789
,42,116.390039,39.794766
,42,116.390008,39.794739
,42,116.389980,39.794707
,42,116.389957,39.794673
,42,116.389939,39.794636
,43,116.390159,39.794385
,43,116.391042,39.794416
,44,116.390172,39.793934
,44,116.391076,39.793988
,45,116.390235,39.793499
,45,116.391101,39.793532
,46,116.390253,39.793037
,46,116.391156,39.793084
,47,116.390266,39.792591
,47,116.391174,39.792618
,48,116.390094,39.792245
,48,116.390116,39.792215
,48,116.390143,39.792190
,48,116.390172,39.792168
,48,116.390205,39.792151
,48,116.390239,39.792138
,48,116.390275,39.792131
,49,116.390111,39.791995
,49,116.390134,39.792032
,49,116.390163,39.792065
,49,116.390197,39.792092
,49,116.390234,39.792115
,49,116.390275,39.792131
,50,116.390064,39.792713
,50,116.390082,39.792683
,50,116.390106,39.792656
,50,116.390133,39.792633
,50,116.390163,39.792615
,50,116.390196,39.792601
,50,116.390231,39.792593
,50,116.390266,39.792591
,51,116.390266,39.792591
,51,116.390230,39.792584
,51,116.390196,39.792571
,51,116.390164,39.792552
,51,116.390137,39.792528
,51,116.390113,39.792500
,51,116.390095,39.792469
,51,116.390082,39.792434
,52,116.390032,39.793195
,52,116.390046,39.793162
,52,116.390065,39.793131
,52,116.390088,39.793103
,52,116.390116,39.793079
,52,116.390147,39.793060
,52,116.390181,39.793047
,52,116.390216,39.793039
,52,116.390253,39.793037
,53,116.390253,39.793037
,53,116.390211,39.793026
,53,116.390173,39.793010
,53,116.390137,39.792988
,53,116.390104,39.792961
,53,116.390075,39.792930
,53,116.390052,39.792895
,54,116.390007,39.793588
,54,116.390047,39.793559
,54,116.390091,39.793535
,54,116.390137,39.793517
,54,116.390185,39.793505
,54,116.390235,39.793499
,55,116.390235,39.793499
,55,116.390193,39.793487
,55,116.390153,39.793470
,55,116.390115,39.793448
,55,116.390080,39.793422
,55,116.390049,39.793392
,55,116.390022,39.793358
,56,116.389991,39.793831
,56,116.390020,39.793863
,56,116.390053,39.793889
,56,116.390091,39.793910
,56,116.390130,39.793925
,56,116.390172,39.793934
,57,116.389977,39.794037
,57,116.390021,39.794003
,57,116.390069,39.793974
,57,116.390119,39.793951
,57,116.390172,39.793934
,58,116.389962,39.794276
,58,116.389996,39.794306
,58,116.390034,39.794332
,58,116.390073,39.794354
,58,116.390115,39.794372
,58,116.390159,39.794385
,59,116.389948,39.794485
,59,116.389983,39.794453
,59,116.390023,39.794426
,59,116.390066,39.794406
,59,116.390111,39.794392
,59,116.390159,39.794385
,60,116.388194,39.791469
,60,116.388212,39.791500
,60,116.388234,39.791527
,60,116.388261,39.791550
,60,116.388290,39.791569
,60,116.388322,39.791583
,60,116.388356,39.791592
,60,116.388391,39.791595
,61,116.388176,39.791728
,61,116.388213,39.791693
,61,116.388254,39.791662
,61,116.388297,39.791636
,61,116.388343,39.791613
,61,116.388391,39.791595
,62,116.389511,39.776748
,62,116.390265,39.776779
,63,116.390470,39.776978
,63,116.390447,39.777309
,63,116.390415,39.777767
,63,116.390384,39.778211
,63,116.390351,39.778671
,63,116.390319,39.779136
,63,116.390289,39.779558
,63,116.390257,39.780012
,63,116.390226,39.780458
,63,116.390195,39.780902
,63,116.390164,39.781352
,63,116.390131,39.781814
,63,116.390101,39.782252
,63,116.390089,39.782422
,64,116.389121,39.782607
,64,116.389901,39.782616
,65,116.389901,39.782616
,65,116.389936,39.782607
,65,116.389968,39.782593
,65,116.389999,39.782573
,65,116.390026,39.782550
,65,116.390049,39.782522
,65,116.390067,39.782491
,65,116.390081,39.782457
,65,116.390089,39.782422
,66,116.390265,39.776779
,66,116.390300,39.776783
,66,116.390334,39.776792
,66,116.390365,39.776807
,66,116.390394,39.776826
,66,116.390419,39.776851
,66,116.390439,39.776879
,66,116.390455,39.776910
,66,116.390465,39.776943
,66,116.390470,39.776978
,67,116.389511,39.776748
,67,116.389473,39.776745
,67,116.389435,39.776735
,67,116.389400,39.776720
,67,116.389367,39.776699
,67,116.389338,39.776674
,67,116.389314,39.776644
,67,116.389295,39.776610
,67,116.389281,39.776574
,67,116.389272,39.776537
,68,116.389244,39.776929
,68,116.389264,39.776892
,68,116.389289,39.776858
,68,116.389319,39.776827
,68,116.389352,39.776801
,68,116.389389,39.776780
,68,116.389428,39.776764
,68,116.389469,39.776753
,68,116.389511,39.776748
,69,116.388820,39.782803
,69,116.388850,39.782759
,69,116.388886,39.782719
,69,116.388926,39.782685
,69,116.388971,39.782656
,69,116.389018,39.782633
,69,116.389069,39.782617
,69,116.389121,39.782607
,70,116.389121,39.782607
,70,116.389068,39.782593
,70,116.389016,39.782573
,70,116.388967,39.782546
,70,116.388923,39.782513
,70,116.388882,39.782475
,70,116.388847,39.782432
,71,116.389026,39.782151
,71,116.389984,39.782187
,72,116.389108,39.781707
,72,116.389984,39.781730
,73,116.389148,39.781257
,73,116.390037,39.781282
,74,116.389143,39.780811
,74,116.390052,39.780830
,75,116.389188,39.780347
,75,116.390075,39.780383
,76,116.389221,39.779899
,76,116.390109,39.779933
,77,116.389251,39.779441
,77,116.390140,39.779483
,78,116.389303,39.778995
,78,116.390184,39.779026
,79,116.389333,39.778549
,79,116.390207,39.778581
,80,116.389350,39.778095
,80,116.390266,39.778129
,81,116.389394,39.777641
,81,116.390281,39.777668
,82,116.389419,39.777193
,82,116.390312,39.777233
,83,116.390312,39.777233
,83,116.390350,39.777243
,83,116.390386,39.777260
,83,116.390418,39.777282
,83,116.390447,39.777309
,84,116.390281,39.777668
,84,116.390309,39.777675
,84,116.390335,39.777686
,84,116.390359,39.777702
,84,116.390381,39.777720
,84,116.390400,39.777742
,84,116.390415,39.777767
,85,116.390266,39.778129
,85,116.390294,39.778137
,85,116.390321,39.778150
,85,116.390344,39.778167
,85,116.390366,39.778187
,85,116.390384,39.778211
,86,116.390207,39.778581
,86,116.390241,39.778589
,86,116.390273,39.778603
,86,116.390303,39.778621
,86,116.390329,39.778644
,86,116.390351,39.778671
,87,116.390184,39.779026
,87,116.390208,39.779028
,87,116.390230,39.779034
,87,116.390251,39.779044
,87,116.390271,39.779057
,87,116.390288,39.779073
,87,116.390301,39.779092
,87,116.390312,39.779113
,87,116.390319,39.779136
,88,116.390140,39.779483
,88,116.390169,39.779486
,88,116.390196,39.779493
,88,116.390223,39.779504
,88,116.390247,39.779519
,88,116.390270,39.779537
,88,116.390289,39.779558
,89,116.390109,39.779933
,89,116.390137,39.779936
,89,116.390166,39.779943
,89,116.390192,39.779955
,89,116.390217,39.779971
,89,116.390239,39.779990
,89,116.390257,39.780012
,90,116.390075,39.780383
,90,116.390104,39.780385
,90,116.390132,39.780392
,90,116.390159,39.780403
,90,116.390184,39.780418
,90,116.390207,39.780436
,90,116.390226,39.780458
,91,116.390052,39.780830
,91,116.390102,39.780848
,91,116.390150,39.780872
,91,116.390195,39.780902
,92,116.390037,39.781282
,92,116.390066,39.781289
,92,116.390093,39.781299
,92,116.390119,39.781313
,92,116.390143,39.781331
,92,116.390164,39.781352
,93,116.389984,39.781730
,93,116.390019,39.781737
,93,116.390051,39.781750
,93,116.390081,39.781767
,93,116.390108,39.781789
,93,116.390131,39.781814
,94,116.389984,39.782187
,94,116.390016,39.782197
,94,116.390047,39.782211
,94,116.390075,39.782230
,94,116.390101,39.782252
,95,116.389766,39.774352
,95,116.390817,39.774392
,96,116.389628,39.774972
,96,116.390803,39.775022
,97,116.389581,39.775611
,97,116.390736,39.775653
,98,116.389499,39.776239
,98,116.390699,39.776281
,99,116.390912,39.776113
,99,116.390934,39.775795
,99,116.390952,39.775541
,99,116.390980,39.775141
,99,116.390996,39.774904
,99,116.391019,39.774579
,100,116.390699,39.776281
,100,116.390733,39.776282
,100,116.390766,39.776277
,100,116.390798,39.776266
,100,116.390827,39.776250
,100,116.390853,39.776230
,100,116.390875,39.776205
,100,116.390893,39.776176
,100,116.390906,39.776145
,100,116.390912,39.776113
,101,116.390817,39.774392
,101,116.390861,39.774410
,101,116.390901,39.774434
,101,116.390938,39.774464
,101,116.390970,39.774498
,101,116.390998,39.774537
,101,116.391019,39.774579
,102,116.389413,39.774582
,102,116.389451,39.774533
,102,116.389494,39.774489
,102,116.389542,39.774450
,102,116.389593,39.774416
,102,116.389648,39.774389
,102,116.389706,39.774367
,102,116.389766,39.774352
,103,116.389449,39.774087
,103,116.389466,39.774132
,103,116.389489,39.774175
,103,116.389517,39.774215
,103,116.389550,39.774250
,103,116.389587,39.774281
,103,116.389628,39.774308
,103,116.389672,39.774328
,103,116.389718,39.774343
,103,116.389766,39.774352
,104,116.389400,39.774762
,104,116.389421,39.774802
,104,116.389447,39.774840
,104,116.389476,39.774875
,104,116.389510,39.774905
,104,116.389547,39.774932
,104,116.389587,39.774954
,104,116.389628,39.774972
,105,116.389373,39.775145
,105,116.389407,39.775105
,105,116.389445,39.775069
,105,116.389486,39.775037
,105,116.389531,39.775011
,105,116.389579,39.774989
,105,116.389628,39.774972
,106,116.389355,39.775394
,106,116.389368,39.775433
,106,116.389387,39.775470
,106,116.389410,39.775504
,106,116.389438,39.775534
,106,116.389469,39.775560
,106,116.389504,39.775582
,106,116.389542,39.775599
,106,116.389581,39.775611
,107,116.389330,39.775760
,107,116.389365,39.775725
,107,116.389403,39.775693
,107,116.389444,39.775666
,107,116.389488,39.775643
,107,116.389533,39.775625
,107,116.389581,39.775611
,108,116.389308,39.776045
,108,116.389319,39.776085
,108,116.389337,39.776122
,108,116.389360,39.776156
,108,116.389389,39.776185
,108,116.389423,39.776209
,108,116.389460,39.776227
,108,116.389499,39.776239
,109,116.389280,39.776431
,109,116.389296,39.776390
,109,116.389319,39.776353
,109,116.389347,39.776319
,109,116.389380,39.776290
,109,116.389417,39.776267
,109,116.389457,39.776250
,109,116.389499,39.776239
,110,116.390803,39.775022
,110,116.390848,39.775011
,110,116.390891,39.774993
,110,116.390930,39.774969
,110,116.390966,39.774939
,110,116.390996,39.774904
,111,116.390803,39.775022
,111,116.390851,39.775046
,111,116.390897,39.775073
,111,116.390940,39.775105
,111,116.390980,39.775141
,112,116.390736,39.775653
,112,116.390794,39.775633
,112,116.390849,39.775607
,112,116.390902,39.775576
,112,116.390952,39.775541
,113,116.390736,39.775653
,113,116.390775,39.775666
,113,116.390813,39.775684
,113,116.390848,39.775706
,113,116.390881,39.775732
,113,116.390910,39.775762
,113,116.390934,39.775795
,114,116.389773,39.769597
,114,116.389801,39.769561
,114,116.389835,39.769530
,114,116.389872,39.769505
,114,116.389913,39.769485
,114,116.389956,39.769471
,115,116.389787,39.769322
,115,116.389810,39.769362
,115,116.389840,39.769397
,115,116.389875,39.769428
,115,116.389914,39.769453
,115,116.389956,39.769471
,116,116.389218,39.787631
,116,116.390355,39.787675
,117,116.390504,39.789610
,117,116.390602,39.787891
,118,116.390355,39.787675
,118,116.390395,39.787680
,118,116.390433,39.787690
,118,116.390469,39.787706
,118,116.390502,39.787727
,118,116.390532,39.787753
,118,116.390557,39.787783
,118,116.390578,39.787817
,118,116.390593,39.787853
,118,116.390602,39.787891
,119,116.389116,39.787673
,119,116.389080,39.788125
,119,116.389072,39.788238
,119,116.389016,39.789000
,119,116.389005,39.789145
,119,116.388973,39.789580
,120,116.389066,39.789622
,120,116.389732,39.789645
,120,116.390238,39.789662
,121,116.390415,39.789572
,121,116.390462,39.788913
,122,116.388973,39.789580
,122,116.389428,39.789367
,122,116.389476,39.789348
,122,116.389521,39.789322
,122,116.389562,39.789292
,122,116.389600,39.789256
,122,116.389633,39.789216
,122,116.389661,39.789173
,122,116.389683,39.789126
,123,116.389091,39.789076
,123,116.389389,39.789087
,124,116.389158,39.788181
,124,116.389461,39.788198
,125,116.389930,39.788876
,125,116.389892,39.789530
,126,116.390154,39.788669
,126,116.390200,39.788675
,126,116.390245,39.788687
,126,116.390287,39.788705
,126,116.390327,39.788729
,126,116.390364,39.788758
,126,116.390396,39.788791
,126,116.390424,39.788829
,126,116.390446,39.788870
,126,116.390462,39.788913
,127,116.389683,39.789126
,127,116.389696,39.788882
,127,116.389722,39.788407
,127,116.389733,39.788201
,128,116.388584,39.788608
,128,116.389410,39.788640
,128,116.389673,39.788650
,128,116.390154,39.788669
,129,116.388961,39.787569
,129,116.389116,39.787673
,129,116.389599,39.787999
,130,116.389218,39.787631
,130,116.389599,39.787999
,131,116.389599,39.787999
,131,116.389725,39.788136
,132,116.389599,39.787999
,132,116.389629,39.788013
,132,116.389655,39.788031
,132,116.389679,39.788053
,132,116.389698,39.788079
,132,116.389714,39.788107
,132,116.389725,39.788136
,132,116.389732,39.788169
,132,116.389733,39.788201
,133,116.388391,39.788744
,133,116.388423,39.788708
,133,116.388458,39.788676
,133,116.388497,39.788648
,133,116.388539,39.788625
,133,116.388584,39.788608
,134,116.388412,39.788455
,134,116.388438,39.788493
,134,116.388469,39.788528
,134,116.388504,39.788559
,134,116.388543,39.788586
,134,116.388584,39.788608
,135,116.389005,39.789145
,135,116.389018,39.789126
,135,116.389033,39.789109
,135,116.389050,39.789095
,135,116.389070,39.789084
,135,116.389091,39.789076
,136,116.389091,39.789076
,136,116.389077,39.789072
,136,116.389064,39.789067
,136,116.389052,39.789059
,136,116.389041,39.789050
,136,116.389032,39.789039
,136,116.389025,39.789027
,136,116.389019,39.789014
,136,116.389016,39.789000
,137,116.389410,39.788640
,137,116.389458,39.788652
,137,116.389503,39.788670
,137,116.389547,39.788693
,137,116.389586,39.788722
,137,116.389621,39.788757
,137,116.389652,39.788795
,137,116.389677,39.788837
,137,116.389696,39.788882
,138,116.389410,39.788640
,138,116.389459,39.788629
,138,116.389507,39.788612
,138,116.389552,39.788589
,138,116.389594,39.788562
,138,116.389633,39.788529
,138,116.389668,39.788492
,138,116.389697,39.788451
,138,116.389722,39.788407
,139,116.389673,39.788650
,139,116.389716,39.788661
,139,116.389758,39.788678
,139,116.389797,39.788700
,139,116.389833,39.788727
,139,116.389864,39.788759
,139,116.389891,39.788795
,139,116.389913,39.788834
,139,116.389930,39.788876
,140,116.389072,39.788238
,140,116.389085,39.788221
,140,116.389101,39.788207
,140,116.389119,39.788195
,140,116.389138,39.788187
,140,116.389158,39.788181
,141,116.389080,39.788125
,141,116.389092,39.788141
,141,116.389107,39.788154
,141,116.389122,39.788166
,141,116.389140,39.788175
,141,116.389158,39.788181
,142,116.389077,39.787570
,142,116.389125,39.787587
,142,116.389172,39.787607
,142,116.389218,39.787631
,143,116.389725,39.788136
,143,116.389761,39.788171
,143,116.389801,39.788202
,143,116.389845,39.788226
,143,116.389892,39.788244
,143,116.389941,39.788255
,143,116.389991,39.788258
,143,116.390041,39.788255
,143,116.390090,39.788245
,143,116.390137,39.788228
,143,116.390182,39.788204
,143,116.390222,39.788175
,143,116.390578,39.787817
,144,116.389732,39.789645
,144,116.389770,39.789633
,144,116.389806,39.789615
,144,116.389840,39.789591
,144,116.389868,39.789563
,144,116.389892,39.789530
,145,116.390238,39.789662
,145,116.390264,39.789664
,145,116.390291,39.789661
,145,116.390316,39.789655
,145,116.390341,39.789645
,145,116.390363,39.789631
,145,116.390383,39.789614
,145,116.390400,39.789594
,145,116.390415,39.789572
,146,116.388292,39.790117
,146,116.388304,39.790059
,146,116.388323,39.790003
,146,116.388347,39.789949
,146,116.388379,39.789899
,146,116.388416,39.789853
,146,116.388458,39.789811
,146,116.388505,39.789775
,146,116.388556,39.789745
,146,116.388610,39.789721
,146,116.388666,39.789703
,146,116.388840,39.789648
,146,116.388895,39.789635
,146,116.388952,39.789626
,146,116.389009,39.789622
,146,116.389066,39.789622
,147,116.388840,39.789648
,147,116.388886,39.789630
,147,116.388931,39.789608
,147,116.388973,39.789580
,148,116.389066,39.789622
,148,116.389428,39.789367
,149,116.388339,39.789460
,149,116.388356,39.789506
,149,116.388379,39.789549
,149,116.388408,39.789588
,149,116.388442,39.789623
,149,116.388481,39.789652
,149,116.388524,39.789675
,149,116.388570,39.789691
,149,116.388618,39.789701
,149,116.388666,39.789703
,150,116.389952,39.769649
,150,116.390780,39.769667
,151,116.389763,39.769746
,151,116.389795,39.769717
,151,116.389830,39.769692
,151,116.389869,39.769672
,151,116.389910,39.769658
,151,116.389952,39.769649
,152,116.389779,39.769515
,152,116.389818,39.769555
,152,116.389860,39.769590
,152,116.389905,39.769622
,152,116.389952,39.769649
,153,116.390780,39.769667
,153,116.390813,39.769676
,153,116.390844,39.769690
,153,116.390872,39.769709
,153,116.390897,39.769733
,153,116.390918,39.769760
,153,116.390934,39.769790
,154,116.389956,39.769471
,154,116.390793,39.769513
,155,116.390793,39.769513
,155,116.390825,39.769523
,155,116.390856,39.769537
,155,116.390883,39.769556
,155,116.390908,39.769579
,155,116.390929,39.769605
,155,116.390946,39.769634
,156,116.390634,39.773921
,156,116.390665,39.773500
,156,116.390679,39.773307
,156,116.390708,39.772905
,156,116.390727,39.772640
,156,116.390747,39.772367
,156,116.390771,39.772041
,156,116.390789,39.771788
,156,116.390813,39.771453
,156,116.390829,39.771246
,156,116.390853,39.770914
,156,116.390870,39.770670
,156,116.390896,39.770315
,156,116.390912,39.770095
,156,116.390934,39.769790
,156,116.390946,39.769634
,157,116.390870,39.770670
,157,116.390853,39.770700
,157,116.390834,39.770723
,157,116.390793,39.770752
,157,116.390746,39.770773
,157,116.390686,39.770796
,157,116.389955,39.770760
,158,116.389955,39.770760
,158,116.389907,39.770743
,158,116.389862,39.770720
,158,116.389821,39.770691
,158,116.389783,39.770656
,158,116.389752,39.770616
,158,116.389726,39.770573
,158,116.389706,39.770526
,159,116.389678,39.770924
,159,116.389715,39.770884
,159,116.389757,39.770849
,159,116.389803,39.770819
,159,116.389851,39.770794
,159,116.389902,39.770774
,159,116.389955,39.770760
,160,116.389461,39.773919
,160,116.389494,39.773886
,160,116.389531,39.773857
,160,116.389571,39.773834
,160,116.389614,39.773815
,160,116.389659,39.773803
,160,116.389704,39.773796
,161,116.389484,39.773610
,161,116.389532,39.773664
,161,116.389585,39.773714
,161,116.389643,39.773758
,161,116.389704,39.773796
,162,116.389530,39.772963
,162,116.389542,39.772981
,162,116.389562,39.772999
,162,116.389613,39.773030
,162,116.389700,39.773059
,162,116.390385,39.773091
,162,116.390440,39.773078
,162,116.390507,39.773057
,162,116.390563,39.773033
,162,116.390616,39.773006
,162,116.390669,39.772968
,162,116.390706,39.772908
,162,116.390708,39.772905
,163,116.389573,39.772373
,163,116.389585,39.772385
,163,116.389635,39.772428
,163,116.389694,39.772459
,163,116.389755,39.772483
,163,116.390533,39.772509
,163,116.390581,39.772500
,163,116.390639,39.772475
,163,116.390692,39.772441
,163,116.390730,39.772401
,163,116.390747,39.772367
,164,116.389615,39.771791
,164,116.389634,39.771823
,164,116.389662,39.771854
,164,116.389710,39.771880
,164,116.389747,39.771895
,164,116.389783,39.771902
,164,116.390597,39.771945
,164,116.390650,39.771932
,164,116.390710,39.771901
,164,116.390749,39.771861
,164,116.390783,39.771798
,164,116.390789,39.771788
,165,116.389655,39.771242
,165,116.389657,39.771246
,165,116.389723,39.771294
,165,116.389774,39.771316
,165,116.389841,39.771332
,165,116.390636,39.771358
,165,116.390707,39.771346
,165,116.390768,39.771323
,165,116.390803,39.771289
,165,116.390829,39.771246
,166,116.389740,39.770059
,166,116.389800,39.770115
,166,116.389848,39.770149
,166,116.389891,39.770165
,166,116.389938,39.770180
,166,116.390716,39.770207
,166,116.390766,39.770205
,166,116.390794,39.770194
,166,116.390838,39.770168
,166,116.390861,39.770145
,166,116.390901,39.770105
,166,116.390912,39.770095
,167,116.390686,39.770796
,167,116.389955,39.770760
,168,116.389477,39.773702
,168,116.389500,39.773677
,168,116.389526,39.773657
,168,116.389556,39.773641
,168,116.389588,39.773630
,168,116.389621,39.773625
,168,116.389654,39.773625
,169,116.389491,39.773500
,169,116.389532,39.773543
,169,116.389597,39.773594
,169,116.389654,39.773625
,169,116.389689,39.773633
,169,116.389959,39.773649
,169,116.390447,39.773678
,169,116.390492,39.773667
,169,116.390552,39.773645
,169,116.390604,39.773604
,169,116.390631,39.773572
,169,116.390664,39.773501
,169,116.390665,39.773500
,170,116.389704,39.773796
,170,116.389959,39.773649
,171,116.390385,39.773091
,171,116.390435,39.773109
,171,116.390483,39.773131
,171,116.390529,39.773158
,171,116.390572,39.773189
,171,116.390611,39.773225
,171,116.390647,39.773264
,171,116.390679,39.773307
,172,116.389516,39.773157
,172,116.389548,39.773129
,172,116.389583,39.773105
,172,116.389620,39.773085
,172,116.389660,39.773070
,172,116.389700,39.773059
,173,116.389725,39.770270
,173,116.389761,39.770240
,173,116.389802,39.770216
,173,116.389845,39.770197
,173,116.389891,39.770185
,173,116.389938,39.770180
,174,116.390896,39.770315
,174,116.390890,39.770293
,174,116.390880,39.770272
,174,116.390866,39.770253
,174,116.390850,39.770237
,174,116.390831,39.770223
,174,116.390811,39.770213
,174,116.390789,39.770207
,174,116.390766,39.770205
,175,116.390853,39.770914
,175,116.390833,39.770885
,175,116.390809,39.770859
,175,116.390782,39.770837
,175,116.390752,39.770819
,175,116.390719,39.770805
,175,116.390686,39.770796
,176,116.389641,39.771435
,176,116.389660,39.771407
,176,116.389684,39.771383
,176,116.389711,39.771362
,176,116.389741,39.771347
,176,116.389774,39.771337
,176,116.389808,39.771332
,176,116.389841,39.771332
,177,116.390636,39.771358
,177,116.390676,39.771369
,177,116.390714,39.771383
,177,116.390750,39.771403
,177,116.390783,39.771426
,177,116.390813,39.771453
,178,116.390597,39.771945
,178,116.390636,39.771955
,178,116.390673,39.771970
,178,116.390709,39.771990
,178,116.390741,39.772013
,178,116.390771,39.772041
,179,116.389598,39.772019
,179,116.389615,39.771990
,179,116.389635,39.771965
,179,116.389660,39.771943
,179,116.389688,39.771925
,179,116.389718,39.771912
,179,116.389750,39.771905
,179,116.389783,39.771902
,180,116.390533,39.772509
,180,116.390573,39.772517
,180,116.390610,39.772531
,180,116.390646,39.772551
,180,116.390677,39.772576
,180,116.390705,39.772606
,180,116.390727,39.772640
,181,116.389555,39.772623
,181,116.389589,39.772587
,181,116.389626,39.772555
,181,116.389666,39.772527
,181,116.389709,39.772503
,181,116.389755,39.772483
