"FID_","ID","X","Y"
,1,108.764988,34.456253
,1,108.764053,34.455575
,1,108.757037,34.450487
,1,108.753624,34.448026
,1,108.752815,34.447439
,1,108.747746,34.443750
,1,108.740311,34.438358
,1,108.739422,34.437714
,2,108.740473,34.437742
,2,108.740759,34.437427
,2,108.741165,34.437069
,2,108.741352,34.436990
,2,108.741492,34.436966
,2,108.741643,34.436987
,2,108.741845,34.437095
,2,108.742009,34.437215
,2,108.742421,34.437512
,2,108.745096,34.439450
,2,108.745599,34.439815
,2,108.745706,34.439892
,2,108.747444,34.441068
,2,108.748096,34.441543
,2,108.748551,34.441874
,2,108.752114,34.444471
,2,108.752490,34.444747
,2,108.754214,34.446020
,2,108.754878,34.446504
,2,108.757013,34.448045
,2,108.757541,34.448430
,2,108.760914,34.450889
,2,108.762003,34.451683
,2,108.765435,34.454186
,2,108.765559,34.454291
,2,108.765614,34.454419
,2,108.765622,34.454548
,2,108.765610,34.454660
,2,108.764684,34.455532
,3,108.747746,34.443750
,3,108.747611,34.443583
,3,108.747432,34.443340
,3,108.747277,34.443073
,3,108.747009,34.442623
,3,108.746459,34.441390
,3,108.746293,34.440947
,3,108.746132,34.440560
,3,108.746029,34.440370
,3,108.745878,34.440138
,3,108.745706,34.439892
,4,108.746459,34.441390
,4,108.746466,34.441270
,4,108.746483,34.441175
,4,108.746540,34.441077
,4,108.746642,34.440986
,4,108.746782,34.440940
,4,108.746927,34.440922
,4,108.747106,34.440957
,4,108.747254,34.440993
,4,108.747444,34.441068
,5,108.765610,34.454660
,5,108.765944,34.454343
,5,108.766225,34.454074
,5,108.766479,34.453833
,5,108.766659,34.453633
,5,108.767331,34.452956
,5,108.767444,34.452889
,5,108.767551,34.452857
,5,108.767693,34.452843
,5,108.767795,34.452871
,5,108.767873,34.452907
,5,108.768013,34.453021
,6,108.758612,34.447251
,6,108.759135,34.447632
,6,108.759377,34.447809
,6,108.759719,34.448058
,6,108.759799,34.448116
,6,108.759972,34.448242
,6,108.760140,34.448365
,6,108.760265,34.448455
,6,108.760409,34.448560
,6,108.760491,34.448624
,6,108.760550,34.448667
,6,108.760775,34.448832
,6,108.760850,34.448887
,6,108.761109,34.449075
,6,108.761175,34.449110
,6,108.761373,34.449256
,6,108.761456,34.449316
,6,108.761541,34.449379
,6,108.761643,34.449454
,6,108.761766,34.449544
,6,108.761885,34.449630
,6,108.761928,34.449663
,6,108.762020,34.449730
,6,108.762117,34.449801
,6,108.762237,34.449889
,6,108.762334,34.449960
,6,108.762460,34.450052
,6,108.762521,34.450097
,6,108.762590,34.450147
,6,108.762850,34.450338
,6,108.763025,34.450466
,7,108.768013,34.453021
,7,108.768388,34.453303
,7,108.768550,34.453421
,7,108.768910,34.453682
,7,108.769068,34.453797
,7,108.769398,34.454037
,7,108.769601,34.454184
,7,108.769949,34.454436
,7,108.770095,34.454542
,7,108.770430,34.454786
,7,108.770572,34.454889
,7,108.770694,34.454973
,7,108.770971,34.455165
,7,108.771064,34.455246
,7,108.771344,34.455450
,7,108.771661,34.455680
,7,108.771966,34.455901
,7,108.772196,34.456069
,7,108.772480,34.456273
,7,108.772548,34.456324
,7,108.772818,34.456520
,7,108.772901,34.456581
,7,108.773175,34.456779
,7,108.773253,34.456836
,7,108.773531,34.457038
,7,108.773692,34.457155
,7,108.773987,34.457369
,7,108.774062,34.457423
,7,108.774332,34.457620
,7,108.774396,34.457666
,7,108.774669,34.457864
,7,108.774757,34.457928
,7,108.775022,34.458121
,7,108.775191,34.458243
,8,108.776054,34.457420
,8,108.775833,34.457258
,8,108.775574,34.457069
,8,108.775490,34.457008
,8,108.775247,34.456830
,8,108.775148,34.456757
,8,108.774888,34.456568
,8,108.774813,34.456513
,8,108.774534,34.456308
,8,108.774359,34.456180
,8,108.774072,34.455970
,8,108.773978,34.455902
,8,108.773735,34.455724
,8,108.773643,34.455657
,8,108.773382,34.455466
,8,108.773298,34.455404
,8,108.773034,34.455211
,8,108.772771,34.455019
,8,108.772472,34.454800
,8,108.772154,34.454567
,8,108.771840,34.454338
,9,108.752490,34.444747
,9,108.752474,34.444705
,9,108.752462,34.444660
,9,108.752457,34.444615
,9,108.752457,34.444569
,9,108.752462,34.444524
,9,108.752473,34.444479
,9,108.752489,34.444436
,9,108.752511,34.444396
,10,108.752114,34.444471
,10,108.752172,34.444476
,10,108.752231,34.444475
,10,108.752289,34.444470
,10,108.752347,34.444459
,10,108.752403,34.444443
,10,108.752458,34.444422
,10,108.752511,34.444396
,11,108.752511,34.444396
,11,108.752949,34.443975
,11,108.753269,34.443664
,11,108.753931,34.443023
,12,108.758420,34.448562
,12,108.759123,34.447864
,13,108.774439,34.459281
,13,108.775214,34.458503
,13,108.775499,34.458216
,13,108.776052,34.457660
,14,108.773939,34.458971
,14,108.774742,34.458160
,15,108.775022,34.457872
,15,108.775606,34.457297
,16,108.773605,34.458702
,16,108.774409,34.457895
,17,108.774712,34.457600
,17,108.775227,34.457069
,18,108.773250,34.458456
,18,108.774037,34.457668
,19,108.774333,34.457365
,19,108.774901,34.456797
,20,108.772901,34.458198
,20,108.773689,34.457418
,21,108.773985,34.457122
,21,108.774545,34.456554
,22,108.772462,34.457842
,22,108.773250,34.457054
,23,108.773500,34.456789
,23,108.774068,34.456213
,24,108.772121,34.457584
,24,108.772871,34.456819
,25,108.773174,34.456516
,25,108.773719,34.455979
,26,108.771750,34.457350
,26,108.772538,34.456569
,27,108.772825,34.456266
,27,108.773378,34.455706
,28,108.771424,34.457077
,28,108.772182,34.456327
,29,108.772500,34.456009
,29,108.773023,34.455471
,30,108.770924,34.456660
,30,108.771666,34.455918
,30,108.771930,34.455649
,30,108.772523,34.455047
,31,108.770288,34.456228
,31,108.771051,34.455465
,32,108.771303,34.455191
,32,108.771818,34.454683
,33,108.770970,34.454926
,33,108.771492,34.454403
,34,108.769371,34.455547
,34,108.770091,34.454835
,35,108.768879,34.455206
,35,108.769606,34.454471
,36,108.768349,34.454812
,36,108.769076,34.454085
,37,108.767841,34.454433
,37,108.768572,34.453710
,38,108.767341,34.454077
,38,108.768055,34.453353
,39,108.766152,34.453130
,39,108.766493,34.452774
,40,108.765622,34.452729
,40,108.765970,34.452373
,41,108.765023,34.452297
,41,108.765349,34.451964
,42,108.764357,34.451790
,42,108.764705,34.451449
,43,108.763743,34.451358
,43,108.764069,34.451009
,44,108.762221,34.451570
,44,108.762603,34.451178
,44,108.763039,34.450743
,44,108.763607,34.450176
,45,108.762153,34.450760
,45,108.762537,34.450362
,46,108.762827,34.450161
,46,108.763221,34.449745
,47,108.761887,34.450434
,47,108.762250,34.450064
,48,108.762531,34.449957
,48,108.762933,34.449532
,49,108.761539,34.450199
,49,108.761903,34.449828
,50,108.762236,34.449737
,50,108.762630,34.449320
,51,108.761190,34.449949
,51,108.761554,34.449585
,52,108.761940,34.449525
,52,108.762350,34.449123
,53,108.761645,34.449313
,53,108.762047,34.448911
,54,108.761365,34.449108
,54,108.761759,34.448692
,55,108.761062,34.448881
,55,108.761463,34.448487
,56,108.760774,34.448676
,56,108.761175,34.448267
,57,108.760494,34.448442
,57,108.760880,34.448063
,58,108.759948,34.448040
,58,108.760327,34.447654
,59,108.759804,34.448957
,59,108.760191,34.448570
,60,108.760176,34.449192
,60,108.760539,34.448813
,61,108.760509,34.449434
,61,108.760880,34.449085
,62,108.760857,34.449676
,62,108.761229,34.449313
,63,108.757422,34.448063
,63,108.758082,34.447403
,64,108.758082,34.447403
,64,108.758226,34.447259
,64,108.758561,34.446924
,64,108.758928,34.446560
,64,108.759295,34.446190
,64,108.759339,34.446146
,65,108.758898,34.446212
,65,108.759105,34.446226
,65,108.759232,34.446214
,65,108.759295,34.446190
,66,108.759339,34.446146
,66,108.759396,34.446072
,66,108.759419,34.446015
,66,108.759453,34.445207
,67,108.758618,34.445648
,67,108.758944,34.444958
,68,108.757921,34.445268
,68,108.758462,34.444712
,69,108.757461,34.444919
,69,108.758033,34.444414
,70,108.757004,34.444571
,70,108.757295,34.444357
,70,108.757672,34.444085
,71,108.757682,34.446856
,71,108.758420,34.446114
,72,108.757199,34.446530
,72,108.757972,34.445753
,73,108.756803,34.446277
,73,108.757602,34.445479
,74,108.756439,34.446006
,74,108.757244,34.445197
,75,108.754277,34.446567
,75,108.753447,34.447411
,76,108.753624,34.448026
,76,108.753580,34.447976
,76,108.753542,34.447922
,76,108.753508,34.447864
,76,108.753481,34.447804
,76,108.753459,34.447741
,76,108.753444,34.447676
,76,108.753435,34.447610
,76,108.753432,34.447543
,76,108.753436,34.447477
,76,108.753447,34.447411
,77,108.753447,34.447411
,77,108.753395,34.447444
,77,108.753341,34.447471
,77,108.753285,34.447493
,77,108.753225,34.447508
,77,108.753165,34.447517
,77,108.753105,34.447520
,77,108.753044,34.447517
,77,108.752984,34.447506
,77,108.752926,34.447490
,77,108.752869,34.447468
,77,108.752815,34.447439
,78,108.754277,34.446567
,78,108.754324,34.446533
,78,108.754374,34.446503
,78,108.754427,34.446479
,78,108.754483,34.446461
,78,108.754539,34.446449
,78,108.754597,34.446443
,78,108.754655,34.446443
,78,108.754713,34.446449
,78,108.754770,34.446461
,78,108.754825,34.446480
,78,108.754878,34.446504
,79,108.754277,34.446567
,79,108.754298,34.446513
,79,108.754312,34.446457
,79,108.754320,34.446400
,79,108.754323,34.446343
,79,108.754319,34.446285
,79,108.754309,34.446228
,79,108.754294,34.446173
,79,108.754273,34.446119
,79,108.754246,34.446068
,79,108.754214,34.446020
,80,108.754277,34.446567
,80,108.755266,34.445625
,80,108.755603,34.445305
,80,108.756009,34.444918
,80,108.756322,34.444578
,80,108.756450,34.444439
,80,108.756574,34.444329
,80,108.756918,34.444011
,80,108.757285,34.443737
,81,108.776052,34.457660
,81,108.776068,34.457628
,81,108.776079,34.457594
,81,108.776085,34.457558
,81,108.776085,34.457522
,81,108.776080,34.457487
,81,108.776069,34.457453
,81,108.776054,34.457420
,82,108.765559,34.454291
,82,108.765603,34.454317
,82,108.765648,34.454337
,82,108.765696,34.454353
,82,108.765746,34.454362
,82,108.765796,34.454366
,82,108.765846,34.454364
,82,108.765895,34.454356
,82,108.765944,34.454343
,83,108.757541,34.448430
,83,108.757506,34.448400
,83,108.757476,34.448366
,83,108.757450,34.448328
,83,108.757431,34.448287
,83,108.757417,34.448243
,83,108.757409,34.448198
,83,108.757407,34.448153
,83,108.757412,34.448107
,83,108.757422,34.448063
,84,108.757422,34.448063
,84,108.757380,34.448085
,84,108.757334,34.448101
,84,108.757287,34.448112
,84,108.757239,34.448116
,84,108.757191,34.448114
,84,108.757143,34.448105
,84,108.757097,34.448091
,84,108.757053,34.448071
,84,108.757013,34.448045
,85,108.757037,34.450487
,85,108.757639,34.450793
,85,108.758063,34.450964
,85,108.758633,34.451135
,85,108.760564,34.451489
,85,108.761803,34.451689
,85,108.761898,34.451693
,85,108.762003,34.451683
,85,108.762097,34.451663
,85,108.762170,34.451626
,85,108.762221,34.451570
,86,108.760564,34.451489
,86,108.760617,34.451487
,86,108.760670,34.451478
,86,108.760720,34.451462
,86,108.760768,34.451440
,86,108.760812,34.451411
,86,108.760853,34.451376
,86,108.760888,34.451337
,86,108.760918,34.451293
,86,108.760941,34.451246
,86,108.760958,34.451195
,86,108.760968,34.451143
,86,108.760971,34.451091
,86,108.760967,34.451038
,86,108.760956,34.450986
,86,108.760938,34.450936
,86,108.760914,34.450889
,87,108.745606,34.439430
,87,108.745811,34.439195
,88,108.745599,34.439815
,88,108.745578,34.439775
,88,108.745561,34.439733
,88,108.745551,34.439689
,88,108.745546,34.439644
,88,108.745547,34.439599
,88,108.745553,34.439554
,88,108.745565,34.439511
,88,108.745583,34.439469
,88,108.745606,34.439430
,89,108.745096,34.439450
,89,108.745159,34.439468
,89,108.745223,34.439481
,89,108.745287,34.439487
,89,108.745353,34.439488
,89,108.745418,34.439482
,89,108.745482,34.439470
,89,108.745545,34.439453
,89,108.745606,34.439430
,90,108.745811,34.439195
,90,108.745878,34.439174
,90,108.745946,34.439160
,90,108.746016,34.439153
,90,108.746086,34.439152
,90,108.746156,34.439158
,90,108.746225,34.439171
,90,108.746293,34.439191
,91,108.745811,34.439195
,91,108.745834,34.439160
,91,108.745852,34.439123
,91,108.745863,34.439084
,91,108.745870,34.439043
,91,108.745869,34.439001
,91,108.745863,34.438960
,91,108.745851,34.438921
,91,108.745832,34.438884
,91,108.745809,34.438850
,91,108.745780,34.438820
,91,108.745748,34.438794
,92,108.748551,34.441874
,92,108.748527,34.441826
,92,108.748509,34.441775
,92,108.748499,34.441723
,92,108.748494,34.441669
,92,108.748497,34.441616
,92,108.748507,34.441563
,92,108.748524,34.441512
,93,108.748096,34.441543
,93,108.748157,34.441558
,93,108.748219,34.441567
,93,108.748282,34.441569
,93,108.748344,34.441565
,93,108.748405,34.441553
,93,108.748466,34.441536
,93,108.748524,34.441512
,94,108.753931,34.443023
,94,108.753949,34.442976
,94,108.753962,34.442927
,94,108.753969,34.442877
,94,108.753969,34.442827
,94,108.753970,34.442704
,94,108.753960,34.442636
,95,108.753931,34.443023
,95,108.753989,34.442999
,95,108.754048,34.442981
,95,108.754109,34.442968
,95,108.754171,34.442962
,95,108.754233,34.442962
,95,108.754314,34.442956
,95,108.754402,34.442957
,96,108.764684,34.455532
,96,108.764627,34.455565
,96,108.764567,34.455592
,96,108.764504,34.455613
,96,108.764439,34.455627
,96,108.764374,34.455635
,96,108.764308,34.455636
,96,108.764242,34.455630
,96,108.764177,34.455618
,96,108.764114,34.455600
,96,108.764053,34.455575
,97,108.762915,34.451158
,97,108.763254,34.451405
,97,108.763776,34.451785
,97,108.763872,34.451855
,97,108.764371,34.452218
,97,108.764553,34.452351
,97,108.765032,34.452700
,97,108.765161,34.452794
,97,108.765631,34.453136
,97,108.765693,34.453181
,97,108.766250,34.453587
,97,108.766765,34.453962
,97,108.766984,34.454121
,97,108.767346,34.454385
,97,108.767477,34.454480
,97,108.767845,34.454749
,97,108.767969,34.454839
,97,108.768385,34.455142
,97,108.768520,34.455241
,97,108.768896,34.455514
,97,108.769020,34.455605
,97,108.769368,34.455858
,97,108.769496,34.455951
,97,108.769866,34.456221
,97,108.769972,34.456298
,97,108.770311,34.456545
,97,108.770515,34.456694
,97,108.770944,34.457006
,97,108.771138,34.457147
,97,108.771410,34.457345
,97,108.771495,34.457407
,97,108.771759,34.457600
,97,108.771822,34.457645
,97,108.772126,34.457867
,97,108.772465,34.458114
,97,108.772621,34.458228
,97,108.772933,34.458454
,97,108.773016,34.458515
,97,108.773261,34.458694
,97,108.773366,34.458770
,97,108.773621,34.458956
,97,108.773689,34.459005
,97,108.773956,34.459200
,97,108.774123,34.459322
,98,108.774123,34.459322
,98,108.774169,34.459337
,98,108.774216,34.459345
,98,108.774263,34.459345
,98,108.774310,34.459339
,98,108.774356,34.459326
,98,108.774399,34.459307
,98,108.774439,34.459281
,99,108.774742,34.458160
,99,108.774785,34.458138
,99,108.774831,34.458121
,99,108.774878,34.458111
,99,108.774926,34.458108
,99,108.774975,34.458111
,99,108.775022,34.458121
,100,108.774742,34.458160
,100,108.774759,34.458116
,100,108.774769,34.458069
,100,108.774772,34.458022
,100,108.774768,34.457974
,100,108.774757,34.457928
,101,108.774757,34.457928
,101,108.774803,34.457933
,101,108.774849,34.457933
,101,108.774895,34.457926
,101,108.774940,34.457914
,101,108.774982,34.457896
,101,108.775022,34.457872
,102,108.775022,34.458121
,102,108.775006,34.458087
,102,108.774995,34.458052
,102,108.774990,34.458015
,102,108.774990,34.457978
,102,108.774995,34.457941
,102,108.775006,34.457906
,102,108.775022,34.457872
,103,108.775214,34.458503
,103,108.775230,34.458472
,103,108.775242,34.458439
,103,108.775248,34.458404
,103,108.775248,34.458369
,103,108.775242,34.458334
,103,108.775230,34.458301
,103,108.775212,34.458270
,103,108.775191,34.458243
,104,108.775191,34.458243
,104,108.775234,34.458258
,104,108.775279,34.458266
,104,108.775325,34.458269
,104,108.775371,34.458265
,104,108.775416,34.458254
,104,108.775459,34.458238
,104,108.775499,34.458216
,105,108.774409,34.457895
,105,108.774449,34.457875
,105,108.774491,34.457861
,105,108.774535,34.457852
,105,108.774580,34.457850
,105,108.774625,34.457854
,105,108.774669,34.457864
,106,108.774669,34.457864
,106,108.774656,34.457826
,106,108.774649,34.457786
,106,108.774649,34.457746
,106,108.774656,34.457706
,106,108.774669,34.457668
,106,108.774688,34.457632
,106,108.774712,34.457600
,107,108.774396,34.457666
,107,108.774443,34.457675
,107,108.774491,34.457678
,107,108.774538,34.457674
,107,108.774585,34.457664
,107,108.774630,34.457648
,107,108.774672,34.457627
,107,108.774712,34.457600
,108,108.774409,34.457895
,108,108.774420,34.457857
,108,108.774426,34.457819
,108,108.774427,34.457779
,108,108.774422,34.457740
,108,108.774411,34.457702
,108,108.774396,34.457666
,109,108.774332,34.457620
,109,108.774315,34.457586
,109,108.774303,34.457549
,109,108.774297,34.457511
,109,108.774297,34.457473
,109,108.774303,34.457435
,109,108.774315,34.457399
,109,108.774333,34.457365
,110,108.774037,34.457668
,110,108.774075,34.457644
,110,108.774115,34.457625
,110,108.774157,34.457612
,110,108.774201,34.457605
,110,108.774245,34.457604
,110,108.774289,34.457609
,110,108.774332,34.457620
,111,108.774037,34.457668
,111,108.774058,34.457637
,111,108.774072,34.457603
,111,108.774082,34.457567
,111,108.774086,34.457531
,111,108.774084,34.457494
,111,108.774075,34.457458
,111,108.774062,34.457423
,112,108.774062,34.457423
,112,108.774109,34.457428
,112,108.774156,34.457426
,112,108.774203,34.457419
,112,108.774248,34.457406
,112,108.774292,34.457388
,112,108.774333,34.457365
,113,108.773987,34.457369
,113,108.773972,34.457336
,113,108.773960,34.457301
,113,108.773955,34.457265
,113,108.773954,34.457228
,113,108.773959,34.457191
,113,108.773969,34.457156
,113,108.773985,34.457122
,114,108.773692,34.457155
,114,108.773734,34.457170
,114,108.773777,34.457178
,114,108.773821,34.457179
,114,108.773864,34.457174
,114,108.773907,34.457163
,114,108.773947,34.457146
,114,108.773985,34.457122
,115,108.773689,34.457418
,115,108.773726,34.457392
,115,108.773766,34.457372
,115,108.773810,34.457358
,115,108.773854,34.457351
,115,108.773899,34.457350
,115,108.773944,34.457357
,115,108.773987,34.457369
,116,108.773689,34.457418
,116,108.773710,34.457389
,116,108.773725,34.457357
,116,108.773735,34.457322
,116,108.773738,34.457287
,116,108.773735,34.457252
,116,108.773727,34.457217
,116,108.773712,34.457185
,116,108.773692,34.457155
,117,108.773250,34.457054
,117,108.773294,34.457037
,117,108.773341,34.457025
,117,108.773389,34.457019
,117,108.773437,34.457019
,117,108.773484,34.457026
,117,108.773531,34.457038
,118,108.773531,34.457038
,118,108.773511,34.457006
,118,108.773496,34.456972
,118,108.773486,34.456936
,118,108.773482,34.456899
,118,108.773482,34.456861
,118,108.773488,34.456825
,118,108.773500,34.456789
,119,108.773253,34.456836
,119,108.773303,34.456836
,119,108.773354,34.456832
,119,108.773404,34.456822
,119,108.773452,34.456808
,119,108.773500,34.456789
,120,108.773250,34.457054
,120,108.773261,34.457000
,120,108.773265,34.456945
,120,108.773262,34.456890
,120,108.773253,34.456836
,121,108.772871,34.456819
,121,108.772910,34.456797
,121,108.772952,34.456780
,121,108.772996,34.456768
,121,108.773041,34.456763
,121,108.773086,34.456762
,121,108.773131,34.456768
,121,108.773175,34.456779
,122,108.773175,34.456779
,122,108.773155,34.456744
,122,108.773141,34.456707
,122,108.773135,34.456668
,122,108.773135,34.456628
,122,108.773141,34.456589
,122,108.773154,34.456551
,122,108.773174,34.456516
,123,108.772901,34.456581
,123,108.772949,34.456586
,123,108.772997,34.456585
,123,108.773045,34.456578
,123,108.773090,34.456563
,123,108.773134,34.456543
,123,108.773174,34.456516
,124,108.772871,34.456819
,124,108.772891,34.456789
,124,108.772906,34.456757
,124,108.772916,34.456722
,124,108.772921,34.456686
,124,108.772920,34.456650
,124,108.772913,34.456615
,124,108.772901,34.456581
,125,108.772818,34.456520
,125,108.772800,34.456486
,125,108.772788,34.456450
,125,108.772783,34.456411
,125,108.772784,34.456373
,125,108.772791,34.456335
,125,108.772806,34.456299
,125,108.772825,34.456266
,126,108.772538,34.456569
,126,108.772573,34.456547
,126,108.772611,34.456529
,126,108.772651,34.456516
,126,108.772693,34.456509
,126,108.772735,34.456507
,126,108.772777,34.456511
,126,108.772818,34.456520
,127,108.772548,34.456324
,127,108.772596,34.456329
,127,108.772644,34.456328
,127,108.772692,34.456321
,127,108.772739,34.456308
,127,108.772783,34.456290
,127,108.772825,34.456266
,128,108.772538,34.456569
,128,108.772556,34.456542
,128,108.772570,34.456512
,128,108.772579,34.456481
,128,108.772583,34.456448
,128,108.772581,34.456416
,128,108.772575,34.456384
,128,108.772564,34.456353
,128,108.772548,34.456324
,129,108.772480,34.456273
,129,108.772462,34.456237
,129,108.772452,34.456198
,129,108.772448,34.456158
,129,108.772451,34.456118
,129,108.772461,34.456079
,129,108.772477,34.456042
,129,108.772500,34.456009
,130,108.772182,34.456327
,130,108.772218,34.456299
,130,108.772258,34.456278
,130,108.772301,34.456263
,130,108.772346,34.456255
,130,108.772391,34.456254
,130,108.772436,34.456260
,130,108.772480,34.456273
,131,108.772196,34.456069
,131,108.772241,34.456078
,131,108.772287,34.456082
,131,108.772333,34.456079
,131,108.772378,34.456070
,131,108.772421,34.456055
,131,108.772462,34.456035
,131,108.772500,34.456009
,132,108.772182,34.456327
,132,108.772203,34.456294
,132,108.772218,34.456258
,132,108.772226,34.456220
,132,108.772228,34.456181
,132,108.772224,34.456142
,132,108.772213,34.456104
,132,108.772196,34.456069
,133,108.771492,34.454403
,133,108.771522,34.454373
,133,108.771557,34.454349
,133,108.771594,34.454329
,133,108.771634,34.454315
,133,108.771676,34.454308
,133,108.771718,34.454306
,133,108.771760,34.454311
,133,108.771801,34.454321
,133,108.771840,34.454338
,134,108.772154,34.454567
,134,108.772108,34.454563
,134,108.772061,34.454564
,134,108.772016,34.454570
,134,108.771971,34.454583
,134,108.771929,34.454600
,134,108.771888,34.454623
,134,108.771851,34.454651
,134,108.771818,34.454683
,135,108.772523,34.455047
,135,108.772533,34.455010
,135,108.772538,34.454973
,135,108.772536,34.454935
,135,108.772528,34.454898
,135,108.772515,34.454862
,135,108.772496,34.454829
,135,108.772472,34.454800
,136,108.772523,34.455047
,136,108.772570,34.455031
,136,108.772620,34.455020
,136,108.772670,34.455015
,136,108.772720,34.455014
,136,108.772771,34.455019
,137,108.773023,34.455471
,137,108.773042,34.455446
,137,108.773058,34.455419
,137,108.773069,34.455390
,137,108.773075,34.455359
,137,108.773076,34.455327
,137,108.773073,34.455296
,137,108.773064,34.455266
,137,108.773051,34.455237
,137,108.773034,34.455211
,138,108.773023,34.455471
,138,108.773063,34.455445
,138,108.773107,34.455424
,138,108.773154,34.455410
,138,108.773201,34.455402
,138,108.773250,34.455400
,138,108.773298,34.455404
,139,108.773378,34.455706
,139,108.773397,34.455674
,139,108.773410,34.455640
,139,108.773417,34.455604
,139,108.773417,34.455568
,139,108.773411,34.455532
,139,108.773399,34.455497
,139,108.773382,34.455466
,140,108.773719,34.455979
,140,108.773739,34.455951
,140,108.773753,34.455920
,140,108.773763,34.455887
,140,108.773768,34.455854
,140,108.773767,34.455820
,140,108.773762,34.455786
,140,108.773751,34.455754
,140,108.773735,34.455724
,141,108.773378,34.455706
,141,108.773428,34.455683
,141,108.773480,34.455666
,141,108.773534,34.455656
,141,108.773589,34.455653
,141,108.773643,34.455657
,142,108.773719,34.455979
,142,108.773758,34.455954
,142,108.773799,34.455934
,142,108.773842,34.455918
,142,108.773887,34.455908
,142,108.773933,34.455902
,142,108.773978,34.455902
,143,108.774068,34.456213
,143,108.774085,34.456190
,143,108.774099,34.456164
,143,108.774108,34.456136
,143,108.774113,34.456107
,143,108.774114,34.456078
,143,108.774110,34.456049
,143,108.774101,34.456021
,143,108.774088,34.455994
,143,108.774072,34.455970
,144,108.774068,34.456213
,144,108.774113,34.456191
,144,108.774160,34.456175
,144,108.774210,34.456166
,144,108.774260,34.456164
,144,108.774310,34.456169
,144,108.774359,34.456180
,145,108.774545,34.456554
,145,108.774561,34.456521
,145,108.774572,34.456485
,145,108.774576,34.456448
,145,108.774574,34.456411
,145,108.774566,34.456374
,145,108.774553,34.456340
,145,108.774534,34.456308
,146,108.774545,34.456554
,146,108.774586,34.456533
,146,108.774630,34.456517
,146,108.774675,34.456507
,146,108.774721,34.456503
,146,108.774767,34.456504
,146,108.774813,34.456513
,147,108.774901,34.456797
,147,108.774914,34.456765
,147,108.774923,34.456732
,147,108.774926,34.456698
,147,108.774924,34.456663
,147,108.774917,34.456630
,147,108.774905,34.456598
,147,108.774888,34.456568
,148,108.774901,34.456797
,148,108.774948,34.456777
,148,108.774996,34.456763
,148,108.775047,34.456755
,148,108.775097,34.456753
,148,108.775148,34.456757
,149,108.775227,34.457069
,149,108.775246,34.457039
,149,108.775260,34.457006
,149,108.775269,34.456971
,149,108.775272,34.456935
,149,108.775269,34.456899
,149,108.775261,34.456864
,149,108.775247,34.456830
,150,108.775227,34.457069
,150,108.775266,34.457045
,150,108.775308,34.457026
,150,108.775352,34.457012
,150,108.775398,34.457005
,150,108.775444,34.457003
,150,108.775490,34.457008
,151,108.775606,34.457297
,151,108.775616,34.457258
,151,108.775621,34.457218
,151,108.775619,34.457179
,151,108.775610,34.457140
,151,108.775595,34.457103
,151,108.775574,34.457069
,152,108.775606,34.457297
,152,108.775649,34.457279
,152,108.775694,34.457267
,152,108.775740,34.457259
,152,108.775786,34.457256
,152,108.775833,34.457258
,153,108.771966,34.455901
,153,108.771944,34.455863
,153,108.771927,34.455822
,153,108.771918,34.455779
,153,108.771916,34.455736
,153,108.771920,34.455692
,153,108.771930,34.455649
,154,108.771661,34.455680
,154,108.771706,34.455691
,154,108.771752,34.455695
,154,108.771799,34.455693
,154,108.771845,34.455685
,154,108.771889,34.455670
,154,108.771930,34.455649
,155,108.771666,34.455918
,155,108.771683,34.455886
,155,108.771694,34.455852
,155,108.771699,34.455816
,155,108.771698,34.455780
,155,108.771691,34.455745
,155,108.771679,34.455711
,155,108.771661,34.455680
,156,108.771666,34.455918
,156,108.771714,34.455899
,156,108.771764,34.455886
,156,108.771814,34.455880
,156,108.771866,34.455880
,156,108.771916,34.455888
,156,108.771966,34.455901
,157,108.771344,34.455450
,157,108.771323,34.455417
,157,108.771306,34.455382
,157,108.771294,34.455345
,157,108.771288,34.455306
,157,108.771288,34.455267
,157,108.771292,34.455228
,157,108.771303,34.455191
,158,108.771064,34.455246
,158,108.771106,34.455251
,158,108.771148,34.455251
,158,108.771189,34.455244
,158,108.771230,34.455232
,158,108.771268,34.455214
,158,108.771303,34.455191
,159,108.769840,34.455929
,159,108.770590,34.455179
,160,108.770590,34.455179
,160,108.770634,34.455156
,160,108.770681,34.455140
,160,108.770729,34.455129
,160,108.770779,34.455124
,160,108.770829,34.455125
,160,108.770878,34.455133
,160,108.770926,34.455146
,160,108.770971,34.455165
,161,108.771051,34.455465
,161,108.771066,34.455423
,161,108.771075,34.455379
,161,108.771078,34.455334
,161,108.771074,34.455289
,161,108.771064,34.455246
,162,108.771051,34.455465
,162,108.771089,34.455446
,162,108.771131,34.455432
,162,108.771174,34.455424
,162,108.771217,34.455421
,162,108.771261,34.455425
,162,108.771303,34.455434
,162,108.771344,34.455450
,163,108.770971,34.455165
,163,108.770954,34.455127
,163,108.770943,34.455087
,163,108.770939,34.455046
,163,108.770943,34.455004
,163,108.770953,34.454964
,163,108.770970,34.454926
,164,108.770694,34.454973
,164,108.770734,34.454983
,164,108.770775,34.454987
,164,108.770817,34.454986
,164,108.770858,34.454978
,164,108.770898,34.454966
,164,108.770935,34.454948
,164,108.770970,34.454926
,165,108.770590,34.455179
,165,108.770607,34.455139
,165,108.770618,34.455097
,165,108.770622,34.455053
,165,108.770619,34.455010
,165,108.770610,34.454967
,165,108.770594,34.454927
,165,108.770572,34.454889
,166,108.770091,34.454835
,166,108.770135,34.454810
,166,108.770181,34.454791
,166,108.770230,34.454778
,166,108.770280,34.454770
,166,108.770330,34.454769
,166,108.770380,34.454774
,166,108.770430,34.454786
,167,108.770091,34.454835
,167,108.770111,34.454796
,167,108.770125,34.454754
,167,108.770133,34.454711
,167,108.770133,34.454667
,167,108.770127,34.454624
,167,108.770114,34.454582
,167,108.770095,34.454542
,168,108.769606,34.454471
,168,108.769644,34.454447
,168,108.769685,34.454429
,168,108.769728,34.454416
,168,108.769773,34.454408
,168,108.769818,34.454407
,168,108.769863,34.454411
,168,108.769906,34.454421
,168,108.769949,34.454436
,169,108.769606,34.454471
,169,108.769623,34.454432
,169,108.769635,34.454391
,169,108.769640,34.454348
,169,108.769639,34.454306
,169,108.769632,34.454263
,169,108.769620,34.454222
,169,108.769601,34.454184
,170,108.769076,34.454085
,170,108.769117,34.454060
,170,108.769162,34.454041
,170,108.769208,34.454028
,170,108.769256,34.454020
,170,108.769304,34.454020
,170,108.769352,34.454025
,170,108.769398,34.454037
,171,108.769076,34.454085
,171,108.769095,34.454046
,171,108.769108,34.454004
,171,108.769114,34.453962
,171,108.769113,34.453918
,171,108.769105,34.453876
,171,108.769090,34.453835
,171,108.769068,34.453797
,172,108.768572,34.453710
,172,108.768616,34.453687
,172,108.768663,34.453670
,172,108.768712,34.453659
,172,108.768763,34.453655
,172,108.768813,34.453657
,172,108.768862,34.453667
,172,108.768910,34.453682
,173,108.768572,34.453710
,173,108.768588,34.453676
,173,108.768599,34.453639
,173,108.768605,34.453601
,173,108.768605,34.453562
,173,108.768599,34.453524
,173,108.768588,34.453487
,173,108.768572,34.453452
,173,108.768550,34.453421
,174,108.768055,34.453353
,174,108.768097,34.453326
,174,108.768143,34.453305
,174,108.768191,34.453291
,174,108.768241,34.453284
,174,108.768291,34.453283
,174,108.768340,34.453290
,174,108.768388,34.453303
,175,108.768055,34.453353
,175,108.768077,34.453318
,175,108.768092,34.453280
,175,108.768100,34.453239
,175,108.768102,34.453199
,175,108.768096,34.453158
,175,108.768084,34.453119
,175,108.768066,34.453082
,175,108.768042,34.453049
,175,108.768013,34.453021
,176,108.766225,34.454074
,176,108.766278,34.454038
,176,108.766333,34.454007
,176,108.766391,34.453982
,176,108.766452,34.453963
,176,108.766514,34.453950
,176,108.766577,34.453944
,176,108.766640,34.453943
,176,108.766704,34.453950
,176,108.766765,34.453962
,177,108.766765,34.453962
,177,108.766734,34.453936
,177,108.766706,34.453905
,177,108.766683,34.453871
,177,108.766665,34.453835
,177,108.766653,34.453796
,177,108.766646,34.453755
,177,108.766644,34.453714
,177,108.766648,34.453673
,177,108.766659,34.453633
,178,108.766225,34.454074
,178,108.766255,34.454032
,178,108.766280,34.453986
,178,108.766299,34.453937
,178,108.766311,34.453886
,178,108.766317,34.453835
,178,108.766316,34.453783
,178,108.766309,34.453731
,178,108.766295,34.453681
,178,108.766276,34.453633
,178,108.766250,34.453587
,179,108.766250,34.453587
,179,108.766296,34.453615
,179,108.766345,34.453637
,179,108.766396,34.453653
,179,108.766449,34.453662
,179,108.766502,34.453665
,179,108.766555,34.453661
,179,108.766608,34.453650
,179,108.766659,34.453633
,180,108.766250,34.453587
,180,108.766214,34.453558
,180,108.766182,34.453524
,180,108.766155,34.453486
,180,108.766133,34.453445
,180,108.766117,34.453401
,180,108.766107,34.453355
,180,108.766103,34.453309
,180,108.766106,34.453262
,180,108.766115,34.453216
,180,108.766131,34.453172
,180,108.766152,34.453130
,181,108.767346,34.454385
,181,108.767325,34.454350
,181,108.767309,34.454313
,181,108.767299,34.454273
,181,108.767295,34.454232
,181,108.767298,34.454191
,181,108.767307,34.454151
,181,108.767321,34.454113
,181,108.767341,34.454077
,182,108.766984,34.454121
,182,108.767029,34.454136
,182,108.767075,34.454144
,182,108.767121,34.454147
,182,108.767168,34.454145
,182,108.767214,34.454136
,182,108.767259,34.454122
,182,108.767301,34.454102
,182,108.767341,34.454077
,183,108.767845,34.454749
,183,108.767826,34.454706
,183,108.767813,34.454661
,183,108.767806,34.454615
,183,108.767805,34.454568
,183,108.767811,34.454522
,183,108.767823,34.454476
,183,108.767841,34.454433
,184,108.767477,34.454480
,184,108.767522,34.454497
,184,108.767569,34.454506
,184,108.767618,34.454510
,184,108.767665,34.454507
,184,108.767713,34.454498
,184,108.767758,34.454482
,184,108.767802,34.454460
,184,108.767841,34.454433
,185,108.768385,34.455142
,185,108.768358,34.455112
,185,108.768336,34.455078
,185,108.768320,34.455042
,185,108.768309,34.455003
,185,108.768305,34.454964
,185,108.768307,34.454923
,185,108.768315,34.454884
,185,108.768329,34.454847
,185,108.768349,34.454812
,186,108.767969,34.454839
,186,108.768015,34.454857
,186,108.768064,34.454868
,186,108.768113,34.454874
,186,108.768162,34.454874
,186,108.768212,34.454867
,186,108.768259,34.454855
,186,108.768306,34.454836
,186,108.768349,34.454812
,187,108.768896,34.455514
,187,108.768873,34.455485
,187,108.768855,34.455453
,187,108.768842,34.455418
,187,108.768834,34.455382
,187,108.768831,34.455344
,187,108.768835,34.455308
,187,108.768844,34.455271
,187,108.768859,34.455237
,187,108.768879,34.455206
,188,108.768520,34.455241
,188,108.768565,34.455257
,188,108.768610,34.455268
,188,108.768657,34.455273
,188,108.768704,34.455271
,188,108.768751,34.455264
,188,108.768796,34.455250
,188,108.768839,34.455231
,188,108.768879,34.455206
,189,108.769368,34.455858
,189,108.769350,34.455815
,189,108.769338,34.455771
,189,108.769332,34.455725
,189,108.769333,34.455679
,189,108.769339,34.455633
,189,108.769352,34.455589
,189,108.769371,34.455547
,190,108.769020,34.455605
,190,108.769065,34.455616
,190,108.769110,34.455622
,190,108.769157,34.455623
,190,108.769203,34.455618
,190,108.769248,34.455608
,190,108.769291,34.455593
,190,108.769333,34.455572
,190,108.769371,34.455547
,191,108.769866,34.456221
,191,108.769843,34.456184
,191,108.769826,34.456143
,191,108.769815,34.456100
,191,108.769811,34.456056
,191,108.769814,34.456013
,191,108.769824,34.455970
,191,108.769840,34.455929
,192,108.769496,34.455951
,192,108.769545,34.455964
,192,108.769595,34.455972
,192,108.769645,34.455974
,192,108.769695,34.455971
,192,108.769745,34.455962
,192,108.769793,34.455948
,192,108.769840,34.455929
,193,108.770311,34.456545
,193,108.770291,34.456502
,193,108.770277,34.456458
,193,108.770268,34.456412
,193,108.770265,34.456366
,193,108.770267,34.456319
,193,108.770275,34.456273
,193,108.770288,34.456228
,194,108.769972,34.456298
,194,108.770013,34.456312
,194,108.770055,34.456319
,194,108.770098,34.456320
,194,108.770141,34.456314
,194,108.770183,34.456301
,194,108.770221,34.456283
,194,108.770257,34.456258
,194,108.770288,34.456228
,195,108.770515,34.456694
,195,108.770565,34.456712
,195,108.770617,34.456724
,195,108.770670,34.456730
,195,108.770724,34.456729
,195,108.770777,34.456721
,195,108.770828,34.456707
,195,108.770878,34.456687
,195,108.770924,34.456660
,196,108.770944,34.457006
,196,108.770916,34.456974
,196,108.770894,34.456938
,196,108.770878,34.456899
,196,108.770868,34.456858
,196,108.770866,34.456816
,196,108.770871,34.456774
,196,108.770882,34.456733
,196,108.770900,34.456695
,196,108.770924,34.456660
,197,108.771138,34.457147
,197,108.771188,34.457149
,197,108.771238,34.457145
,197,108.771287,34.457136
,197,108.771335,34.457121
,197,108.771381,34.457102
,197,108.771424,34.457077
,198,108.771410,34.457345
,198,108.771396,34.457301
,198,108.771389,34.457256
,198,108.771388,34.457210
,198,108.771394,34.457164
,198,108.771406,34.457119
,198,108.771424,34.457077
,199,108.771495,34.457407
,199,108.771548,34.457408
,199,108.771601,34.457403
,199,108.771652,34.457392
,199,108.771702,34.457374
,199,108.771750,34.457350
,200,108.771759,34.457600
,200,108.771742,34.457560
,200,108.771731,34.457518
,200,108.771727,34.457476
,200,108.771728,34.457433
,200,108.771736,34.457390
,200,108.771750,34.457350
,201,108.771822,34.457645
,201,108.771866,34.457654
,201,108.771911,34.457656
,201,108.771956,34.457653
,201,108.772001,34.457644
,201,108.772043,34.457629
,201,108.772083,34.457609
,201,108.772121,34.457584
,202,108.772126,34.457867
,202,108.772105,34.457840
,202,108.772089,34.457810
,202,108.772078,34.457778
,202,108.772071,34.457744
,202,108.772071,34.457710
,202,108.772076,34.457676
,202,108.772086,34.457643
,202,108.772101,34.457612
,202,108.772121,34.457584
,203,108.772126,34.457867
,203,108.772167,34.457883
,203,108.772210,34.457894
,203,108.772253,34.457899
,203,108.772297,34.457898
,203,108.772341,34.457892
,203,108.772383,34.457881
,203,108.772424,34.457864
,203,108.772462,34.457842
,204,108.772465,34.458114
,204,108.772444,34.458078
,204,108.772430,34.458039
,204,108.772422,34.457999
,204,108.772422,34.457958
,204,108.772429,34.457917
,204,108.772442,34.457878
,204,108.772462,34.457842
,205,108.772621,34.458228
,205,108.772661,34.458242
,205,108.772702,34.458251
,205,108.772744,34.458253
,205,108.772786,34.458248
,205,108.772827,34.458238
,205,108.772866,34.458221
,205,108.772901,34.458198
,206,108.772933,34.458454
,206,108.772910,34.458423
,206,108.772893,34.458388
,206,108.772881,34.458350
,206,108.772877,34.458311
,206,108.772879,34.458272
,206,108.772887,34.458234
,206,108.772901,34.458198
,207,108.773016,34.458515
,207,108.773057,34.458517
,207,108.773098,34.458515
,207,108.773139,34.458507
,207,108.773177,34.458494
,207,108.773215,34.458477
,207,108.773250,34.458456
,208,108.773261,34.458694
,208,108.773247,34.458656
,208,108.773237,34.458616
,208,108.773233,34.458576
,208,108.773233,34.458535
,208,108.773239,34.458495
,208,108.773250,34.458456
,209,108.773621,34.458956
,209,108.773599,34.458924
,209,108.773584,34.458888
,209,108.773575,34.458851
,209,108.773573,34.458812
,209,108.773577,34.458774
,209,108.773588,34.458737
,209,108.773605,34.458702
,210,108.773366,34.458770
,210,108.773428,34.458763
,210,108.773489,34.458749
,210,108.773548,34.458729
,210,108.773605,34.458702
,211,108.773689,34.459005
,211,108.773740,34.459012
,211,108.773791,34.459011
,211,108.773842,34.459004
,211,108.773892,34.458991
,211,108.773939,34.458971
,212,108.773956,34.459200
,212,108.773940,34.459164
,212,108.773929,34.459126
,212,108.773923,34.459087
,212,108.773923,34.459048
,212,108.773928,34.459009
,212,108.773939,34.458971
,213,108.762603,34.451178
,213,108.762638,34.451157
,213,108.762676,34.451140
,213,108.762715,34.451129
,213,108.762756,34.451124
,213,108.762798,34.451124
,213,108.762838,34.451130
,213,108.762877,34.451141
,213,108.762915,34.451158
,214,108.759123,34.447864
,214,108.759162,34.447843
,214,108.759203,34.447826
,214,108.759245,34.447814
,214,108.759289,34.447807
,214,108.759333,34.447805
,214,108.759377,34.447809
,215,108.759123,34.447864
,215,108.759140,34.447828
,215,108.759152,34.447789
,215,108.759157,34.447749
,215,108.759156,34.447709
,215,108.759149,34.447670
,215,108.759135,34.447632
,216,108.758612,34.447251
,216,108.758584,34.447223
,216,108.758561,34.447190
,216,108.758543,34.447155
,216,108.758530,34.447117
,216,108.758524,34.447077
,216,108.758524,34.447037
,216,108.758530,34.446998
,216,108.758543,34.446960
,216,108.758561,34.446924
,217,108.758226,34.447259
,217,108.758271,34.447235
,217,108.758318,34.447217
,217,108.758367,34.447205
,217,108.758418,34.447201
,217,108.758469,34.447203
,217,108.758518,34.447213
,217,108.758566,34.447229
,217,108.758612,34.447251
,218,108.759470,34.448743
,218,108.759846,34.448370
,219,108.759846,34.448370
,219,108.759860,34.448338
,219,108.759869,34.448304
,219,108.759872,34.448269
,219,108.759869,34.448235
,219,108.759859,34.448201
,219,108.759844,34.448170
,219,108.759824,34.448141
,219,108.759799,34.448116
,220,108.759719,34.448058
,220,108.759765,34.448067
,220,108.759812,34.448071
,220,108.759858,34.448067
,220,108.759904,34.448057
,220,108.759948,34.448040
,221,108.759972,34.448242
,221,108.759955,34.448221
,221,108.759941,34.448197
,221,108.759932,34.448171
,221,108.759927,34.448145
,221,108.759925,34.448118
,221,108.759929,34.448091
,221,108.759937,34.448065
,221,108.759948,34.448040
,222,108.763039,34.450743
,222,108.763058,34.450705
,222,108.763070,34.450665
,222,108.763074,34.450623
,222,108.763072,34.450581
,222,108.763063,34.450540
,222,108.763047,34.450501
,222,108.763025,34.450466
,223,108.762537,34.450362
,223,108.762587,34.450345
,223,108.762639,34.450333
,223,108.762692,34.450326
,223,108.762745,34.450325
,223,108.762798,34.450329
,223,108.762850,34.450338
,224,108.762850,34.450338
,224,108.762835,34.450316
,224,108.762823,34.450292
,224,108.762816,34.450266
,224,108.762812,34.450239
,224,108.762813,34.450213
,224,108.762818,34.450186
,224,108.762827,34.450161
,225,108.762590,34.450147
,225,108.762620,34.450165
,225,108.762654,34.450179
,225,108.762688,34.450187
,225,108.762724,34.450189
,225,108.762760,34.450185
,225,108.762794,34.450176
,225,108.762827,34.450161
,226,108.762537,34.450362
,226,108.762558,34.450345
,226,108.762577,34.450325
,226,108.762592,34.450303
,226,108.762602,34.450278
,226,108.762609,34.450252
,226,108.762611,34.450225
,226,108.762608,34.450198
,226,108.762601,34.450172
,226,108.762590,34.450147
,227,108.762521,34.450097
,227,108.762513,34.450077
,227,108.762508,34.450057
,227,108.762507,34.450036
,227,108.762508,34.450015
,227,108.762513,34.449994
,227,108.762521,34.449975
,227,108.762531,34.449957
,228,108.762334,34.449960
,228,108.762373,34.449969
,228,108.762413,34.449973
,228,108.762453,34.449973
,228,108.762493,34.449967
,228,108.762531,34.449957
,229,108.762250,34.450064
,229,108.762291,34.450050
,229,108.762333,34.450042
,229,108.762375,34.450040
,229,108.762418,34.450043
,229,108.762460,34.450052
,230,108.762250,34.450064
,230,108.762260,34.450035
,230,108.762264,34.450005
,230,108.762264,34.449975
,230,108.762260,34.449945
,230,108.762250,34.449916
,230,108.762237,34.449889
,231,108.762237,34.449889
,231,108.762226,34.449865
,231,108.762219,34.449839
,231,108.762217,34.449813
,231,108.762219,34.449787
,231,108.762225,34.449761
,231,108.762236,34.449737
,232,108.762020,34.449730
,232,108.762054,34.449747
,232,108.762090,34.449757
,232,108.762127,34.449762
,232,108.762165,34.449760
,232,108.762201,34.449751
,232,108.762236,34.449737
,233,108.761903,34.449828
,233,108.761943,34.449809
,233,108.761985,34.449796
,233,108.762030,34.449791
,233,108.762074,34.449792
,233,108.762117,34.449801
,234,108.761903,34.449828
,234,108.761914,34.449804
,234,108.761922,34.449779
,234,108.761926,34.449753
,234,108.761925,34.449726
,234,108.761921,34.449700
,234,108.761912,34.449675
,234,108.761900,34.449652
,234,108.761885,34.449630
,235,108.761928,34.449663
,235,108.761921,34.449640
,235,108.761917,34.449616
,235,108.761918,34.449592
,235,108.761922,34.449569
,235,108.761929,34.449546
,235,108.761940,34.449525
,236,108.761766,34.449544
,236,108.761802,34.449550
,236,108.761837,34.449551
,236,108.761873,34.449547
,236,108.761908,34.449538
,236,108.761940,34.449525
,237,108.761554,34.449585
,237,108.761593,34.449564
,237,108.761634,34.449548
,237,108.761678,34.449540
,237,108.761723,34.449538
,237,108.761766,34.449544
,238,108.761554,34.449585
,238,108.761567,34.449552
,238,108.761574,34.449516
,238,108.761575,34.449480
,238,108.761569,34.449445
,238,108.761558,34.449411
,238,108.761541,34.449379
,239,108.761643,34.449454
,239,108.761634,34.449431
,239,108.761628,34.449407
,239,108.761626,34.449383
,239,108.761629,34.449359
,239,108.761635,34.449335
,239,108.761645,34.449313
,240,108.761456,34.449316
,240,108.761482,34.449328
,240,108.761509,34.449336
,240,108.761537,34.449340
,240,108.761565,34.449339
,240,108.761593,34.449335
,240,108.761620,34.449326
,240,108.761645,34.449313
,241,108.761229,34.449313
,241,108.761265,34.449300
,241,108.761304,34.449292
,241,108.761343,34.449290
,241,108.761382,34.449294
,241,108.761420,34.449302
,241,108.761456,34.449316
,242,108.761229,34.449313
,242,108.761234,34.449277
,242,108.761234,34.449241
,242,108.761228,34.449205
,242,108.761216,34.449170
,242,108.761198,34.449139
,242,108.761175,34.449110
,243,108.761175,34.449110
,243,108.761212,34.449120
,243,108.761251,34.449125
,243,108.761289,34.449125
,243,108.761328,34.449119
,243,108.761365,34.449108
,244,108.761373,34.449256
,244,108.761362,34.449233
,244,108.761355,34.449208
,244,108.761351,34.449183
,244,108.761352,34.449157
,244,108.761356,34.449132
,244,108.761365,34.449108
,245,108.760880,34.449085
,245,108.760909,34.449067
,245,108.760941,34.449053
,245,108.760976,34.449046
,245,108.761010,34.449044
,245,108.761045,34.449049
,245,108.761078,34.449059
,245,108.761109,34.449075
,246,108.761109,34.449075
,246,108.761090,34.449056
,246,108.761075,34.449034
,246,108.761063,34.449011
,246,108.761055,34.448985
,246,108.761050,34.448959
,246,108.761050,34.448933
,246,108.761054,34.448906
,246,108.761062,34.448881
,247,108.760880,34.449085
,247,108.760890,34.449057
,247,108.760895,34.449027
,247,108.760895,34.448997
,247,108.760890,34.448967
,247,108.760881,34.448938
,247,108.760868,34.448911
,247,108.760850,34.448887
,248,108.760850,34.448887
,248,108.760884,34.448901
,248,108.760920,34.448910
,248,108.760957,34.448912
,248,108.760994,34.448908
,248,108.761029,34.448897
,248,108.761062,34.448881
,249,108.760775,34.448832
,249,108.760764,34.448815
,249,108.760755,34.448796
,249,108.760750,34.448776
,249,108.760748,34.448755
,249,108.760750,34.448734
,249,108.760755,34.448713
,249,108.760763,34.448694
,249,108.760774,34.448676
,250,108.760550,34.448667
,250,108.760585,34.448684
,250,108.760622,34.448694
,250,108.760661,34.448699
,250,108.760699,34.448698
,250,108.760738,34.448690
,250,108.760774,34.448676
,251,108.760539,34.448813
,251,108.760578,34.448802
,251,108.760619,34.448797
,251,108.760659,34.448797
,251,108.760699,34.448804
,251,108.760738,34.448815
,251,108.760775,34.448832
,252,108.760539,34.448813
,252,108.760548,34.448788
,252,108.760553,34.448762
,252,108.760553,34.448736
,252,108.760549,34.448710
,252,108.760540,34.448685
,252,108.760527,34.448662
,252,108.760511,34.448641
,252,108.760491,34.448624
,253,108.760491,34.448624
,253,108.760479,34.448599
,253,108.760470,34.448573
,253,108.760467,34.448546
,253,108.760467,34.448519
,253,108.760472,34.448492
,253,108.760481,34.448466
,253,108.760494,34.448442
,254,108.760265,34.448455
,254,108.760310,34.448466
,254,108.760357,34.448470
,254,108.760404,34.448468
,254,108.760450,34.448458
,254,108.760494,34.448442
,255,108.760191,34.448570
,255,108.760220,34.448555
,255,108.760250,34.448544
,255,108.760282,34.448537
,255,108.760315,34.448536
,255,108.760347,34.448539
,255,108.760379,34.448548
,255,108.760409,34.448560
,256,108.760191,34.448570
,256,108.760193,34.448527
,256,108.760189,34.448484
,256,108.760179,34.448442
,256,108.760162,34.448402
,256,108.760140,34.448365
,257,108.749350,34.441074
,257,108.749559,34.441226
,257,108.749852,34.441447
,257,108.749985,34.441542
,257,108.750377,34.441819
,257,108.750488,34.441912
,257,108.750793,34.442134
,257,108.750959,34.442240
,257,108.751280,34.442477
,257,108.751436,34.442582
,257,108.751731,34.442806
,257,108.751916,34.442935
,257,108.752265,34.443188
,257,108.752392,34.443280
,257,108.752734,34.443533
,257,108.752921,34.443671
,257,108.753363,34.443986
,257,108.753556,34.444124
,257,108.753809,34.444304
,257,108.753978,34.444430
,257,108.754135,34.444544
,257,108.754291,34.444657
,257,108.754429,34.444757
,257,108.754633,34.444897
,257,108.754811,34.445037
,257,108.755073,34.445227
,257,108.755191,34.445309
,257,108.755599,34.445606
,257,108.755645,34.445639
,257,108.755766,34.445726
,257,108.756062,34.445941
,257,108.756189,34.446033
,257,108.756427,34.446197
,257,108.756558,34.446301
,257,108.756802,34.446479
,257,108.756942,34.446579
,257,108.757232,34.446789
,257,108.757339,34.446867
,257,108.757745,34.447162
,257,108.757916,34.447285
,258,108.757916,34.447285
,258,108.757960,34.447300
,258,108.758005,34.447308
,258,108.758051,34.447311
,258,108.758097,34.447307
,258,108.758142,34.447297
,258,108.758186,34.447281
,258,108.758226,34.447259
,259,108.748524,34.441512
,259,108.749010,34.441032
,259,108.750045,34.439999
,259,108.750621,34.439441
,260,108.750463,34.440092
,260,108.750568,34.440177
,260,108.750906,34.440437
,260,108.751068,34.440532
,260,108.751382,34.440766
,260,108.751559,34.440893
,260,108.751858,34.441103
,260,108.751981,34.441192
,260,108.752236,34.441362
,260,108.752352,34.441459
,260,108.752467,34.441542
,260,108.752796,34.441780
,260,108.752906,34.441861
,260,108.753310,34.442160
,260,108.753400,34.442225
,260,108.753818,34.442536
,260,108.753960,34.442636
,260,108.754178,34.442794
,260,108.754402,34.442957
,260,108.754462,34.443001
,260,108.754565,34.443075
,260,108.754739,34.443201
,260,108.754869,34.443295
,260,108.754934,34.443344
,260,108.755026,34.443414
,260,108.755159,34.443512
,260,108.755312,34.443624
,260,108.755414,34.443698
,260,108.755663,34.443875
,260,108.755853,34.444010
,260,108.756184,34.444244
,260,108.756253,34.444295
,260,108.756450,34.444439
,260,108.756569,34.444523
,260,108.756719,34.444631
,260,108.756768,34.444667
,260,108.757026,34.444854
,260,108.757116,34.444919
,260,108.757173,34.444960
,260,108.757481,34.445184
,260,108.757588,34.445262
,260,108.757848,34.445450
,260,108.757935,34.445514
,260,108.758003,34.445563
,260,108.758161,34.445677
,260,108.758269,34.445756
,260,108.758364,34.445825
,260,108.758678,34.446053
,260,108.758748,34.446104
,260,108.758898,34.446212
,261,108.756044,34.445757
,261,108.756855,34.444960
,262,108.765622,34.452729
,262,108.765606,34.452789
,262,108.765599,34.452832
,262,108.765597,34.452877
,262,108.765597,34.452930
,262,108.765600,34.452975
,262,108.765608,34.453022
,262,108.765616,34.453070
,262,108.765631,34.453136
,263,108.765693,34.453181
,263,108.765804,34.453194
,263,108.765870,34.453197
,263,108.765930,34.453193
,263,108.765999,34.453186
,263,108.766068,34.453167
,263,108.766152,34.453130
,264,108.765161,34.452794
,264,108.765249,34.452803
,264,108.765320,34.452803
,264,108.765408,34.452795
,264,108.765481,34.452784
,264,108.765566,34.452757
,264,108.765622,34.452729
,265,108.765023,34.452297
,265,108.765005,34.452358
,265,108.765000,34.452417
,265,108.765001,34.452472
,265,108.765004,34.452519
,265,108.765013,34.452576
,265,108.765023,34.452632
,265,108.765032,34.452700
,266,108.764553,34.452351
,266,108.764631,34.452361
,266,108.764672,34.452367
,266,108.764717,34.452370
,266,108.764762,34.452374
,266,108.764816,34.452368
,266,108.764880,34.452357
,266,108.764952,34.452336
,266,108.765023,34.452297
,267,108.764357,34.451790
,267,108.764343,34.451844
,267,108.764336,34.451882
,267,108.764334,34.451926
,267,108.764334,34.451978
,267,108.764338,34.452027
,267,108.764344,34.452076
,267,108.764354,34.452127
,267,108.764371,34.452218
,268,108.763872,34.451855
,268,108.763968,34.451860
,268,108.764027,34.451862
,268,108.764091,34.451868
,268,108.764141,34.451864
,268,108.764199,34.451854
,268,108.764277,34.451830
,268,108.764357,34.451790
,269,108.763743,34.451358
,269,108.763733,34.451396
,269,108.763725,34.451433
,269,108.763723,34.451470
,269,108.763725,34.451515
,269,108.763729,34.451562
,269,108.763734,34.451599
,269,108.763746,34.451674
,269,108.763754,34.451718
,269,108.763776,34.451785
,270,108.763254,34.451405
,270,108.763361,34.451413
,270,108.763430,34.451420
,270,108.763510,34.451420
,270,108.763591,34.451411
,270,108.763664,34.451390
,270,108.763743,34.451358
,271,108.758898,34.446212
,271,108.758934,34.446274
,271,108.758944,34.446306
,271,108.758958,34.446368
,271,108.758966,34.446427
,271,108.758956,34.446490
,271,108.758928,34.446560
,272,108.758420,34.446114
,272,108.758464,34.446091
,272,108.758509,34.446079
,272,108.758562,34.446075
,272,108.758612,34.446077
,272,108.758678,34.446089
,272,108.758748,34.446104
,273,108.758420,34.446114
,273,108.758425,34.446062
,273,108.758430,34.445988
,273,108.758427,34.445948
,273,108.758416,34.445907
,273,108.758394,34.445866
,273,108.758364,34.445825
,274,108.757339,34.446867
,274,108.757422,34.446887
,274,108.757493,34.446894
,274,108.757548,34.446884
,274,108.757607,34.446870
,274,108.757682,34.446856
,275,108.757682,34.446856
,275,108.757664,34.446899
,275,108.757657,34.446949
,275,108.757666,34.447003
,275,108.757676,34.447055
,275,108.757745,34.447162
,276,108.756942,34.446579
,276,108.756992,34.446585
,276,108.757042,34.446585
,276,108.757092,34.446580
,276,108.757151,34.446561
,276,108.757199,34.446530
,277,108.757199,34.446530
,277,108.757179,34.446585
,277,108.757175,34.446621
,277,108.757175,34.446664
,277,108.757184,34.446706
,277,108.757232,34.446789
,278,108.757972,34.445753
,278,108.758020,34.445733
,278,108.758077,34.445723
,278,108.758137,34.445718
,278,108.758196,34.445728
,278,108.758269,34.445756
,279,108.757972,34.445753
,279,108.757985,34.445697
,279,108.757988,34.445639
,279,108.757980,34.445591
,279,108.757958,34.445546
,279,108.757935,34.445514
,280,108.757602,34.445479
,280,108.757637,34.445448
,280,108.757671,34.445434
,280,108.757706,34.445429
,280,108.757738,34.445431
,280,108.757780,34.445435
,280,108.757848,34.445450
,281,108.757602,34.445479
,281,108.757615,34.445424
,281,108.757615,34.445393
,281,108.757614,34.445356
,281,108.757611,34.445315
,281,108.757588,34.445262
,282,108.756558,34.446301
,282,108.756610,34.446304
,282,108.756665,34.446305
,282,108.756723,34.446299
,282,108.756773,34.446287
,282,108.756803,34.446277
,283,108.756803,34.446277
,283,108.756787,34.446305
,283,108.756775,34.446343
,283,108.756773,34.446372
,283,108.756773,34.446407
,283,108.756778,34.446443
,283,108.756802,34.446479
,284,108.756189,34.446033
,284,108.756234,34.446038
,284,108.756276,34.446041
,284,108.756321,34.446038
,284,108.756364,34.446029
,284,108.756402,34.446017
,284,108.756439,34.446006
,285,108.756439,34.446006
,285,108.756427,34.446033
,285,108.756415,34.446066
,285,108.756413,34.446094
,285,108.756412,34.446121
,285,108.756413,34.446153
,285,108.756427,34.446197
,286,108.757244,34.445197
,286,108.757272,34.445179
,286,108.757303,34.445168
,286,108.757345,34.445162
,286,108.757385,34.445158
,286,108.757428,34.445160
,286,108.757481,34.445184
,287,108.757244,34.445197
,287,108.757254,34.445150
,287,108.757254,34.445115
,287,108.757246,34.445070
,287,108.757234,34.445038
,287,108.757207,34.445001
,287,108.757173,34.444960
,288,108.756855,34.444960
,288,108.756895,34.444928
,288,108.756931,34.444905
,288,108.756975,34.444892
,288,108.757007,34.444891
,288,108.757044,34.444895
,288,108.757116,34.444919
,289,108.756855,34.444960
,289,108.756856,34.444889
,289,108.756854,34.444849
,289,108.756846,34.444806
,289,108.756821,34.444751
,289,108.756802,34.444716
,289,108.756768,34.444667
,290,108.755766,34.445726
,290,108.755824,34.445736
,290,108.755860,34.445742
,290,108.755893,34.445747
,290,108.755932,34.445751
,290,108.755968,34.445752
,290,108.756004,34.445756
,290,108.756044,34.445757
,291,108.756044,34.445757
,291,108.756030,34.445778
,291,108.756022,34.445795
,291,108.756018,34.445818
,291,108.756019,34.445842
,291,108.756022,34.445866
,291,108.756030,34.445894
,291,108.756062,34.445941
,292,108.755191,34.445309
,292,108.755272,34.445338
,292,108.755317,34.445350
,292,108.755365,34.445354
,292,108.755429,34.445354
,292,108.755476,34.445345
,292,108.755529,34.445329
,292,108.755603,34.445305
,293,108.755603,34.445305
,293,108.755565,34.445374
,293,108.755558,34.445407
,293,108.755555,34.445442
,293,108.755558,34.445488
,293,108.755568,34.445539
,293,108.755599,34.445606
,294,108.755266,34.445625
,294,108.755268,34.445571
,294,108.755264,34.445520
,294,108.755261,34.445473
,294,108.755252,34.445425
,294,108.755236,34.445377
,294,108.755191,34.445309
,295,108.755266,34.445625
,295,108.755355,34.445573
,295,108.755400,34.445557
,295,108.755446,34.445555
,295,108.755490,34.445564
,295,108.755599,34.445606
,296,108.756719,34.444631
,296,108.756771,34.444638
,296,108.756821,34.444636
,296,108.756874,34.444627
,296,108.756928,34.444608
,296,108.757004,34.444571
,297,108.757004,34.444571
,297,108.756980,34.444606
,297,108.756969,34.444634
,297,108.756960,34.444668
,297,108.756960,34.444700
,297,108.756965,34.444736
,297,108.756976,34.444777
,297,108.756990,34.444809
,297,108.757026,34.444854
,298,108.757588,34.445262
,298,108.757676,34.445285
,298,108.757738,34.445294
,298,108.757803,34.445295
,298,108.757859,34.445290
,298,108.757921,34.445268
,299,108.757921,34.445268
,299,108.757918,34.445313
,299,108.757920,34.445352
,299,108.757929,34.445400
,299,108.757940,34.445447
,299,108.757965,34.445498
,299,108.758003,34.445563
,300,108.758161,34.445677
,300,108.758248,34.445701
,300,108.758305,34.445710
,300,108.758357,34.445712
,300,108.758422,34.445707
,300,108.758502,34.445689
,300,108.758570,34.445668
,300,108.758618,34.445648
,301,108.758618,34.445648
,301,108.758593,34.445691
,301,108.758577,34.445737
,301,108.758570,34.445782
,301,108.758572,34.445835
,301,108.758581,34.445888
,301,108.758613,34.445958
,301,108.758678,34.446053
,302,108.757173,34.444960
,302,108.757241,34.444964
,302,108.757304,34.444966
,302,108.757382,34.444950
,302,108.757461,34.444919
,303,108.757461,34.444919
,303,108.757434,34.444964
,303,108.757425,34.444998
,303,108.757427,34.445037
,303,108.757435,34.445085
,303,108.757452,34.445133
,303,108.757481,34.445184
,304,108.756322,34.444578
,304,108.756392,34.444549
,304,108.756438,34.444537
,304,108.756486,34.444530
,304,108.756526,34.444524
,304,108.756569,34.444523
,305,108.756322,34.444578
,305,108.756325,34.444500
,305,108.756323,34.444450
,305,108.756312,34.444400
,305,108.756293,34.444352
,305,108.756253,34.444295
,306,108.756253,34.444295
,306,108.756346,34.444334
,306,108.756389,34.444350
,306,108.756430,34.444357
,306,108.756476,34.444357
,306,108.756516,34.444348
,306,108.756574,34.444329
,307,108.756569,34.444523
,307,108.756562,34.444475
,307,108.756554,34.444432
,307,108.756556,34.444393
,307,108.756574,34.444329
,308,108.755073,34.445227
,308,108.755032,34.445136
,308,108.755029,34.445069
,308,108.755036,34.445012
,308,108.755051,34.444955
,308,108.755783,34.444230
,308,108.755852,34.444195
,308,108.755928,34.444185
,308,108.756001,34.444189
,308,108.756080,34.444201
,308,108.756184,34.444244
,309,108.754811,34.445037
,309,108.754896,34.445012
,309,108.754969,34.444993
,309,108.755051,34.444955
,310,108.754811,34.445037
,310,108.754827,34.444948
,310,108.754865,34.444876
,310,108.754894,34.444817
,310,108.755608,34.444103
,310,108.755701,34.444052
,310,108.755785,34.444027
,310,108.755853,34.444010
,311,108.755783,34.444230
,311,108.755819,34.444133
,311,108.755844,34.444061
,311,108.755853,34.444010
,312,108.754633,34.444897
,312,108.754730,34.444880
,312,108.754810,34.444863
,312,108.754894,34.444817
,313,108.755608,34.444103
,313,108.755646,34.444031
,313,108.755650,34.443972
,313,108.755663,34.443875
,314,108.754633,34.444897
,314,108.754671,34.444796
,314,108.754700,34.444694
,314,108.755443,34.443960
,314,108.755536,34.443926
,314,108.755663,34.443875
,315,108.755443,34.443960
,315,108.755469,34.443858
,315,108.755456,34.443778
,315,108.755414,34.443698
,316,108.754429,34.444757
,316,108.754536,34.444745
,316,108.754624,34.444724
,316,108.754700,34.444694
,317,108.754291,34.444657
,317,108.754228,34.444551
,317,108.754209,34.444475
,317,108.754209,34.444411
,317,108.754212,34.444354
,317,108.754962,34.443607
,317,108.755036,34.443582
,317,108.755115,34.443575
,317,108.755194,34.443585
,317,108.755312,34.443624
,318,108.753978,34.444430
,318,108.754063,34.444405
,318,108.754123,34.444392
,318,108.754212,34.444354
,319,108.753978,34.444430
,319,108.754022,34.444316
,319,108.754057,34.444237
,319,108.754782,34.443515
,319,108.754861,34.443464
,319,108.754956,34.443423
,319,108.755026,34.443414
,320,108.754962,34.443607
,320,108.754998,34.443532
,320,108.755011,34.443475
,320,108.755026,34.443414
,321,108.753809,34.444304
,321,108.753915,34.444283
,321,108.754057,34.444237
,322,108.753809,34.444304
,322,108.753859,34.444203
,322,108.753885,34.444122
,322,108.754632,34.443358
,322,108.754750,34.443320
,322,108.754869,34.443295
,323,108.754782,34.443515
,323,108.754831,34.443405
,323,108.754869,34.443295
,324,108.753556,34.444124
,324,108.753657,34.444139
,324,108.753746,34.444139
,324,108.753885,34.444122
,325,108.754565,34.443075
,325,108.754637,34.443168
,325,108.754653,34.443253
,325,108.754632,34.443358
,326,108.752921,34.443671
,326,108.753047,34.443705
,326,108.753146,34.443705
,326,108.753269,34.443664
,327,108.753269,34.443664
,327,108.753266,34.443753
,327,108.753278,34.443826
,327,108.753313,34.443902
,327,108.753363,34.443986
,328,108.752949,34.443975
,328,108.753041,34.443943
,328,108.753139,34.443930
,328,108.753212,34.443933
,328,108.753363,34.443986
,329,108.752949,34.443975
,329,108.752981,34.443886
,329,108.752987,34.443823
,329,108.752962,34.443747
,329,108.752921,34.443671
,330,108.755853,34.444010
,330,108.755958,34.444018
,330,108.756033,34.444011
,330,108.756087,34.443999
,330,108.756838,34.443267
,331,108.756087,34.443999
,331,108.756087,34.444062
,331,108.756097,34.444129
,331,108.756129,34.444185
,331,108.756184,34.444244
,332,108.755414,34.443698
,332,108.755520,34.443704
,332,108.755590,34.443701
,332,108.755670,34.443676
,332,108.756208,34.442878
,333,108.755670,34.443676
,333,108.755660,34.443739
,333,108.755657,34.443796
,333,108.755663,34.443875
,334,108.755159,34.443512
,334,108.755153,34.443416
,334,108.755157,34.443362
,334,108.755160,34.443296
,334,108.755691,34.442571
,335,108.754934,34.443344
,335,108.755020,34.443334
,335,108.755087,34.443324
,335,108.755160,34.443296
,336,108.754719,34.442988
,336,108.754710,34.443052
,336,108.754713,34.443115
,336,108.754739,34.443201
,337,108.754462,34.443001
,337,108.754571,34.443020
,337,108.754650,34.443017
,337,108.754719,34.442988
,337,108.755220,34.442384
,338,108.753960,34.442636
,338,108.754084,34.442669
,338,108.754173,34.442685
,338,108.754252,34.442678
,338,108.754312,34.442665
,338,108.754857,34.442124
,339,108.754312,34.442665
,339,108.754293,34.442719
,339,108.754293,34.442783
,339,108.754306,34.442840
,339,108.754402,34.442957
,340,108.754312,34.442665
,340,108.754178,34.442794
,340,108.753931,34.443023
,341,108.752392,34.443280
,341,108.752495,34.443293
,341,108.752558,34.443293
,341,108.752653,34.443264
,341,108.753375,34.442536
,341,108.753479,34.442485
,341,108.753571,34.442466
,341,108.753666,34.442475
,341,108.753818,34.442536
,342,108.752653,34.443264
,342,108.752653,34.443340
,342,108.752666,34.443403
,342,108.752694,34.443464
,342,108.752734,34.443533
,343,108.753375,34.442536
,343,108.753441,34.442431
,343,108.753445,34.442377
,343,108.753438,34.442317
,343,108.753400,34.442225
,344,108.751916,34.442935
,344,108.752007,34.442950
,344,108.752073,34.442950
,344,108.752118,34.442947
,344,108.752184,34.442922
,344,108.752970,34.442140
,344,108.753055,34.442111
,344,108.753137,34.442108
,344,108.753229,34.442127
,344,108.753310,34.442160
,345,108.752184,34.442922
,345,108.752175,34.443014
,345,108.752190,34.443096
,345,108.752265,34.443188
,346,108.752970,34.442140
,346,108.752989,34.442064
,346,108.752985,34.442006
,346,108.752958,34.441938
,346,108.752906,34.441861
,347,108.753400,34.442225
,347,108.753524,34.442274
,347,108.753591,34.442283
,347,108.753683,34.442283
,347,108.753787,34.442239
,347,108.754348,34.441786
,348,108.753787,34.442239
,348,108.753774,34.442296
,348,108.753774,34.442346
,348,108.753774,34.442397
,348,108.753784,34.442460
,348,108.753818,34.442536
,349,108.752906,34.441861
,349,108.753046,34.441903
,349,108.753138,34.441916
,349,108.753198,34.441906
,349,108.753277,34.441871
,349,108.753850,34.441390
,350,108.753277,34.441871
,350,108.753252,34.441941
,350,108.753255,34.442020
,350,108.753277,34.442090
,350,108.753310,34.442160
,351,108.751436,34.442582
,351,108.751554,34.442612
,351,108.751626,34.442616
,351,108.751715,34.442586
,351,108.752508,34.441797
,351,108.752584,34.441771
,351,108.752682,34.441763
,351,108.752796,34.441780
,352,108.751715,34.442586
,352,108.751706,34.442654
,352,108.751706,34.442717
,352,108.751731,34.442806
,353,108.752508,34.441797
,353,108.752525,34.441708
,353,108.752513,34.441636
,353,108.752467,34.441542
,354,108.752467,34.441542
,354,108.752589,34.441556
,354,108.752686,34.441544
,354,108.752796,34.441510
,354,108.753349,34.440999
,355,108.752796,34.441510
,355,108.752762,34.441586
,355,108.752757,34.441653
,355,108.752770,34.441725
,355,108.752796,34.441780
,356,108.750959,34.442240
,356,108.751056,34.442266
,356,108.751149,34.442270
,356,108.751246,34.442257
,356,108.752031,34.441484
,356,108.752112,34.441451
,356,108.752208,34.441446
,356,108.752352,34.441459
,357,108.751246,34.442257
,357,108.751233,34.442329
,357,108.751247,34.442407
,357,108.751280,34.442477
,358,108.752031,34.441484
,358,108.752055,34.441430
,358,108.752059,34.441379
,358,108.752055,34.441336
,358,108.752041,34.441275
,358,108.751981,34.441192
,359,108.750488,34.441912
,359,108.750599,34.441931
,359,108.750682,34.441931
,359,108.750777,34.441912
,359,108.751575,34.441121
,359,108.751673,34.441092
,359,108.751765,34.441089
,359,108.751858,34.441103
,360,108.750777,34.441912
,360,108.750764,34.441972
,360,108.750767,34.442039
,360,108.750793,34.442134
,361,108.751575,34.441121
,361,108.751584,34.441051
,361,108.751584,34.440988
,361,108.751559,34.440893
,362,108.750377,34.441819
,362,108.750333,34.441748
,362,108.750317,34.441697
,362,108.750314,34.441634
,362,108.750321,34.441574
,362,108.751116,34.440791
,362,108.751179,34.440763
,362,108.751229,34.440756
,362,108.751296,34.440750
,362,108.751382,34.440766
,363,108.749985,34.441542
,363,108.750099,34.441580
,363,108.750150,34.441592
,363,108.750216,34.441589
,363,108.750321,34.441574
,364,108.751116,34.440791
,364,108.751125,34.440725
,364,108.751125,34.440671
,364,108.751112,34.440623
,364,108.751068,34.440532
,365,108.749559,34.441226
,365,108.749674,34.441238
,365,108.749760,34.441238
,365,108.749868,34.441216
,365,108.750628,34.440465
,365,108.750707,34.440427
,365,108.750795,34.440418
,365,108.750906,34.440437
,366,108.749852,34.441447
,366,108.749845,34.441374
,366,108.749845,34.441317
,366,108.749868,34.441216
,367,108.750628,34.440465
,367,108.750631,34.440389
,367,108.750631,34.440323
,367,108.750612,34.440243
,367,108.750568,34.440177
,368,108.749010,34.441032
,368,108.749089,34.441016
,368,108.749181,34.441013
,368,108.749250,34.441029
,368,108.749350,34.441074
,369,108.750045,34.439999
,369,108.750118,34.439978
,369,108.750189,34.439978
,369,108.750280,34.439997
,369,108.750365,34.440035
,369,108.750463,34.440092
,370,108.750621,34.439441
,370,108.750690,34.439418
,370,108.750775,34.439414
,370,108.750901,34.439443
,370,108.751007,34.439494
,370,108.751467,34.439836
,370,108.751594,34.439941
,370,108.751653,34.440013
,370,108.751674,34.440098
,370,108.751661,34.440178
,370,108.751615,34.440271
,370,108.751387,34.440499
,370,108.751357,34.440592
,370,108.751357,34.440646
,370,108.751382,34.440766
,371,108.751068,34.440532
,371,108.751171,34.440549
,371,108.751243,34.440549
,371,108.751387,34.440499
,372,108.751068,34.440532
,372,108.751028,34.440444
,372,108.751019,34.440364
,372,108.751049,34.440266
,372,108.751801,34.439528
,373,108.750568,34.440177
,373,108.750775,34.440279
,373,108.750863,34.440300
,373,108.750960,34.440300
,373,108.751049,34.440266
,374,108.751382,34.440766
,374,108.751484,34.440744
,374,108.751611,34.440684
,374,108.752354,34.439933
,375,108.751611,34.440684
,375,108.751580,34.440748
,375,108.751568,34.440810
,375,108.751559,34.440893
,376,108.751981,34.441192
,376,108.752096,34.441163
,376,108.752153,34.441144
,376,108.752217,34.441113
,376,108.752835,34.440593
,377,108.752217,34.441113
,377,108.752196,34.441182
,377,108.752196,34.441246
,377,108.752205,34.441301
,377,108.752236,34.441362
,378,108.740397,34.438421
,378,108.740350,34.438268
,378,108.740338,34.438159
,378,108.740350,34.438068
,378,108.740380,34.437947
,378,108.740473,34.437742
,379,108.742335,34.437451
,379,108.742728,34.437004
,379,108.742950,34.436749
,379,108.743233,34.436478
,379,108.746052,34.433765
,379,108.751937,34.428139
,379,108.753116,34.427046
,379,108.753836,34.426456
,380,108.742195,34.436188
,380,108.742647,34.436524
,380,108.742950,34.436749
,380,108.743192,34.436926
,380,108.745780,34.438820
,380,108.746293,34.439191
,380,108.748551,34.440807
,380,108.749010,34.441032
,381,108.742728,34.437004
,381,108.742863,34.436963
,381,108.742978,34.436945
,381,108.743192,34.436926
,382,108.743192,34.436926
,382,108.743154,34.436794
,382,108.743148,34.436696
,382,108.743179,34.436563
,382,108.743233,34.436478
,383,108.742647,34.436524
,383,108.742790,34.436545
,383,108.742929,34.436539
,383,108.743075,34.436514
,383,108.743233,34.436478
,384,108.742728,34.437004
,384,108.742747,34.436866
,384,108.742742,34.436751
,384,108.742699,34.436660
,384,108.742647,34.436524
,385,108.748593,34.423463
,385,108.749100,34.423010
,385,108.749899,34.422330
,385,108.751226,34.421111
,386,108.749100,34.423010
,386,108.750790,34.424259
,386,108.752046,34.425224
,386,108.752975,34.425872
,386,108.753836,34.426456
,386,108.759488,34.430529
,386,108.762123,34.432447
,386,108.764787,34.434414
,386,108.765983,34.435288
,386,108.769625,34.437922
,386,108.776854,34.443112
,386,108.777783,34.443865
,387,108.780204,34.445191
,387,108.780660,34.444712
,387,108.781931,34.443378
,388,108.749899,34.422330
,388,108.751452,34.423517
,388,108.753665,34.425179
,388,108.754517,34.425794
,388,108.759891,34.429550
,388,108.763905,34.432538
,388,108.766905,34.434751
,388,108.770293,34.437189
,388,108.779120,34.443567
,388,108.780660,34.444712
,389,108.779120,34.443567
,389,108.780373,34.442261
,390,108.778595,34.444055
,390,108.779120,34.443567
,391,108.750790,34.424259
,391,108.751509,34.423557
,391,108.752755,34.422246
,392,108.752336,34.426559
,392,108.753116,34.427046
,392,108.758335,34.430889
,393,108.741165,34.437069
,393,108.742195,34.436188
,393,108.743727,34.434634
,393,108.745389,34.433124
,393,108.749608,34.429142
,393,108.752336,34.426559
,393,108.752975,34.425872
,394,108.759891,34.429550
,394,108.760706,34.429447
,394,108.761181,34.429461
,394,108.761900,34.429519
,394,108.762562,34.429619
,394,108.763281,34.429821
,395,108.763905,34.432538
,395,108.764533,34.432396
,395,108.764950,34.432411
,395,108.766245,34.432583
,395,108.767267,34.432727
,396,108.766905,34.434751
,396,108.766691,34.433706
,396,108.766245,34.432583
,396,108.765742,34.431605
,397,108.770293,34.437189
,397,108.770633,34.436799
,397,108.770720,34.436583
,397,108.770676,34.436267
,397,108.769986,34.434670
,398,108.750137,34.420307
,398,108.751226,34.421111
,398,108.752755,34.422246
,398,108.755022,34.423847
,398,108.760847,34.428066
,398,108.763281,34.429821
,398,108.765742,34.431605
,398,108.767267,34.432727
,398,108.769986,34.434670
,398,108.777551,34.440238
,398,108.780373,34.442261
,398,108.781931,34.443378
,398,108.783033,34.444166
