"FID_","ID","X","Y"
,1,108.736629,34.439233
,1,108.737025,34.439529
,1,108.737166,34.439377
,1,108.736760,34.439081
,1,108.736629,34.439233
,2,108.752800,34.435671
,2,108.753235,34.435998
,2,108.753285,34.435938
,2,108.752848,34.435615
,2,108.752800,34.435671
,3,108.752806,34.436398
,3,108.752872,34.436457
,3,108.753063,34.436274
,3,108.753010,34.436228
,3,108.752859,34.436366
,3,108.752845,34.436352
,3,108.752806,34.436398
,4,108.752451,34.436184
,4,108.752782,34.436417
,4,108.752845,34.436335
,4,108.752511,34.436100
,4,108.752451,34.436184
,5,108.752228,34.436359
,5,108.752282,34.436401
,5,108.752473,34.436223
,5,108.752420,34.436180
,5,108.752228,34.436359
,6,108.752310,34.436102
,6,108.752365,34.436156
,6,108.752647,34.435904
,6,108.752594,34.435849
,6,108.752310,34.436102
,7,108.752044,34.435881
,7,108.752306,34.436081
,7,108.752355,34.436018
,7,108.752088,34.435823
,7,108.752044,34.435881
,8,108.752331,34.435968
,8,108.752387,34.436013
,8,108.752572,34.435844
,8,108.752525,34.435798
,8,108.752331,34.435968
,9,108.752120,34.435812
,9,108.752172,34.435862
,9,108.752355,34.435692
,9,108.752300,34.435639
,9,108.752120,34.435812
,10,108.751807,34.436119
,10,108.751875,34.436177
,10,108.752109,34.435952
,10,108.752043,34.435895
,10,108.751835,34.436093
,10,108.751807,34.436119
,11,108.751894,34.436195
,11,108.752033,34.436291
,11,108.751994,34.436340
,11,108.752099,34.436412
,11,108.752189,34.436302
,11,108.751951,34.436121
,11,108.751894,34.436195
,12,108.752880,34.436573
,12,108.753483,34.437005
,12,108.754017,34.436983
,12,108.754540,34.436482
,12,108.754350,34.436346
,12,108.754054,34.436621
,12,108.753812,34.436449
,12,108.753417,34.436460
,12,108.753260,34.436577
,12,108.753040,34.436420
,12,108.752880,34.436573
,13,108.753663,34.436200
,13,108.753710,34.436259
,13,108.753929,34.436087
,13,108.753885,34.436036
,13,108.753663,34.436200
,14,108.773498,34.443362
,14,108.774642,34.444185
,14,108.774815,34.444001
,14,108.773682,34.443178
,14,108.773498,34.443362
,15,108.773983,34.442938
,15,108.774620,34.443393
,15,108.774656,34.443351
,15,108.775134,34.443705
,15,108.775234,34.443591
,15,108.774140,34.442784
,15,108.773983,34.442938
,16,108.773613,34.441968
,16,108.774054,34.442276
,16,108.774088,34.442227
,16,108.773652,34.441916
,16,108.773613,34.441968
,17,108.773290,34.442974
,17,108.773373,34.443046
,17,108.773625,34.442806
,17,108.773551,34.442730
,17,108.773290,34.442974
,18,108.772724,34.442891
,18,108.772962,34.443062
,18,108.773058,34.442967
,18,108.772820,34.442794
,18,108.772724,34.442891
,19,108.771433,34.442533
,19,108.771989,34.442943
,19,108.772033,34.442900
,19,108.772062,34.442921
,19,108.772118,34.442866
,19,108.771529,34.442430
,19,108.771433,34.442533
,20,108.772111,34.442754
,20,108.772179,34.442809
,20,108.772599,34.442385
,20,108.772437,34.442252
,20,108.772475,34.442188
,20,108.772683,34.441791
,20,108.772362,34.441668
,20,108.772198,34.441976
,20,108.772107,34.441927
,20,108.772079,34.441971
,20,108.771994,34.441906
,20,108.771862,34.442038
,20,108.771888,34.442063
,20,108.771907,34.442045
,20,108.772007,34.442115
,20,108.771985,34.442146
,20,108.772173,34.442287
,20,108.772203,34.442265
,20,108.772439,34.442443
,20,108.772382,34.442501
,20,108.772352,34.442473
,20,108.772296,34.442524
,20,108.772325,34.442558
,20,108.772111,34.442754
,21,108.771909,34.442601
,21,108.772083,34.442748
,21,108.772146,34.442690
,21,108.772107,34.442653
,21,108.772084,34.442669
,21,108.771953,34.442560
,21,108.771909,34.442601
,22,108.771897,34.442486
,22,108.772191,34.442627
,22,108.772222,34.442566
,22,108.771925,34.442430
,22,108.771897,34.442486
,23,108.771754,34.442481
,23,108.771897,34.442595
,23,108.771932,34.442551
,23,108.771790,34.442442
,23,108.771754,34.442481
,24,108.771447,34.442236
,24,108.771591,34.442356
,24,108.771627,34.442311
,24,108.771481,34.442193
,24,108.771447,34.442236
,25,108.770731,34.441627
,25,108.771258,34.442001
,25,108.771395,34.441871
,25,108.770857,34.441492
,25,108.770731,34.441627
,26,108.770418,34.440960
,26,108.770856,34.441293
,26,108.770986,34.441160
,26,108.770544,34.440834
,26,108.770418,34.440960
,27,108.770277,34.442041
,27,108.770352,34.442105
,27,108.770769,34.441714
,27,108.770695,34.441647
,27,108.770277,34.442041
,28,108.770228,34.442002
,28,108.770277,34.442041
,28,108.770360,34.441955
,28,108.770308,34.441916
,28,108.770228,34.442002
,29,108.770050,34.441688
,29,108.770370,34.441929
,29,108.770476,34.441831
,29,108.770144,34.441593
,29,108.770050,34.441688
,30,108.770369,34.441672
,30,108.770475,34.441758
,30,108.770616,34.441618
,30,108.770514,34.441539
,30,108.770369,34.441672
,31,108.770288,34.441478
,31,108.770419,34.441577
,31,108.770468,34.441518
,31,108.770339,34.441421
,31,108.770288,34.441478
,32,108.769641,34.441848
,32,108.769759,34.441934
,32,108.770010,34.441695
,32,108.769899,34.441604
,32,108.769641,34.441848
,33,108.769878,34.441191
,33,108.769930,34.441141
,33,108.769567,34.440868
,33,108.769399,34.441036
,33,108.769437,34.441070
,33,108.769106,34.441389
,33,108.769172,34.441437
,33,108.769510,34.441111
,33,108.769545,34.441111
,33,108.769764,34.441264
,33,108.769818,34.441205
,33,108.769527,34.440988
,33,108.769562,34.440954
,33,108.769878,34.441191
,34,108.769106,34.441389
,34,108.769065,34.441360
,34,108.769027,34.441407
,34,108.769385,34.441666
,34,108.769431,34.441623
,34,108.769172,34.441437
,34,108.769106,34.441389
,35,108.770067,34.441208
,35,108.769956,34.441116
,35,108.769930,34.441141
,35,108.769878,34.441191
,35,108.769431,34.441623
,35,108.769385,34.441666
,35,108.769500,34.441752
,35,108.770067,34.441208
,36,108.769558,34.441912
,36,108.769944,34.442196
,36,108.769938,34.442228
,36,108.769697,34.442464
,36,108.769759,34.442511
,36,108.770074,34.442190
,36,108.769617,34.441853
,36,108.769558,34.441912
,37,108.769451,34.442004
,37,108.769518,34.442062
,37,108.769562,34.442012
,37,108.769492,34.441959
,37,108.769451,34.442004
,38,108.768819,34.441849
,38,108.769055,34.442026
,38,108.769101,34.441972
,38,108.768859,34.441801
,38,108.768819,34.441849
,39,108.769053,34.441567
,39,108.769268,34.441733
,39,108.769312,34.441677
,39,108.769103,34.441516
,39,108.769053,34.441567
,40,108.768577,34.441865
,40,108.768667,34.441941
,40,108.769053,34.441567
,40,108.768952,34.441496
,40,108.768577,34.441865
,41,108.768434,34.441948
,41,108.769157,34.441268
,41,108.769051,34.441189
,41,108.768331,34.441872
,41,108.768434,34.441948
,42,108.767876,34.441558
,42,108.768236,34.441821
,42,108.768317,34.441729
,42,108.768139,34.441603
,42,108.768111,34.441638
,42,108.767922,34.441506
,42,108.767876,34.441558
,43,108.770437,34.440137
,43,108.770478,34.440087
,43,108.770509,34.440114
,43,108.770599,34.440028
,43,108.770446,34.439907
,43,108.770357,34.439986
,43,108.770383,34.440008
,43,108.770334,34.440060
,43,108.770437,34.440137
,44,108.768758,34.438591
,44,108.769563,34.439178
,44,108.769746,34.439002
,44,108.768941,34.438418
,44,108.768758,34.438591
,45,108.768250,34.438168
,45,108.768735,34.438522
,45,108.768857,34.438395
,45,108.768364,34.438038
,45,108.768250,34.438168
,46,108.768273,34.438835
,46,108.768349,34.438898
,46,108.768670,34.438598
,46,108.768597,34.438534
,46,108.768273,34.438835
,47,108.768349,34.438967
,47,108.768476,34.439094
,47,108.768823,34.438757
,47,108.768678,34.438641
,47,108.768349,34.438967
,48,108.768615,34.439102
,48,108.768705,34.439164
,48,108.768854,34.439010
,48,108.768772,34.438945
,48,108.768615,34.439102
,49,108.769341,34.439533
,49,108.769418,34.439593
,49,108.769589,34.439422
,49,108.769514,34.439359
,49,108.769341,34.439533
,50,108.768709,34.439209
,50,108.769119,34.439451
,50,108.769250,34.439306
,50,108.769153,34.439225
,50,108.769134,34.439244
,50,108.768825,34.439053
,50,108.768709,34.439209
,51,108.766703,34.440704
,51,108.766759,34.440752
,51,108.766799,34.440710
,51,108.766740,34.440664
,51,108.766703,34.440704
,52,108.767462,34.440171
,52,108.767588,34.440269
,52,108.767767,34.440105
,52,108.767868,34.440178
,52,108.767968,34.440076
,52,108.767863,34.439995
,52,108.767817,34.440047
,52,108.767385,34.439730
,52,108.767290,34.439833
,52,108.767593,34.440050
,52,108.767462,34.440171
,53,108.767909,34.440146
,53,108.768004,34.440222
,53,108.768077,34.440148
,53,108.767983,34.440073
,53,108.767909,34.440146
,54,108.767510,34.440571
,54,108.767828,34.440815
,54,108.767878,34.440764
,54,108.767620,34.440567
,54,108.767933,34.440264
,54,108.767871,34.440209
,54,108.767510,34.440571
,55,108.768465,34.441039
,55,108.768699,34.440822
,55,108.768677,34.440794
,55,108.768698,34.440770
,55,108.768594,34.440684
,55,108.768545,34.440738
,55,108.768629,34.440815
,55,108.768582,34.440865
,55,108.768551,34.440841
,55,108.768460,34.440936
,55,108.768415,34.440894
,55,108.768395,34.440918
,55,108.768444,34.440960
,55,108.768414,34.440996
,55,108.768465,34.441039
,56,108.763758,34.439328
,56,108.764234,34.439679
,56,108.764334,34.439572
,56,108.763859,34.439221
,56,108.763758,34.439328
,57,108.764519,34.439841
,57,108.764694,34.439975
,57,108.764878,34.439793
,57,108.764709,34.439661
,57,108.764519,34.439841
,58,108.764810,34.440720
,58,108.764928,34.440812
,58,108.764918,34.440826
,58,108.765134,34.440994
,58,108.765255,34.440873
,58,108.765049,34.440718
,58,108.765212,34.440569
,58,108.765078,34.440462
,58,108.764810,34.440720
,59,108.765123,34.440414
,59,108.765263,34.440528
,59,108.765416,34.440371
,59,108.765622,34.440531
,59,108.765746,34.440409
,59,108.765525,34.440242
,59,108.765508,34.440259
,59,108.765384,34.440165
,59,108.765123,34.440414
,60,108.765178,34.441032
,60,108.765399,34.441200
,60,108.765420,34.441176
,60,108.765530,34.441261
,60,108.765789,34.441011
,60,108.765660,34.440901
,60,108.765498,34.441071
,60,108.765287,34.440911
,60,108.765178,34.441032
,61,108.745089,34.425258
,61,108.745150,34.425322
,61,108.745210,34.425265
,61,108.745728,34.425633
,61,108.745675,34.425690
,61,108.746015,34.425937
,61,108.746063,34.425886
,61,108.746586,34.426251
,61,108.746535,34.426309
,61,108.746604,34.426360
,61,108.747352,34.425642
,61,108.745832,34.424548
,61,108.745709,34.424685
,61,108.745634,34.424612
,61,108.745170,34.425071
,61,108.745226,34.425119
,61,108.745089,34.425258
,62,108.747076,34.426695
,62,108.747144,34.426752
,62,108.747190,34.426705
,62,108.747981,34.427267
,62,108.747938,34.427317
,62,108.748399,34.427631
,62,108.748435,34.427593
,62,108.749226,34.428159
,62,108.749193,34.428195
,62,108.749264,34.428248
,62,108.749988,34.427549
,62,108.747813,34.425984
,62,108.747076,34.426695
,63,108.748209,34.427918
,63,108.748156,34.427974
,63,108.748191,34.428003
,63,108.747786,34.428381
,63,108.747743,34.428347
,63,108.747571,34.428515
,63,108.747606,34.428548
,63,108.747207,34.428939
,63,108.747172,34.428904
,63,108.746995,34.429095
,63,108.747148,34.429199
,63,108.747038,34.429328
,63,108.747368,34.429574
,63,108.747483,34.429443
,63,108.747622,34.429553
,63,108.747727,34.429432
,63,108.747890,34.429561
,63,108.748976,34.428526
,63,108.748209,34.427918
,64,108.746554,34.428029
,64,108.746736,34.427848
,64,108.746901,34.427975
,64,108.746955,34.427915
,64,108.746712,34.427737
,64,108.746663,34.427791
,64,108.746676,34.427802
,64,108.746495,34.427981
,64,108.746554,34.428029
,65,108.746497,34.428168
,65,108.746527,34.428131
,65,108.746679,34.428239
,65,108.746741,34.428183
,65,108.746537,34.428038
,65,108.746482,34.428099
,65,108.746418,34.428167
,65,108.746464,34.428197
,65,108.746456,34.428209
,65,108.746535,34.428263
,65,108.746575,34.428221
,65,108.746497,34.428168
,66,108.744697,34.426502
,66,108.744830,34.426619
,66,108.744945,34.426509
,66,108.744807,34.426391
,66,108.744697,34.426502
,67,108.744889,34.425740
,67,108.744955,34.425796
,67,108.744932,34.425822
,67,108.745004,34.425877
,67,108.745119,34.425760
,67,108.745130,34.425769
,67,108.745150,34.425743
,67,108.745008,34.425629
,67,108.744889,34.425740
,68,108.746214,34.426493
,68,108.746341,34.426591
,68,108.746399,34.426524
,68,108.746272,34.426429
,68,108.746214,34.426493
,69,108.745522,34.427311
,69,108.745604,34.427370
,69,108.745648,34.427313
,69,108.745564,34.427257
,69,108.745522,34.427311
,70,108.745591,34.427239
,70,108.745651,34.427287
,70,108.745865,34.427076
,70,108.745811,34.427029
,70,108.745591,34.427239
,71,108.745832,34.427008
,71,108.745886,34.427050
,71,108.746110,34.426843
,71,108.746059,34.426799
,71,108.745832,34.427008
,72,108.745343,34.427050
,72,108.745400,34.427096
,72,108.745533,34.426963
,72,108.745474,34.426917
,72,108.745343,34.427050
,73,108.745425,34.427101
,73,108.745482,34.427147
,73,108.745615,34.427014
,73,108.745556,34.426968
,73,108.745425,34.427101
,74,108.745494,34.427155
,74,108.745551,34.427201
,74,108.745684,34.427068
,74,108.745625,34.427022
,74,108.745494,34.427155
,75,108.745487,34.426904
,75,108.745707,34.427062
,75,108.745762,34.426996
,75,108.745546,34.426843
,75,108.745487,34.426904
,76,108.745559,34.426838
,76,108.745779,34.426995
,76,108.745833,34.426929
,76,108.745618,34.426777
,76,108.745559,34.426838
,77,108.745644,34.426755
,77,108.745703,34.426809
,77,108.745914,34.426611
,77,108.745857,34.426560
,77,108.745644,34.426755
,78,108.745699,34.427689
,78,108.745763,34.427741
,78,108.745913,34.427588
,78,108.745852,34.427538
,78,108.745699,34.427689
,79,108.743068,34.432627
,79,108.743126,34.432680
,79,108.743849,34.431994
,79,108.743799,34.431946
,79,108.743068,34.432627
,80,108.743235,34.432743
,80,108.743284,34.432780
,80,108.743240,34.432828
,80,108.743307,34.432884
,80,108.743289,34.432909
,80,108.743432,34.433023
,80,108.743570,34.432895
,80,108.743457,34.432814
,80,108.744040,34.432252
,80,108.744098,34.432290
,80,108.744150,34.432246
,80,108.744672,34.432621
,80,108.744274,34.432995
,80,108.744413,34.433102
,80,108.744858,34.432671
,80,108.744876,34.432639
,80,108.744878,34.432594
,80,108.744862,34.432592
,80,108.744848,34.432596
,80,108.744830,34.432592
,80,108.744897,34.432521
,80,108.744863,34.432497
,80,108.744834,34.432529
,80,108.744296,34.432155
,80,108.744236,34.432216
,80,108.744143,34.432158
,80,108.744143,34.432134
,80,108.744031,34.432060
,80,108.744002,34.432044
,80,108.743968,34.432044
,80,108.743235,34.432743
,81,108.744028,34.433502
,81,108.744065,34.433457
,81,108.744084,34.433471
,81,108.744380,34.433191
,81,108.744368,34.433177
,81,108.744399,34.433148
,81,108.744342,34.433104
,81,108.744310,34.433134
,81,108.744267,34.433102
,81,108.744251,34.433102
,81,108.744231,34.433116
,81,108.744033,34.433297
,81,108.744004,34.433305
,81,108.743982,34.433303
,81,108.743863,34.433204
,81,108.744036,34.433036
,81,108.743780,34.432840
,81,108.743760,34.432834
,81,108.743528,34.433046
,81,108.743820,34.433270
,81,108.743773,34.433319
,81,108.744028,34.433502
,82,108.743454,34.434058
,82,108.743012,34.433728
,82,108.742896,34.433842
,82,108.742922,34.433862
,82,108.742833,34.433963
,82,108.742927,34.434037
,82,108.743023,34.433939
,82,108.743334,34.434176
,82,108.743454,34.434058
,83,108.743749,34.433572
,83,108.743858,34.433653
,83,108.743739,34.433766
,83,108.743778,34.433801
,83,108.743943,34.433647
,83,108.743793,34.433525
,83,108.743749,34.433572
,84,108.742499,34.433375
,84,108.742803,34.433065
,84,108.742822,34.433083
,84,108.743113,34.432801
,84,108.742995,34.432703
,84,108.742954,34.432665
,84,108.742664,34.432939
,84,108.742711,34.432979
,84,108.742393,34.433287
,84,108.742499,34.433375
,85,108.742281,34.433383
,85,108.742393,34.433467
,85,108.742450,34.433410
,85,108.742336,34.433330
,85,108.742281,34.433383
,86,108.741145,34.433657
,86,108.741230,34.433726
,86,108.741684,34.433303
,86,108.741608,34.433230
,86,108.741145,34.433657
,87,108.740974,34.433826
,87,108.741072,34.433901
,87,108.741189,34.433776
,87,108.741093,34.433698
,87,108.740974,34.433826
