"FID_","ID","X","Y"
,1,120.418009,30.228267
,1,120.417968,30.228360
,1,120.418190,30.228457
,1,120.418231,30.228364
,1,120.418009,30.228267
,2,120.418066,30.228083
,2,120.418581,30.228311
,2,120.418788,30.227969
,2,120.418262,30.227735
,2,120.418066,30.228083
,3,120.418945,30.228472
,3,120.419147,30.228129
,3,120.418788,30.227969
,3,120.418581,30.228311
,3,120.418945,30.228472
,4,120.419147,30.228129
,4,120.418945,30.228472
,4,120.419465,30.228703
,4,120.419667,30.228360
,4,120.419147,30.228129
,5,120.420318,30.229044
,5,120.420291,30.229095
,5,120.420370,30.229137
,5,120.420397,30.229086
,5,120.420318,30.229044
,6,120.420437,30.228804
,6,120.422074,30.229513
,6,120.422245,30.229216
,6,120.420617,30.228496
,6,120.420437,30.228804
,7,120.420794,30.228194
,7,120.422416,30.228919
,7,120.422513,30.228749
,7,120.420881,30.228011
,7,120.420794,30.228194
,8,120.420617,30.228496
,8,120.422245,30.229216
,8,120.422416,30.228919
,8,120.420794,30.228194
,8,120.420617,30.228496
,9,120.420213,30.228126
,9,120.420167,30.228226
,9,120.420311,30.228292
,9,120.420357,30.228192
,9,120.420213,30.228126
,10,120.420195,30.227916
,10,120.420315,30.227977
,10,120.420749,30.227243
,10,120.420629,30.227182
,10,120.420195,30.227916
,11,120.420315,30.227977
,11,120.420195,30.227916
,11,120.420154,30.227977
,11,120.420273,30.228037
,11,120.420315,30.227977
,12,120.419991,30.227821
,12,120.420005,30.227800
,12,120.419250,30.227454
,12,120.419119,30.227695
,12,120.419847,30.228037
,12,120.419871,30.228048
,12,120.419991,30.227821
,13,120.419250,30.227454
,13,120.420005,30.227800
,13,120.419991,30.227821
,13,120.420059,30.227860
,13,120.420319,30.227392
,13,120.420258,30.227367
,13,120.420120,30.227591
,13,120.419464,30.227283
,13,120.419369,30.227235
,13,120.419250,30.227454
,14,120.419464,30.227283
,14,120.420120,30.227591
,14,120.420258,30.227367
,14,120.420362,30.227176
,14,120.419683,30.226879
,14,120.419464,30.227283
,15,120.420401,30.226698
,15,120.420370,30.226767
,15,120.420778,30.226949
,15,120.420809,30.226880
,15,120.420401,30.226698
,16,120.420317,30.226879
,16,120.420279,30.226962
,16,120.420657,30.227135
,16,120.420695,30.227052
,16,120.420317,30.226879
,17,120.420488,30.228917
,17,120.420506,30.228880
,17,120.420418,30.228837
,17,120.420397,30.228827
,17,120.420377,30.228868
,17,120.420356,30.228912
,17,120.420465,30.228965
,17,120.420488,30.228917
,18,120.420925,30.229111
,18,120.420943,30.229072
,18,120.420847,30.229028
,18,120.420829,30.229068
,18,120.420807,30.229116
,18,120.420903,30.229160
,18,120.420925,30.229111
,19,120.421595,30.229408
,19,120.421616,30.229367
,19,120.421506,30.229311
,19,120.421482,30.229358
,19,120.421464,30.229394
,19,120.421574,30.229450
,19,120.421595,30.229408
,20,120.422048,30.229558
,20,120.421950,30.229517
,20,120.421933,30.229557
,20,120.421916,30.229599
,20,120.422023,30.229644
,20,120.422057,30.229562
,20,120.422048,30.229558
,21,120.420273,30.228822
,21,120.420377,30.228868
,21,120.420397,30.228827
,21,120.420418,30.228837
,21,120.420437,30.228804
,21,120.420617,30.228496
,21,120.420794,30.228194
,21,120.420649,30.228126
,21,120.420273,30.228822
,22,120.420418,30.228837
,22,120.420506,30.228880
,22,120.420488,30.228917
,22,120.420829,30.229068
,22,120.420847,30.229028
,22,120.420943,30.229072
,22,120.420925,30.229111
,22,120.421482,30.229358
,22,120.421506,30.229311
,22,120.421616,30.229367
,22,120.421595,30.229408
,22,120.421933,30.229557
,22,120.421950,30.229517
,22,120.422048,30.229558
,22,120.422074,30.229513
,22,120.420437,30.228804
,22,120.420418,30.228837
,23,120.422133,30.230009
,23,120.422100,30.230081
,23,120.422606,30.230315
,23,120.422639,30.230243
,23,120.422133,30.230009
,24,120.422734,30.230220
,24,120.422679,30.230345
,24,120.423606,30.230755
,24,120.423661,30.230630
,24,120.422734,30.230220
,25,120.422407,30.229453
,25,120.423245,30.229846
,25,120.423187,30.229958
,25,120.424014,30.230339
,25,120.424162,30.230050
,25,120.424093,30.230020
,25,120.423781,30.229885
,25,120.422474,30.229313
,25,120.422407,30.229453
,26,120.422474,30.229313
,26,120.423781,30.229885
,26,120.424093,30.230020
,26,120.424322,30.229641
,26,120.423538,30.229293
,26,120.423266,30.229173
,26,120.422704,30.228923
,26,120.422474,30.229313
,27,120.422704,30.228923
,27,120.423266,30.229173
,27,120.423363,30.229003
,27,120.422808,30.228749
,27,120.422704,30.228923
,28,120.423538,30.229293
,28,120.424322,30.229641
,28,120.424503,30.229307
,28,120.424293,30.229203
,28,120.424193,30.229365
,28,120.423630,30.229116
,28,120.423538,30.229293
,29,120.424426,30.228523
,29,120.424105,30.229097
,29,120.424582,30.229304
,29,120.424877,30.228788
,29,120.424851,30.228776
,29,120.424880,30.228727
,29,120.424426,30.228523
,30,120.424105,30.229097
,30,120.424426,30.228523
,30,120.424248,30.228421
,30,120.423911,30.229004
,30,120.424105,30.229097
,31,120.424252,30.230718
,31,120.424488,30.230819
,31,120.424484,30.230830
,31,120.424481,30.230852
,31,120.424481,30.230878
,31,120.424488,30.230897
,31,120.424502,30.230917
,31,120.424523,30.230935
,31,120.424556,30.230957
,31,120.424904,30.231096
,31,120.424956,30.230997
,31,120.424948,30.230993
,31,120.424630,30.230851
,31,120.424604,30.230840
,31,120.424642,30.230757
,31,120.424300,30.230618
,31,120.424252,30.230718
,32,120.424630,30.230851
,32,120.424948,30.230993
,32,120.424984,30.230913
,32,120.424666,30.230771
,32,120.424630,30.230851
,33,120.424286,30.230446
,33,120.424265,30.230492
,33,120.424929,30.230788
,33,120.424950,30.230742
,33,120.424286,30.230446
,34,120.424963,30.230725
,34,120.424931,30.230803
,34,120.425071,30.230861
,34,120.425103,30.230783
,34,120.424963,30.230725
,35,120.424575,30.230165
,35,120.424541,30.230242
,35,120.424668,30.230298
,35,120.424702,30.230221
,35,120.424575,30.230165
,36,120.424501,30.230149
,36,120.424469,30.230211
,36,120.424528,30.230241
,36,120.424560,30.230179
,36,120.424501,30.230149
,37,120.425080,30.231298
,37,120.425050,30.231360
,37,120.425095,30.231382
,37,120.425125,30.231320
,37,120.425080,30.231298
,38,120.425201,30.230964
,38,120.425163,30.231039
,38,120.425406,30.231163
,38,120.425444,30.231088
,38,120.425201,30.230964
,39,120.425602,30.231242
,39,120.425630,30.231183
,39,120.425460,30.231106
,39,120.425433,30.231166
,39,120.425602,30.231242
,40,120.425716,30.231294
,40,120.425755,30.231312
,40,120.425943,30.231397
,40,120.425970,30.231337
,40,120.425630,30.231183
,40,120.425602,30.231242
,40,120.425716,30.231294
,41,120.425755,30.231312
,41,120.425716,30.231294
,41,120.425699,30.231327
,41,120.425624,30.231288
,41,120.425604,30.231327
,41,120.425717,30.231386
,41,120.425755,30.231312
,42,120.425647,30.231021
,42,120.425692,30.230939
,42,120.425303,30.230759
,42,120.425264,30.230844
,42,120.425647,30.231021
,43,120.425899,30.231138
,43,120.425925,30.231150
,43,120.425964,30.231065
,43,120.425938,30.231053
,43,120.425744,30.230963
,43,120.425700,30.231046
,43,120.425899,30.231138
,44,120.425700,30.231046
,44,120.425744,30.230963
,44,120.425692,30.230939
,44,120.425647,30.231021
,44,120.425700,30.231046
,45,120.425945,30.231037
,45,120.425938,30.231053
,45,120.425964,30.231065
,45,120.425925,30.231150
,45,120.425899,30.231138
,45,120.425890,30.231158
,45,120.425979,30.231198
,45,120.426004,30.231143
,45,120.425993,30.231139
,45,120.426023,30.231072
,45,120.425945,30.231037
,46,120.426080,30.231393
,46,120.426012,30.231362
,46,120.425991,30.231353
,46,120.425974,30.231390
,46,120.426069,30.231433
,46,120.426086,30.231396
,46,120.426080,30.231393
,47,120.426012,30.231362
,47,120.426080,30.231393
,47,120.426166,30.231219
,47,120.426099,30.231186
,47,120.426012,30.231362
,48,120.426114,30.231095
,48,120.426086,30.231150
,48,120.426250,30.231235
,48,120.426310,30.231120
,48,120.426286,30.231108
,48,120.426254,30.231168
,48,120.426114,30.231095
,49,120.426246,30.231372
,49,120.426190,30.231341
,49,120.426129,30.231442
,49,120.426183,30.231475
,49,120.426246,30.231372
,50,120.426244,30.231253
,50,120.426298,30.231286
,50,120.426372,30.231165
,50,120.426318,30.231132
,50,120.426244,30.231253
,51,120.426190,30.231341
,51,120.426246,30.231372
,51,120.426298,30.231286
,51,120.426244,30.231253
,51,120.426190,30.231341
,52,120.426171,30.231237
,52,120.426081,30.231434
,52,120.426114,30.231449
,52,120.426204,30.231252
,52,120.426171,30.231237
,53,120.424766,30.229854
,53,120.424729,30.229931
,53,120.424768,30.229950
,53,120.424749,30.229989
,53,120.424924,30.230075
,53,120.424954,30.230014
,53,120.425107,30.230089
,53,120.425102,30.230099
,53,120.425171,30.230133
,53,120.425185,30.230105
,53,120.425405,30.230213
,53,120.425490,30.230039
,53,120.424952,30.229777
,53,120.424945,30.229790
,53,120.424828,30.229733
,53,120.424795,30.229801
,53,120.424837,30.229821
,53,120.424811,30.229876
,53,120.424766,30.229854
,54,120.426289,30.230573
,54,120.426239,30.230668
,54,120.426374,30.230739
,54,120.426424,30.230644
,54,120.426289,30.230573
,55,120.426168,30.230359
,55,120.426131,30.230435
,55,120.426462,30.230595
,55,120.426499,30.230519
,55,120.426168,30.230359
,56,120.426057,30.229750
,56,120.425998,30.229865
,56,120.425992,30.229877
,56,120.426028,30.229895
,56,120.426007,30.229940
,56,120.425958,30.229917
,56,120.425922,30.229995
,56,120.426383,30.230207
,56,120.426361,30.230256
,56,120.426594,30.230363
,56,120.426797,30.230020
,56,120.426489,30.229872
,56,120.426501,30.229846
,56,120.426367,30.229784
,56,120.426353,30.229815
,56,120.426086,30.229693
,56,120.426057,30.229750
,57,120.425945,30.229841
,57,120.425998,30.229865
,57,120.426057,30.229750
,57,120.426000,30.229726
,57,120.425945,30.229841
,58,120.426754,30.230326
,58,120.426648,30.230532
,58,120.426759,30.230589
,58,120.426865,30.230383
,58,120.426754,30.230326
,59,120.426894,30.230380
,59,120.426790,30.230613
,59,120.427046,30.230727
,59,120.427150,30.230494
,59,120.426894,30.230380
,60,120.427347,30.230615
,60,120.427338,30.230630
,60,120.427272,30.230739
,60,120.427258,30.230762
,60,120.427416,30.230844
,60,120.427505,30.230697
,60,120.427347,30.230615
,61,120.427221,30.230712
,61,120.427272,30.230739
,61,120.427338,30.230630
,61,120.427280,30.230598
,61,120.427221,30.230712
,62,120.427298,30.230396
,62,120.427275,30.230445
,62,120.427460,30.230532
,62,120.427536,30.230370
,62,120.427492,30.230349
,62,120.427438,30.230462
,62,120.427298,30.230396
,63,120.427014,30.229885
,63,120.426970,30.229982
,63,120.427336,30.230148
,63,120.427380,30.230051
,63,120.427014,30.229885
,64,120.427397,30.230087
,64,120.427347,30.230190
,64,120.427413,30.230222
,64,120.427436,30.230175
,64,120.427629,30.230269
,64,120.427609,30.230309
,64,120.427682,30.230344
,64,120.427729,30.230248
,64,120.427397,30.230087
,65,120.427006,30.231881
,65,120.427093,30.231929
,65,120.427126,30.231947
,65,120.427177,30.231854
,65,120.427144,30.231836
,65,120.427058,30.231789
,65,120.427037,30.231777
,65,120.426986,30.231870
,65,120.427006,30.231881
,66,120.427058,30.231789
,66,120.427144,30.231836
,66,120.427323,30.231516
,66,120.427237,30.231468
,66,120.427058,30.231789
,66,120.427023,30.232053
,66,120.427093,30.231929
,66,120.427006,30.231881
,66,120.426937,30.232005
,66,120.427023,30.232053
,67,120.423594,30.231659
,67,120.423579,30.231692
,67,120.423666,30.231731
,67,120.423681,30.231698
,67,120.423594,30.231659
,68,120.424316,30.231954
,68,120.424277,30.232047
,68,120.424737,30.232241
,68,120.424776,30.232148
,68,120.424316,30.231954
,69,120.425047,30.232267
,69,120.425010,30.232346
,69,120.425140,30.232406
,69,120.425177,30.232327
,69,120.425047,30.232267
,70,120.425534,30.232492
,70,120.425498,30.232574
,70,120.425844,30.232727
,70,120.425880,30.232645
,70,120.425534,30.232492
,71,120.426258,30.232347
,71,120.426232,30.232399
,71,120.426415,30.232490
,71,120.426441,30.232438
,71,120.426258,30.232347
,72,120.426153,30.232887
,72,120.426116,30.232975
,72,120.426217,30.233017
,72,120.426254,30.232929
,72,120.426153,30.232887
,73,120.425986,30.232891
,73,120.425904,30.233092
,73,120.426007,30.233134
,73,120.426089,30.232933
,73,120.425986,30.232891
,74,120.425510,30.233608
,74,120.425584,30.233641
,74,120.425597,30.233647
,74,120.425728,30.233427
,74,120.425364,30.233266
,74,120.425233,30.233486
,74,120.425510,30.233608
,75,120.425584,30.233641
,75,120.425510,30.233608
,75,120.425415,30.233770
,75,120.425485,30.233811
,75,120.425584,30.233641
,76,120.425096,30.233096
,76,120.425003,30.233252
,76,120.425065,30.233284
,76,120.425158,30.233128
,76,120.425096,30.233096
,77,120.424772,30.233224
,77,120.424679,30.233379
,77,120.424910,30.233491
,77,120.425003,30.233336
,77,120.424772,30.233224
,78,120.424607,30.233609
,78,120.424886,30.233729
,78,120.424980,30.233861
,78,120.425207,30.233980
,78,120.425269,30.233872
,78,120.425095,30.233791
,78,120.425072,30.233760
,78,120.425029,30.233700
,78,120.425010,30.233675
,78,120.425028,30.233642
,78,120.424638,30.233470
,78,120.424599,30.233527
,78,120.424633,30.233544
,78,120.424607,30.233609
,79,120.425468,30.234031
,79,120.425482,30.234007
,79,120.425471,30.234001
,79,120.425442,30.233984
,79,120.425463,30.233946
,79,120.425269,30.233872
,79,120.425207,30.233980
,79,120.425435,30.234087
,79,120.425468,30.234031
,80,120.425471,30.234001
,80,120.425482,30.234007
,80,120.425468,30.234031
,80,120.425499,30.234049
,80,120.425562,30.233939
,80,120.425520,30.233915
,80,120.425471,30.234001
,81,120.425029,30.233700
,81,120.425072,30.233760
,81,120.425159,30.233712
,81,120.425124,30.233648
,81,120.425029,30.233700
,82,120.423578,30.232812
,82,120.423549,30.232874
,82,120.423710,30.232949
,82,120.423739,30.232887
,82,120.423578,30.232812
,83,120.423295,30.233106
,83,120.423330,30.233040
,83,120.423256,30.233001
,83,120.423220,30.233070
,83,120.423213,30.233083
,83,120.423287,30.233122
,83,120.423295,30.233106
,84,120.423366,30.232961
,84,120.423408,30.232879
,84,120.423333,30.232841
,84,120.423291,30.232924
,84,120.423283,30.232940
,84,120.423358,30.232978
,84,120.423366,30.232961
,85,120.423220,30.233070
,85,120.423256,30.233001
,85,120.423330,30.233040
,85,120.423295,30.233106
,85,120.423379,30.233147
,85,120.423392,30.233121
,85,120.423579,30.233213
,85,120.423637,30.233093
,85,120.423366,30.232961
,85,120.423358,30.232978
,85,120.423283,30.232940
,85,120.423291,30.232924
,85,120.423093,30.232828
,85,120.423022,30.232973
,85,120.423220,30.233070
,86,120.423721,30.233221
,86,120.423846,30.233268
,86,120.423899,30.233179
,86,120.423942,30.233189
,86,120.423945,30.233251
,86,120.424036,30.233250
,86,120.424036,30.233184
,86,120.424099,30.233183
,86,120.424095,30.233057
,86,120.424023,30.233056
,86,120.424021,30.232999
,86,120.423942,30.233001
,86,120.423942,30.232982
,86,120.423864,30.232981
,86,120.423721,30.233221
,87,120.422528,30.233546
,87,120.422501,30.233608
,87,120.422825,30.233749
,87,120.422852,30.233687
,87,120.422528,30.233546
,88,120.422309,30.233591
,88,120.422176,30.233824
,88,120.422246,30.233864
,88,120.422379,30.233631
,88,120.422309,30.233591
,89,120.422350,30.233549
,89,120.422351,30.233582
,89,120.422417,30.233581
,89,120.422417,30.233553
,89,120.422465,30.233552
,89,120.422465,30.233524
,89,120.422323,30.233526
,89,120.422323,30.233549
,89,120.422350,30.233549
,90,120.422193,30.234313
,90,120.422838,30.234615
,90,120.422864,30.234616
,90,120.422881,30.234613
,90,120.423103,30.234544
,90,120.423320,30.234486
,90,120.423363,30.234483
,90,120.423411,30.234502
,90,120.423588,30.234577
,90,120.423603,30.234578
,90,120.423628,30.234567
,90,120.423790,30.234481
,90,120.423798,30.234448
,90,120.423791,30.234428
,90,120.423119,30.234125
,90,120.423083,30.234128
,90,120.422679,30.234254
,90,120.422647,30.234256
,90,120.422605,30.234251
,90,120.422399,30.234143
,90,120.422372,30.234143
,90,120.422345,30.234155
,90,120.422183,30.234249
,90,120.422179,30.234257
,90,120.422179,30.234272
,90,120.422183,30.234286
,90,120.422193,30.234313
,90,120.422861,30.234493
,90,120.422653,30.234382
,90,120.422657,30.234373
,90,120.423079,30.234267
,90,120.423126,30.234247
,90,120.423296,30.234351
,90,120.423310,30.234359
,90,120.423306,30.234373
,90,120.422861,30.234493
,91,120.422044,30.234036
,91,120.421957,30.234201
,91,120.421997,30.234222
,91,120.422084,30.234057
,91,120.422044,30.234036
,92,120.422142,30.233909
,92,120.422066,30.234030
,92,120.422115,30.234061
,92,120.422191,30.233940
,92,120.422142,30.233909
,93,120.423211,30.234817
,93,120.423182,30.234892
,93,120.423417,30.234984
,93,120.423442,30.234921
,93,120.423224,30.234836
,93,120.423229,30.234823
,93,120.423211,30.234817
,94,120.423280,30.234727
,94,120.423249,30.234799
,94,120.423487,30.234900
,94,120.423518,30.234828
,94,120.423280,30.234727
,95,120.423557,30.234950
,95,120.423524,30.235039
,95,120.423577,30.235059
,95,120.423610,30.234970
,95,120.423557,30.234950
,96,120.423729,30.234613
,96,120.423570,30.234900
,96,120.423633,30.234935
,96,120.423792,30.234648
,96,120.423729,30.234613
,97,120.423850,30.234384
,97,120.423912,30.234416
,97,120.423999,30.234239
,97,120.423938,30.234207
,97,120.423850,30.234384
,98,120.423912,30.234416
,98,120.423850,30.234384
,98,120.423777,30.234533
,98,120.423838,30.234565
,98,120.423912,30.234416
,99,120.423826,30.234085
,99,120.423796,30.234153
,99,120.423880,30.234190
,99,120.423910,30.234122
,99,120.423826,30.234085
,100,120.438704,30.241330
,100,120.438710,30.241265
,100,120.438721,30.241150
,100,120.437775,30.241060
,100,120.437758,30.241204
,100,120.437750,30.241203
,100,120.437747,30.241239
,100,120.438704,30.241330
,101,120.438710,30.241265
,101,120.438704,30.241330
,101,120.438702,30.241359
,101,120.439529,30.241560
,101,120.439704,30.241630
,101,120.439743,30.241536
,101,120.438912,30.241284
,101,120.438710,30.241265
,102,120.438721,30.241150
,102,120.438710,30.241265
,102,120.438912,30.241284
,102,120.439112,30.241289
,102,120.439226,30.241278
,102,120.439354,30.241226
,102,120.439576,30.241100
,102,120.439753,30.240890
,102,120.439680,30.240825
,102,120.439384,30.241076
,102,120.439157,30.241159
,102,120.438859,30.241152
,102,120.438721,30.241150
,103,120.440371,30.241187
,103,120.440343,30.241250
,103,120.440507,30.241324
,103,120.440535,30.241261
,103,120.440371,30.241187
,104,120.440500,30.240930
,104,120.440401,30.241143
,104,120.440472,30.241176
,104,120.440571,30.240963
,104,120.440500,30.240930
,105,120.440524,30.241105
,105,120.440489,30.241176
,105,120.440684,30.241271
,105,120.440719,30.241200
,105,120.440524,30.241105
,106,120.440795,30.241231
,106,120.440762,30.241303
,106,120.440962,30.241396
,106,120.440995,30.241324
,106,120.440795,30.241231
,107,120.440334,30.240875
,107,120.440265,30.240982
,107,120.440324,30.241020
,107,120.440393,30.240913
,107,120.440334,30.240875
,108,120.441037,30.241111
,108,120.440971,30.241233
,108,120.441036,30.241268
,108,120.441102,30.241146
,108,120.441037,30.241111
,109,120.439729,30.240054
,109,120.439610,30.240304
,109,120.439839,30.240413
,109,120.439958,30.240163
,109,120.439729,30.240054
,110,120.440237,30.240155
,110,120.440195,30.240243
,110,120.440311,30.240299
,110,120.440372,30.240173
,110,120.440238,30.240108
,110,120.440219,30.240146
,110,120.440237,30.240155
,111,120.440018,30.240486
,111,120.440169,30.240551
,111,120.440343,30.240626
,111,120.440349,30.240629
,111,120.440674,30.240071
,111,120.439897,30.239702
,111,120.439797,30.239904
,111,120.440230,30.240097
,111,120.440018,30.240486
,111,120.440237,30.240155
,111,120.440219,30.240146
,111,120.440238,30.240108
,111,120.440372,30.240173
,111,120.440311,30.240299
,111,120.440195,30.240243
,111,120.440237,30.240155
,112,120.440343,30.240626
,112,120.440169,30.240551
,112,120.440097,30.240713
,112,120.440270,30.240790
,112,120.440343,30.240626
,113,120.441087,30.240713
,113,120.440937,30.240644
,113,120.440809,30.240585
,113,120.440834,30.240531
,113,120.440661,30.240451
,113,120.440573,30.240642
,113,120.441159,30.240912
,113,120.441222,30.240776
,113,120.441087,30.240713
,114,120.440937,30.240644
,114,120.441087,30.240713
,114,120.441112,30.240657
,114,120.440962,30.240588
,114,120.440937,30.240644
,115,120.441711,30.241858
,115,120.441668,30.241957
,115,120.441845,30.242034
,115,120.441866,30.241986
,115,120.441745,30.241934
,115,120.441768,30.241882
,115,120.441711,30.241858
,116,120.441910,30.242000
,116,120.441887,30.242050
,116,120.442052,30.242128
,116,120.442075,30.242078
,116,120.441910,30.242000
,117,120.441830,30.241751
,117,120.441797,30.241822
,117,120.442163,30.241993
,117,120.442196,30.241922
,117,120.441830,30.241751
,118,120.441926,30.241611
,118,120.441892,30.241696
,118,120.441963,30.241724
,118,120.441997,30.241639
,118,120.441926,30.241611
,119,120.442030,30.241622
,119,120.441996,30.241689
,119,120.442270,30.241829
,119,120.442304,30.241762
,119,120.442030,30.241622
,120,120.442485,30.242367
,120,120.442460,30.242429
,120,120.442685,30.242520
,120,120.442710,30.242458
,120,120.442485,30.242367
,121,120.442735,30.242458
,121,120.442708,30.242530
,121,120.442882,30.242594
,121,120.442909,30.242522
,121,120.442735,30.242458
,122,120.442887,30.242475
,122,120.442906,30.242427
,122,120.442899,30.242424
,122,120.442615,30.242311
,122,120.442593,30.242366
,122,120.442884,30.242482
,122,120.442887,30.242475
,123,120.442564,30.242115
,123,120.442493,30.242264
,123,120.442567,30.242299
,123,120.442638,30.242150
,123,120.442564,30.242115
,124,120.442688,30.242167
,124,120.442666,30.242224
,124,120.442941,30.242329
,124,120.442963,30.242272
,124,120.442688,30.242167
,125,120.442999,30.242217
,125,120.443010,30.242221
,125,120.443032,30.242167
,125,120.443036,30.242157
,125,120.442780,30.242054
,125,120.442652,30.242003
,125,120.442626,30.242067
,125,120.442999,30.242217
,126,120.443032,30.242167
,126,120.443010,30.242221
,126,120.442999,30.242217
,126,120.442899,30.242424
,126,120.442906,30.242427
,126,120.442887,30.242475
,126,120.442937,30.242499
,126,120.443085,30.242193
,126,120.443032,30.242167
,127,120.442554,30.241352
,127,120.442443,30.241556
,127,120.442509,30.241592
,127,120.442620,30.241388
,127,120.442554,30.241352
,128,120.442715,30.241516
,128,120.442676,30.241584
,128,120.442715,30.241606
,128,120.442754,30.241538
,128,120.442715,30.241516
,129,120.442574,30.240986
,129,120.442502,30.241141
,129,120.442999,30.241372
,129,120.443071,30.241217
,129,120.442574,30.240986
,130,120.443170,30.241245
,130,120.443098,30.241399
,130,120.443584,30.241626
,130,120.443656,30.241472
,130,120.443170,30.241245
,131,120.442035,30.241186
,131,120.441912,30.241403
,131,120.442050,30.241481
,131,120.442080,30.241428
,131,120.442317,30.241562
,131,120.442456,30.241315
,131,120.442397,30.241282
,131,120.442386,30.241302
,131,120.442089,30.241135
,131,120.442054,30.241197
,131,120.442035,30.241186
,132,120.441511,30.241136
,132,120.441478,30.241197
,132,120.441566,30.241244
,132,120.441599,30.241183
,132,120.441511,30.241136
,133,120.441840,30.240623
,133,120.441766,30.240790
,133,120.442419,30.241081
,133,120.442493,30.240914
,133,120.441840,30.240623
,134,120.443767,30.240939
,134,120.443732,30.241014
,134,120.443775,30.241034
,134,120.443810,30.240959
,134,120.443767,30.240939
,135,120.444325,30.240152
,135,120.444222,30.240104
,135,120.444066,30.240395
,135,120.443909,30.240686
,135,120.444186,30.240814
,135,120.444499,30.240232
,135,120.444325,30.240152
,136,120.444066,30.240395
,136,120.444222,30.240104
,136,120.444325,30.240152
,136,120.444340,30.240123
,136,120.444180,30.240039
,136,120.444009,30.240365
,136,120.444066,30.240395
,137,120.444379,30.239944
,137,120.444415,30.239867
,137,120.444237,30.239785
,137,120.444201,30.239862
,137,120.444193,30.239880
,137,120.444371,30.239962
,137,120.444379,30.239944
,138,120.444201,30.239862
,138,120.444237,30.239785
,138,120.444415,30.239867
,138,120.444379,30.239944
,138,120.444530,30.240013
,138,120.444714,30.239614
,138,120.444624,30.239576
,138,120.444286,30.239432
,138,120.444270,30.239465
,138,120.444249,30.239507
,138,120.444204,30.239486
,138,120.444061,30.239797
,138,120.444201,30.239862
,139,120.441620,30.239671
,139,120.441886,30.239739
,139,120.441915,30.239753
,139,120.441977,30.239605
,139,120.441628,30.239552
,139,120.441627,30.239592
,139,120.441565,30.239589
,139,120.441566,30.239641
,139,120.441601,30.239649
,139,120.441620,30.239671
,140,120.442136,30.239855
,140,120.442185,30.239761
,140,120.442232,30.239784
,140,120.442252,30.239741
,140,120.442015,30.239611
,140,120.441977,30.239605
,140,120.441915,30.239753
,140,120.442136,30.239855
,141,120.442252,30.239741
,141,120.442232,30.239784
,141,120.442185,30.239761
,141,120.442136,30.239855
,141,120.442213,30.239890
,141,120.442409,30.240042
,141,120.442461,30.240002
,141,120.442508,30.240047
,141,120.442556,30.239997
,141,120.442312,30.239774
,141,120.442252,30.239741
,142,120.439211,30.239077
,142,120.439178,30.239148
,142,120.439358,30.239232
,142,120.439391,30.239161
,142,120.439211,30.239077
,143,120.439727,30.239221
,143,120.439659,30.239371
,143,120.439756,30.239415
,143,120.439824,30.239265
,143,120.439727,30.239221
,144,120.439511,30.239215
,144,120.439467,30.239298
,144,120.439599,30.239368
,144,120.439626,30.239317
,144,120.439542,30.239273
,144,120.439559,30.239241
,144,120.439511,30.239215
,145,120.439438,30.238884
,145,120.439501,30.238914
,145,120.439627,30.238974
,145,120.439726,30.239021
,145,120.439864,30.239087
,145,120.439902,30.239105
,145,120.439927,30.239052
,145,120.439935,30.239035
,145,120.439537,30.238845
,145,120.439461,30.238809
,145,120.439435,30.238863
,145,120.439428,30.238879
,145,120.439438,30.238884
,146,120.439726,30.239021
,146,120.439627,30.238974
,146,120.439593,30.239049
,146,120.439693,30.239094
,146,120.439726,30.239021
,147,120.439927,30.239052
,147,120.439902,30.239105
,147,120.439864,30.239087
,147,120.439848,30.239120
,147,120.439934,30.239161
,147,120.439975,30.239075
,147,120.439927,30.239052
,148,120.439432,30.238894
,148,120.439375,30.238864
,148,120.439334,30.238939
,148,120.439390,30.238970
,148,120.439432,30.238894
,149,120.439625,30.238681
,149,120.440063,30.238889
,149,120.440137,30.238734
,149,120.439585,30.238472
,149,120.439518,30.238612
,149,120.439511,30.238627
,149,120.439625,30.238681
,150,120.439375,30.238864
,150,120.439432,30.238894
,150,120.439494,30.238927
,150,120.439501,30.238914
,150,120.439438,30.238884
,150,120.439428,30.238879
,150,120.439435,30.238863
,150,120.439461,30.238809
,150,120.439537,30.238845
,150,120.439625,30.238681
,150,120.439511,30.238627
,150,120.439518,30.238612
,150,120.439494,30.238599
,150,120.439358,30.238855
,150,120.439375,30.238864
,151,120.440414,30.239578
,151,120.440339,30.239544
,151,120.440021,30.239403
,151,120.439973,30.239511
,151,120.440528,30.239758
,151,120.440576,30.239650
,151,120.440414,30.239578
,152,120.440162,30.239111
,152,120.440053,30.239326
,152,120.440140,30.239370
,152,120.440249,30.239155
,152,120.440162,30.239111
,153,120.440339,30.239544
,153,120.440414,30.239578
,153,120.440435,30.239536
,153,120.440542,30.239591
,153,120.440638,30.239402
,153,120.440517,30.239340
,153,120.440436,30.239499
,153,120.440377,30.239469
,153,120.440339,30.239544
,154,120.440214,30.239118
,154,120.440758,30.239370
,154,120.440841,30.239221
,154,120.440726,30.239176
,154,120.440680,30.239287
,154,120.440227,30.239089
,154,120.440214,30.239118
,155,120.440317,30.238883
,155,120.440338,30.238893
,155,120.440607,30.239021
,155,120.440580,30.239067
,155,120.440851,30.239190
,155,120.440910,30.239084
,155,120.440355,30.238808
,155,120.440341,30.238835
,155,120.440317,30.238883
,156,120.440338,30.238893
,156,120.440317,30.238883
,156,120.440341,30.238835
,156,120.440311,30.238817
,156,120.440244,30.238932
,156,120.440297,30.238963
,156,120.440338,30.238893
,157,120.440213,30.237776
,157,120.439942,30.238229
,157,120.440412,30.238443
,157,120.440683,30.237990
,157,120.440213,30.237776
,158,120.440667,30.238040
,158,120.440405,30.238509
,158,120.440554,30.238583
,158,120.440816,30.238114
,158,120.440667,30.238040
,159,120.440672,30.238453
,159,120.440578,30.238630
,159,120.441088,30.238846
,159,120.441182,30.238669
,159,120.440672,30.238453
,160,120.441011,30.238063
,160,120.440865,30.238307
,160,120.441273,30.238487
,160,120.441419,30.238243
,160,120.441011,30.238063
,161,120.441438,30.238385
,161,120.441336,30.238583
,161,120.441468,30.238651
,161,120.441570,30.238453
,161,120.441438,30.238385
,162,120.441452,30.238865
,162,120.441402,30.238966
,162,120.441532,30.239030
,162,120.441550,30.238993
,162,120.441876,30.239154
,162,120.441946,30.239014
,162,120.441549,30.238818
,162,120.441511,30.238895
,162,120.441452,30.238865
,163,120.440391,30.236210
,163,120.440341,30.236314
,163,120.440433,30.236358
,163,120.440483,30.236254
,163,120.440391,30.236210
,164,120.420600,30.237339
,164,120.420827,30.237440
,164,120.420915,30.237259
,164,120.420686,30.237160
,164,120.420600,30.237339
,165,120.421074,30.237851
,165,120.421167,30.237895
,165,120.421296,30.237663
,165,120.421201,30.237625
,165,120.421074,30.237851
,166,120.421323,30.238013
,166,120.421808,30.238257
,166,120.421923,30.238037
,166,120.421438,30.237807
,166,120.421323,30.238013
,167,120.421842,30.237361
,167,120.421978,30.237422
,167,120.421940,30.237501
,167,120.422240,30.237635
,167,120.422348,30.237443
,167,120.421907,30.237244
,167,120.421842,30.237361
,168,120.421921,30.237934
,168,120.422293,30.238098
,168,120.422364,30.237962
,168,120.421995,30.237800
,168,120.421921,30.237934
,169,120.422352,30.238407
,169,120.422518,30.238482
,169,120.422553,30.238418
,169,120.422624,30.238290
,169,120.422640,30.238261
,169,120.422476,30.238188
,169,120.422352,30.238407
,170,120.422553,30.238418
,170,120.422664,30.238474
,170,120.422694,30.238422
,170,120.422653,30.238405
,170,120.422701,30.238327
,170,120.422624,30.238290
,170,120.422553,30.238418
,171,120.423929,30.239625
,171,120.424060,30.239685
,171,120.424089,30.239635
,171,120.423956,30.239576
,171,120.423929,30.239625
,172,120.423983,30.240033
,172,120.424319,30.240191
,172,120.424370,30.240101
,172,120.424028,30.239948
,172,120.423983,30.240033
,173,120.424062,30.239894
,173,120.424408,30.240057
,173,120.424445,30.239982
,173,120.424096,30.239822
,173,120.424062,30.239894
,174,120.424159,30.239776
,174,120.424482,30.239930
,174,120.424523,30.239847
,174,120.424197,30.239697
,174,120.424159,30.239776
,175,120.424380,30.240215
,175,120.424752,30.240390
,175,120.424792,30.240306
,175,120.424418,30.240141
,175,120.424380,30.240215
,176,120.423923,30.240145
,176,120.424168,30.240253
,176,120.424149,30.240294
,176,120.424239,30.240337
,176,120.424303,30.240215
,176,120.423956,30.240067
,176,120.423923,30.240145
,177,120.425399,30.241060
,177,120.425513,30.241106
,177,120.425541,30.241038
,177,120.425428,30.240994
,177,120.425399,30.241060
,178,120.425420,30.240816
,178,120.425553,30.240584
,178,120.425481,30.240552
,178,120.425358,30.240786
,178,120.425420,30.240816
,179,120.425427,30.240822
,179,120.425806,30.240989
,179,120.425835,30.240924
,179,120.425455,30.240767
,179,120.425427,30.240822
,180,120.425492,30.240542
,180,120.425552,30.240570
,180,120.425591,30.240498
,180,120.425531,30.240469
,180,120.425492,30.240542
,181,120.425579,30.240560
,181,120.425960,30.240726
,181,120.425989,30.240666
,181,120.425608,30.240504
,181,120.425579,30.240560
,182,120.426777,30.241476
,182,120.427265,30.241701
,182,120.427307,30.241615
,182,120.426815,30.241401
,182,120.426777,30.241476
,183,120.427758,30.241710
,183,120.428163,30.241887
,183,120.428191,30.241817
,183,120.427789,30.241651
,183,120.427758,30.241710
,184,120.427601,30.241609
,184,120.427678,30.241644
,184,120.427800,30.241395
,184,120.427721,30.241366
,184,120.427601,30.241609
,185,120.427697,30.241624
,185,120.427763,30.241656
,185,120.427930,30.241359
,185,120.427865,30.241326
,185,120.427697,30.241624
,186,120.427921,30.241213
,186,120.427992,30.241251
,186,120.428133,30.241008
,186,120.428061,30.240972
,186,120.427921,30.241213
,187,120.428085,30.241284
,187,120.428388,30.241422
,187,120.428438,30.241334
,187,120.428130,30.241205
,187,120.428085,30.241284
,188,120.428151,30.241084
,188,120.428516,30.241251
,188,120.428550,30.241179
,188,120.428179,30.241023
,188,120.428151,30.241084
,189,120.428264,30.241029
,189,120.428335,30.241064
,189,120.428522,30.240738
,189,120.428445,30.240706
,189,120.428264,30.241029
,190,120.428449,30.241114
,190,120.428524,30.241149
,190,120.428697,30.240825
,190,120.428619,30.240789
,190,120.428449,30.241114
,191,120.428595,30.240756
,191,120.428807,30.240857
,191,120.428842,30.240785
,191,120.428694,30.240719
,191,120.428718,30.240665
,191,120.428650,30.240638
,191,120.428595,30.240756
,192,120.427342,30.239597
,192,120.427691,30.239763
,192,120.427727,30.239692
,192,120.427373,30.239530
,192,120.427342,30.239597
,193,120.427704,30.239765
,193,120.427782,30.239800
,193,120.427682,30.239965
,193,120.427758,30.240000
,193,120.427939,30.239697
,193,120.427872,30.239666
,193,120.427838,30.239724
,193,120.427746,30.239684
,193,120.427704,30.239765
,194,120.427534,30.239519
,194,120.427838,30.239674
,194,120.427876,30.239608
,194,120.427570,30.239459
,194,120.427534,30.239519
,195,120.427386,30.239486
,195,120.427496,30.239539
,195,120.427570,30.239410
,195,120.427460,30.239360
,195,120.427386,30.239486
,196,120.427617,30.239390
,196,120.427922,30.239537
,196,120.427961,30.239463
,196,120.427655,30.239317
,196,120.427617,30.239390
,197,120.427546,30.239249
,197,120.427618,30.239284
,197,120.427713,30.239135
,197,120.427770,30.239160
,197,120.427806,30.239096
,197,120.427676,30.239036
,197,120.427546,30.239249
,198,120.427994,30.239469
,198,120.428132,30.239262
,198,120.428005,30.239194
,198,120.427970,30.239253
,198,120.428034,30.239285
,198,120.427937,30.239437
,198,120.427994,30.239469
,199,120.427946,30.239677
,199,120.428068,30.239499
,199,120.428013,30.239467
,199,120.427894,30.239648
,199,120.427946,30.239677
,200,120.427484,30.239348
,200,120.427550,30.239380
,200,120.427607,30.239286
,200,120.427542,30.239254
,200,120.427484,30.239348
,201,120.427883,30.240068
,201,120.428230,30.240234
,201,120.428273,30.240161
,201,120.427919,30.239996
,201,120.427883,30.240068
,202,120.427890,30.239917
,202,120.428254,30.240083
,202,120.428291,30.240004
,202,120.427925,30.239842
,202,120.427890,30.239917
,203,120.427953,30.239809
,203,120.428308,30.239984
,203,120.428347,30.239903
,203,120.427991,30.239734
,203,120.427953,30.239809
,204,120.428290,30.240269
,204,120.428628,30.240427
,204,120.428662,30.240347
,204,120.428323,30.240196
,204,120.428290,30.240269
,205,120.428306,30.240093
,205,120.428751,30.240303
,205,120.428787,30.240234
,205,120.428337,30.240032
,205,120.428306,30.240093
,206,120.428551,30.240059
,206,120.428811,30.240180
,206,120.428839,30.240114
,206,120.428579,30.239999
,206,120.428551,30.240059
,207,120.428603,30.239947
,207,120.428851,30.240064
,207,120.428886,30.239992
,207,120.428641,30.239879
,207,120.428603,30.239947
,208,120.428566,30.239789
,208,120.428906,30.239959
,208,120.428940,30.239892
,208,120.428596,30.239728
,208,120.428566,30.239789
,209,120.428756,30.240382
,209,120.428964,30.240477
,209,120.429085,30.240264
,209,120.428878,30.240170
,209,120.428756,30.240382
,210,120.428886,30.240128
,210,120.429114,30.240240
,210,120.429179,30.240129
,210,120.428953,30.240015
,210,120.428886,30.240128
,211,120.428956,30.240007
,211,120.429186,30.240121
,211,120.429229,30.240033
,211,120.429000,30.239925
,211,120.428956,30.240007
,212,120.428441,30.239517
,212,120.428487,30.239541
,212,120.428463,30.239579
,212,120.428545,30.239621
,212,120.428620,30.239503
,212,120.428493,30.239439
,212,120.428441,30.239517
,213,120.428567,30.239682
,213,120.428640,30.239719
,213,120.428741,30.239545
,213,120.428671,30.239509
,213,120.428567,30.239682
,214,120.428947,30.239863
,214,120.429020,30.239899
,214,120.429125,30.239721
,214,120.429057,30.239684
,214,120.428947,30.239863
,215,120.429058,30.239843
,215,120.429127,30.239876
,215,120.429163,30.239814
,215,120.429246,30.239845
,215,120.429278,30.239783
,215,120.429133,30.239717
,215,120.429058,30.239843
,216,120.427285,30.237706
,216,120.427622,30.237855
,216,120.427647,30.237794
,216,120.427312,30.237650
,216,120.427285,30.237706
,217,120.427319,30.237599
,217,120.427649,30.237747
,217,120.427679,30.237683
,217,120.427353,30.237533
,217,120.427319,30.237599
