"FID_","ID","X","Y"
,1,120.441457,30.235894
,1,120.441458,30.235894
,1,120.441910,30.236104
,1,120.441885,30.236046
,1,120.441871,30.235972
,1,120.441878,30.235914
,1,120.441903,30.235838
,1,120.442174,30.235369
,1,120.442209,30.235307
,1,120.442226,30.235287
,1,120.442271,30.235256
,1,120.442342,30.235221
,1,120.442393,30.235207
,1,120.442513,30.235210
,1,120.442608,30.235222
,1,120.442593,30.235215
,1,120.441800,30.234876
,1,120.441799,30.234876
,1,120.441869,30.234953
,1,120.441896,30.234999
,1,120.441912,30.235039
,1,120.441917,30.235076
,1,120.441915,30.235122
,1,120.441912,30.235166
,1,120.441887,30.235228
,1,120.441850,30.235291
,1,120.441772,30.235399
,1,120.441461,30.235887
,1,120.441457,30.235894
,2,120.437630,30.233027
,2,120.437678,30.233132
,2,120.437690,30.233186
,2,120.437686,30.233279
,2,120.437660,30.233338
,2,120.437614,30.233391
,2,120.437559,30.233429
,2,120.437493,30.233457
,2,120.437409,30.233476
,2,120.437728,30.233619
,2,120.437839,30.233675
,2,120.437990,30.233423
,2,120.438019,30.233385
,2,120.438057,30.233351
,2,120.438094,30.233330
,2,120.438148,30.233314
,2,120.438218,30.233305
,2,120.438280,30.233312
,2,120.437630,30.233027
,3,120.438412,30.233401
,3,120.438442,30.233444
,3,120.438451,30.233490
,3,120.438452,30.233538
,3,120.438441,30.233590
,3,120.438401,30.233655
,3,120.438280,30.233857
,3,120.438464,30.233943
,3,120.438551,30.233981
,3,120.438700,30.233727
,3,120.438725,30.233690
,3,120.438760,30.233663
,3,120.438797,30.233641
,3,120.438868,30.233614
,3,120.438934,30.233603
,3,120.438975,30.233605
,3,120.438358,30.233344
,3,120.438369,30.233359
,3,120.438412,30.233401
,4,120.434509,30.232218
,4,120.434566,30.232241
,4,120.435012,30.232422
,4,120.435020,30.232425
,4,120.434975,30.232347
,4,120.434973,30.232331
,4,120.434973,30.232292
,4,120.434973,30.232255
,4,120.434985,30.232199
,4,120.435008,30.232158
,4,120.435076,30.232101
,4,120.435154,30.232058
,4,120.435240,30.232031
,4,120.435321,30.232018
,4,120.435403,30.232036
,4,120.434718,30.231698
,4,120.434786,30.231749
,4,120.434825,30.231799
,4,120.434846,30.231852
,4,120.434862,30.231893
,4,120.434866,30.231943
,4,120.434866,30.231984
,4,120.434856,30.232023
,4,120.434846,30.232056
,4,120.434837,30.232074
,4,120.434819,30.232097
,4,120.434794,30.232115
,4,120.434757,30.232140
,4,120.434716,30.232165
,4,120.434640,30.232199
,4,120.434603,30.232212
,4,120.434509,30.232218
,5,120.431506,30.230875
,5,120.432213,30.231212
,5,120.432149,30.231081
,5,120.432138,30.231019
,5,120.432136,30.230962
,5,120.432149,30.230925
,5,120.432156,30.230900
,5,120.432169,30.230874
,5,120.432189,30.230841
,5,120.432246,30.230793
,5,120.432286,30.230766
,5,120.432339,30.230746
,5,120.432422,30.230740
,5,120.432524,30.230746
,5,120.432691,30.230786
,5,120.432735,30.230792
,5,120.432682,30.230768
,5,120.432418,30.230654
,5,120.431841,30.230398
,5,120.431721,30.230342
,5,120.431834,30.230469
,5,120.431874,30.230533
,5,120.431885,30.230572
,5,120.431887,30.230632
,5,120.431885,30.230685
,5,120.431874,30.230715
,5,120.431841,30.230766
,5,120.431792,30.230815
,5,120.431724,30.230859
,5,120.431647,30.230876
,5,120.431594,30.230881
,5,120.431506,30.230875
,6,120.429155,30.229314
,6,120.429193,30.229350
,6,120.429208,30.229369
,6,120.429215,30.229388
,6,120.429223,30.229411
,6,120.429231,30.229447
,6,120.429232,30.229470
,6,120.429232,30.229493
,6,120.429226,30.229519
,6,120.429209,30.229553
,6,120.429194,30.229579
,6,120.429180,30.229603
,6,120.429155,30.229630
,6,120.429131,30.229649
,6,120.429101,30.229666
,6,120.429068,30.229685
,6,120.429035,30.229696
,6,120.428998,30.229703
,6,120.428965,30.229704
,6,120.428932,30.229704
,6,120.428882,30.229698
,6,120.428812,30.229681
,6,120.429311,30.229879
,6,120.429734,30.230071
,6,120.429702,30.230028
,6,120.429672,30.229992
,6,120.429643,30.229955
,6,120.429621,30.229919
,6,120.429610,30.229899
,6,120.429605,30.229885
,6,120.429597,30.229868
,6,120.429596,30.229854
,6,120.429597,30.229815
,6,120.429596,30.229793
,6,120.429604,30.229765
,6,120.429619,30.229734
,6,120.429647,30.229698
,6,120.429694,30.229661
,6,120.429730,30.229649
,6,120.429765,30.229641
,6,120.429801,30.229641
,6,120.429848,30.229636
,6,120.429883,30.229634
,6,120.429155,30.229314
,7,120.422758,30.226990
,7,120.423418,30.227299
,7,120.423384,30.227195
,7,120.423366,30.227148
,7,120.423360,30.227114
,7,120.423360,30.227086
,7,120.423360,30.227067
,7,120.423363,30.227045
,7,120.423377,30.227010
,7,120.423403,30.226977
,7,120.423440,30.226940
,7,120.423537,30.226865
,7,120.423602,30.226839
,7,120.423016,30.226578
,7,120.423104,30.226679
,7,120.423116,30.226711
,7,120.423114,30.226756
,7,120.423089,30.226856
,7,120.423042,30.226924
,7,120.422980,30.226961
,7,120.422908,30.226989
,7,120.422843,30.227002
,7,120.422758,30.226990
,8,120.431721,30.230342
,8,120.431841,30.230398
,8,120.432418,30.230654
,8,120.432682,30.230768
,8,120.432735,30.230792
,8,120.433436,30.231113
,8,120.434718,30.231698
,8,120.435403,30.232036
,8,120.436152,30.232372
,8,120.437630,30.233027
,8,120.438280,30.233312
,8,120.438358,30.233344
,8,120.438975,30.233605
,8,120.439258,30.233733
,8,120.439969,30.234054
,8,120.440658,30.234364
,8,120.441797,30.234875
,8,120.441800,30.234876
,8,120.442593,30.235215
,8,120.442608,30.235222
,8,120.444945,30.236336
,8,120.445612,30.236700
,8,120.445633,30.236695
,8,120.445707,30.236657
,8,120.446257,30.236899
,8,120.446268,30.236911
,8,120.446279,30.237000
,8,120.446363,30.237019
,8,120.450206,30.238675
,8,120.451058,30.237233
,8,120.450556,30.237002
,8,120.450585,30.237139
,8,120.450588,30.237207
,8,120.450557,30.237285
,8,120.450321,30.237706
,8,120.450203,30.237894
,8,120.450125,30.237961
,8,120.450044,30.238017
,8,120.449951,30.238045
,8,120.449859,30.238056
,8,120.449774,30.238056
,8,120.449688,30.238042
,8,120.448838,30.237661
,8,120.448785,30.237639
,8,120.447521,30.237122
,8,120.447513,30.237119
,8,120.447116,30.236957
,8,120.442739,30.234989
,8,120.440301,30.233922
,8,120.439610,30.233620
,8,120.439085,30.233388
,8,120.436537,30.232260
,8,120.433758,30.231015
,8,120.430792,30.229698
,8,120.430057,30.229311
,8,120.429348,30.229041
,8,120.428610,30.228725
,8,120.427062,30.228046
,8,120.426370,30.227687
,8,120.425610,30.227401
,8,120.424359,30.226804
,8,120.422259,30.225907
,8,120.419410,30.224580
,8,120.418440,30.224160
,8,120.417616,30.223787
,8,120.417534,30.223742
,8,120.417462,30.223675
,8,120.417414,30.223602
,8,120.417380,30.223526
,8,120.417377,30.223484
,8,120.417377,30.223428
,8,120.417377,30.223380
,8,120.417386,30.223324
,8,120.417697,30.222775
,8,120.417778,30.222662
,8,120.417834,30.222609
,8,120.417980,30.222547
,8,120.418037,30.222524
,8,120.418097,30.222526
,8,120.418147,30.222528
,8,120.418216,30.222533
,8,120.418276,30.222552
,8,120.418303,30.222558
,8,120.418304,30.222558
,8,120.418305,30.222558
,8,120.418302,30.222557
,8,120.417677,30.222273
,8,120.417632,30.222341
,8,120.417528,30.222298
,8,120.416673,30.223763
,8,120.420230,30.225338
,8,120.423016,30.226578
,8,120.423602,30.226839
,8,120.425446,30.227659
,8,120.428770,30.229145
,8,120.429155,30.229314
,8,120.429883,30.229634
,8,120.430673,30.229876
,8,120.431601,30.230286
,8,120.431721,30.230342
,9,120.447521,30.237122
,9,120.448785,30.237639
,9,120.448755,30.237597
,9,120.448714,30.237556
,9,120.448655,30.237464
,9,120.448635,30.237380
,9,120.448634,30.237305
,9,120.448652,30.237223
,9,120.449024,30.236592
,9,120.449097,30.236510
,9,120.449208,30.236458
,9,120.449353,30.236423
,9,120.449477,30.236417
,9,120.449478,30.236417
,9,120.448593,30.236026
,9,120.448667,30.236110
,9,120.448709,30.236182
,9,120.448729,30.236235
,9,120.448740,30.236308
,9,120.448740,30.236364
,9,120.448719,30.236446
,9,120.448589,30.236674
,9,120.448340,30.237085
,9,120.448279,30.237142
,9,120.448186,30.237201
,9,120.448043,30.237234
,9,120.447834,30.237213
,9,120.447641,30.237146
,9,120.447522,30.237122
,9,120.447521,30.237122
,10,120.439111,30.231810
,10,120.439223,30.231878
,10,120.439464,30.232020
,10,120.439747,30.232207
,10,120.439944,30.232350
,10,120.440096,30.232478
,10,120.440516,30.232881
,10,120.440694,30.233092
,10,120.441198,30.233732
,10,120.441236,30.233809
,10,120.441245,30.233898
,10,120.441214,30.233986
,10,120.441145,30.234068
,10,120.441094,30.234101
,10,120.440996,30.234129
,10,120.440927,30.234129
,10,120.440819,30.234101
,10,120.440301,30.233922
,10,120.442739,30.234989
,10,120.442679,30.234942
,10,120.442570,30.234873
,10,120.442467,30.234796
,10,120.442373,30.234717
,10,120.442225,30.234581
,10,120.442117,30.234443
,10,120.441968,30.234265
,10,120.441541,30.233733
,10,120.440922,30.232947
,10,120.440748,30.232745
,10,120.440735,30.232721
,10,120.440725,30.232698
,10,120.440728,30.232652
,10,120.440738,30.232622
,10,120.440753,30.232601
,10,120.440784,30.232591
,10,120.440882,30.232598
,10,120.439111,30.231810
,11,120.435416,30.230176
,11,120.435528,30.230243
,11,120.435690,30.230326
,11,120.435785,30.230383
,11,120.435966,30.230502
,11,120.436068,30.230576
,11,120.436265,30.230722
,11,120.436596,30.231009
,11,120.436772,30.231190
,11,120.437256,30.231777
,11,120.437448,30.232022
,11,120.437535,30.232160
,11,120.437547,30.232185
,11,120.437553,30.232227
,11,120.437548,30.232296
,11,120.437540,30.232318
,11,120.437529,30.232344
,11,120.437507,30.232380
,11,120.437468,30.232432
,11,120.437415,30.232467
,11,120.437376,30.232485
,11,120.437346,30.232497
,11,120.437312,30.232498
,11,120.437261,30.232501
,11,120.437205,30.232498
,11,120.436839,30.232370
,11,120.436537,30.232260
,11,120.439085,30.233388
,11,120.438903,30.233255
,11,120.438725,30.233124
,11,120.438611,30.233009
,11,120.438466,30.232871
,11,120.438108,30.232428
,11,120.437829,30.232066
,11,120.437186,30.231265
,11,120.437056,30.231111
,11,120.437025,30.231057
,11,120.437028,30.231022
,11,120.437036,30.231004
,11,120.437049,30.230976
,11,120.437072,30.230963
,11,120.437126,30.230942
,11,120.437164,30.230947
,11,120.435416,30.230176
,12,120.432676,30.229030
,12,120.432678,30.229030
,12,120.432675,30.229029
,12,120.431529,30.228516
,12,120.431527,30.228532
,12,120.431499,30.228565
,12,120.431469,30.228583
,12,120.431008,30.228586
,12,120.430205,30.228598
,12,120.430107,30.228611
,12,120.430023,30.228639
,12,120.429936,30.228673
,12,120.429820,30.228755
,12,120.429772,30.228814
,12,120.429708,30.228914
,12,120.429668,30.228954
,12,120.429593,30.229008
,12,120.429526,30.229029
,12,120.429348,30.229041
,12,120.430057,30.229311
,12,120.430025,30.229272
,12,120.429989,30.229223
,12,120.429974,30.229185
,12,120.429964,30.229115
,12,120.429967,30.229054
,12,120.429994,30.228988
,12,120.430036,30.228924
,12,120.430113,30.228868
,12,120.430232,30.228845
,12,120.431620,30.228844
,12,120.431883,30.228875
,12,120.432405,30.228972
,12,120.432676,30.229030
,13,120.425610,30.227401
,13,120.426370,30.227687
,13,120.426292,30.227619
,13,120.426252,30.227517
,13,120.426249,30.227455
,13,120.426267,30.227379
,13,120.426316,30.227309
,13,120.426370,30.227268
,13,120.426459,30.227233
,13,120.426666,30.227222
,13,120.428045,30.227227
,13,120.428306,30.227258
,13,120.428536,30.227294
,13,120.429003,30.227395
,13,120.429004,30.227395
,13,120.429002,30.227394
,13,120.427837,30.226879
,13,120.427823,30.226910
,13,120.427797,30.226936
,13,120.427743,30.226954
,13,120.426886,30.226964
,13,120.426546,30.226969
,13,120.426388,30.226992
,13,120.426269,30.227030
,13,120.426162,30.227100
,13,120.426013,30.227274
,13,120.425963,30.227340
,13,120.425886,30.227389
,13,120.425811,30.227411
,13,120.425752,30.227414
,13,120.425710,30.227414
,13,120.425610,30.227401
,14,120.418440,30.224160
,14,120.419410,30.224580
,14,120.419298,30.224490
,14,120.419240,30.224377
,14,120.419217,30.224278
,14,120.419219,30.224209
,14,120.419244,30.224132
,14,120.419592,30.223536
,14,120.419669,30.223446
,14,120.419792,30.223379
,14,120.419912,30.223357
,14,120.420027,30.223356
,14,120.420133,30.223384
,14,120.420187,30.223393
,14,120.420162,30.223382
,14,120.419153,30.222933
,14,120.419226,30.222998
,14,120.419293,30.223086
,14,120.419314,30.223192
,14,120.419313,30.223295
,14,120.419290,30.223382
,14,120.419196,30.223538
,14,120.418932,30.223984
,14,120.418846,30.224058
,14,120.418777,30.224109
,14,120.418692,30.224144
,14,120.418625,30.224160
,14,120.418569,30.224163
,14,120.418525,30.224162
,14,120.418440,30.224160
,15,120.424213,30.228190
,15,120.424267,30.228133
,15,120.424304,30.228111
,15,120.424351,30.228099
,15,120.424413,30.228093
,15,120.424494,30.228099
,15,120.424597,30.228133
,15,120.425098,30.228323
,15,120.427820,30.229527
,15,120.428858,30.230034
,15,120.428933,30.230072
,15,120.428983,30.230106
,15,120.429008,30.230129
,15,120.429053,30.230182
,15,120.429075,30.230216
,15,120.429085,30.230257
,15,120.429090,30.230301
,15,120.429092,30.230324
,15,120.429075,30.230374
,15,120.429311,30.229879
,15,120.428812,30.229681
,15,120.428322,30.229496
,15,120.428021,30.229386
,15,120.426086,30.228517
,15,120.424448,30.227781
,15,120.424213,30.228190
,16,120.437948,30.249780
,16,120.439091,30.250287
,16,120.439323,30.250367
,16,120.439494,30.250431
,16,120.439845,30.250623
,16,120.439873,30.250648
,16,120.439896,30.250676
,16,120.439914,30.250708
,16,120.439928,30.250742
,16,120.439936,30.250778
,16,120.439938,30.250814
,16,120.439934,30.250851
,16,120.439925,30.250886
,16,120.439909,30.250920
,16,120.439641,30.251374
,16,120.439610,30.251405
,16,120.439574,30.251431
,16,120.439534,30.251452
,16,120.439493,30.251467
,16,120.439449,30.251476
,16,120.439404,30.251478
,16,120.439360,30.251474
,16,120.439317,30.251463
,16,120.439275,30.251446
,16,120.439234,30.251517
,16,120.440118,30.251909
,16,120.441120,30.250193
,16,120.434126,30.247196
,16,120.419957,30.241127
,16,120.412499,30.237820
,16,120.411864,30.237419
,16,120.411636,30.237389
,16,120.411029,30.237115
,16,120.410874,30.236975
,16,120.410395,30.236847
,16,120.410016,30.236593
,16,120.409797,30.236567
,16,120.409242,30.236305
,16,120.409203,30.236301
,16,120.408314,30.237816
,16,120.409176,30.238198
,16,120.409230,30.238120
,16,120.409172,30.238085
,16,120.409109,30.238015
,16,120.409087,30.237952
,16,120.409083,30.237883
,16,120.409093,30.237829
,16,120.409344,30.237385
,16,120.409392,30.237327
,16,120.409454,30.237279
,16,120.409536,30.237247
,16,120.409611,30.237241
,16,120.409704,30.237256
,16,120.410379,30.237560
,16,120.411573,30.238086
,16,120.412142,30.238289
,16,120.412472,30.238424
,16,120.416138,30.240063
,16,120.416251,30.240116
,16,120.416361,30.240176
,16,120.416674,30.240327
,16,120.419292,30.241436
,16,120.419580,30.241568
,16,120.419685,30.241618
,16,120.420341,30.241906
,16,120.422526,30.242885
,16,120.426963,30.244852
,16,120.429213,30.245847
,16,120.429273,30.245868
,16,120.430347,30.246338
,16,120.433147,30.247619
,16,120.433315,30.247683
,16,120.434197,30.248046
,16,120.437234,30.249402
,16,120.437948,30.249780
,17,120.411573,30.238086
,17,120.410379,30.237560
,17,120.410470,30.237617
,17,120.410514,30.237658
,17,120.410541,30.237705
,17,120.410554,30.237755
,17,120.410552,30.237822
,17,120.410538,30.237887
,17,120.410270,30.238336
,17,120.410223,30.238382
,17,120.410172,30.238414
,17,120.410113,30.238436
,17,120.410050,30.238444
,17,120.409997,30.238444
,17,120.409952,30.238435
,17,120.409907,30.238420
,17,120.409865,30.238503
,17,120.411037,30.239023
,17,120.411083,30.238940
,17,120.411023,30.238903
,17,120.410979,30.238859
,17,120.410952,30.238817
,17,120.410937,30.238767
,17,120.410931,30.238723
,17,120.410940,30.238676
,17,120.410961,30.238614
,17,120.411239,30.238153
,17,120.411297,30.238110
,17,120.411344,30.238086
,17,120.411414,30.238074
,17,120.411487,30.238071
,17,120.411573,30.238086
,18,120.422526,30.242885
,18,120.420341,30.241906
,18,120.420528,30.242050
,18,120.420674,30.242191
,18,120.420811,30.242343
,18,120.422103,30.243884
,18,120.422106,30.243886
,18,120.422108,30.243889
,18,120.422110,30.243892
,18,120.422112,30.243896
,18,120.422112,30.243899
,18,120.422113,30.243903
,18,120.422112,30.243907
,18,120.422111,30.243911
,18,120.422110,30.243914
,18,120.422108,30.243917
,18,120.422105,30.243920
,18,120.422102,30.243922
,18,120.422098,30.243924
,18,120.424156,30.244836
,18,120.423976,30.244748
,18,120.423800,30.244653
,18,120.423628,30.244552
,18,120.423459,30.244445
,18,120.423294,30.244332
,18,120.423133,30.244214
,18,120.422977,30.244089
,18,120.422825,30.243959
,18,120.422678,30.243824
,18,120.422536,30.243683
,18,120.422399,30.243538
,18,120.422267,30.243387
,18,120.422141,30.243232
,18,120.422021,30.243073
,18,120.422003,30.243052
,18,120.421989,30.243029
,18,120.421979,30.243005
,18,120.421972,30.242978
,18,120.421970,30.242952
,18,120.421973,30.242925
,18,120.421979,30.242899
,18,120.421990,30.242874
,18,120.422004,30.242851
,18,120.422029,30.242828
,18,120.422058,30.242808
,18,120.422089,30.242794
,18,120.422122,30.242785
,18,120.422156,30.242782
,18,120.422191,30.242784
,18,120.422224,30.242792
,18,120.422255,30.242806
,18,120.422526,30.242885
,19,120.418366,30.241210
,19,120.418411,30.241191
,19,120.418457,30.241192
,19,120.419292,30.241436
,19,120.416674,30.240327
,19,120.416361,30.240176
,19,120.416469,30.240240
,19,120.416572,30.240310
,19,120.416673,30.240385
,19,120.416769,30.240466
,19,120.416861,30.240550
,19,120.416949,30.240640
,19,120.417031,30.240734
,19,120.417110,30.240832
,19,120.418248,30.242192
,19,120.418248,30.242195
,19,120.418248,30.242197
,19,120.418247,30.242200
,19,120.418246,30.242203
,19,120.418245,30.242205
,19,120.418242,30.242207
,19,120.418240,30.242209
,19,120.418238,30.242210
,19,120.418235,30.242211
,19,120.418232,30.242211
,19,120.420511,30.243221
,19,120.420550,30.243137
,19,120.420283,30.243011
,19,120.420020,30.242868
,19,120.419823,30.242746
,19,120.419598,30.242600
,19,120.419473,30.242509
,19,120.419334,30.242397
,19,120.419252,30.242335
,19,120.419167,30.242261
,19,120.418937,30.242049
,19,120.418801,30.241908
,19,120.418627,30.241716
,19,120.418374,30.241387
,19,120.418330,30.241330
,19,120.418320,30.241297
,19,120.418324,30.241260
,19,120.418338,30.241231
,19,120.418366,30.241210
,20,120.426963,30.244852
,20,120.427299,30.245049
,20,120.427321,30.245065
,20,120.427341,30.245084
,20,120.427357,30.245107
,20,120.427369,30.245132
,20,120.427377,30.245158
,20,120.427380,30.245185
,20,120.427379,30.245213
,20,120.427372,30.245240
,20,120.427362,30.245265
,20,120.427348,30.245288
,20,120.427329,30.245309
,20,120.427308,30.245326
,20,120.427284,30.245340
,20,120.427258,30.245349
,20,120.427051,30.245363
,20,120.426844,30.245370
,20,120.426637,30.245370
,20,120.426430,30.245363
,20,120.426224,30.245350
,20,120.426017,30.245330
,20,120.425812,30.245303
,20,120.425608,30.245269
,20,120.425405,30.245228
,20,120.425203,30.245181
,20,120.425003,30.245128
,20,120.424805,30.245067
,20,120.424609,30.245001
,20,120.424415,30.244927
,20,120.424156,30.244836
,20,120.426319,30.245794
,20,120.426324,30.245781
,20,120.426330,30.245774
,20,120.426339,30.245771
,20,120.428754,30.245781
,20,120.429213,30.245847
,20,120.426963,30.244852
,21,120.430347,30.246338
,21,120.431026,30.246761
,21,120.431046,30.246791
,21,120.431052,30.246837
,21,120.431040,30.246872
,21,120.431007,30.246904
,21,120.430967,30.246920
,21,120.430373,30.246941
,21,120.429943,30.246924
,21,120.429585,30.246883
,21,120.429283,30.246834
,21,120.429009,30.246775
,21,120.428703,30.246688
,21,120.428406,30.246597
,21,120.428142,30.246496
,21,120.427986,30.246420
,21,120.427952,30.246422
,21,120.427911,30.246499
,21,120.430195,30.247512
,21,120.430198,30.247490
,21,120.430202,30.247487
,21,120.430213,30.247486
,21,120.432411,30.247488
,21,120.432581,30.247505
,21,120.432889,30.247548
,21,120.433147,30.247619
,21,120.430347,30.246338
,22,120.439091,30.250287
,22,120.437948,30.249780
,22,120.437981,30.249800
,22,120.438010,30.249824
,22,120.438035,30.249853
,22,120.438055,30.249885
,22,120.438069,30.249920
,22,120.438078,30.249957
,22,120.438082,30.249995
,22,120.438079,30.250032
,22,120.438071,30.250069
,22,120.437792,30.250546
,22,120.437758,30.250577
,22,120.437720,30.250603
,22,120.437679,30.250624
,22,120.437636,30.250640
,22,120.437591,30.250649
,22,120.437545,30.250652
,22,120.437499,30.250649
,22,120.437454,30.250640
,22,120.437410,30.250625
,22,120.437372,30.250692
,22,120.438571,30.251223
,22,120.438609,30.251146
,22,120.438576,30.251129
,22,120.438545,30.251107
,22,120.438518,30.251081
,22,120.438496,30.251051
,22,120.438479,30.251017
,22,120.438467,30.250982
,22,120.438461,30.250945
,22,120.438461,30.250907
,22,120.438467,30.250870
,22,120.438478,30.250834
,22,120.438495,30.250801
,22,120.438756,30.250360
,22,120.438791,30.250333
,22,120.438829,30.250310
,22,120.438871,30.250292
,22,120.438914,30.250280
,22,120.438958,30.250273
,22,120.439003,30.250272
,22,120.439048,30.250277
,22,120.439091,30.250287
