"FID_","ID","X","Y"
,1,120.378124,36.254514
,1,120.378147,36.254672
,1,120.378178,36.254767
,1,120.378253,36.254876
,1,120.378372,36.254983
,1,120.378504,36.255052
,1,120.378564,36.255078
,2,120.379058,36.257174
,2,120.379191,36.257109
,2,120.379342,36.257077
,2,120.379533,36.257096
,2,120.379682,36.257162
,2,120.379780,36.257245
,2,120.379850,36.257354
,2,120.379885,36.257505
,3,120.378033,36.260405
,3,120.378232,36.260331
,3,120.378360,36.260320
,3,120.378504,36.260335
,3,120.378657,36.260395
,3,120.378742,36.260457
,3,120.378815,36.260557
,3,120.378855,36.260648
,3,120.378863,36.260746
,4,120.374430,36.266131
,4,120.374477,36.266062
,4,120.374562,36.265949
,4,120.374683,36.265860
,4,120.374855,36.265792
,4,120.375059,36.265762
,4,120.375212,36.265783
,4,120.376195,36.265983
,4,120.376867,36.266133
,4,120.376971,36.266193
,4,120.377014,36.266254
,4,120.377041,36.266352
,4,120.377047,36.266440
,5,120.377196,36.265962
,5,120.377133,36.266039
,5,120.377028,36.266103
,5,120.376929,36.266127
,5,120.376867,36.266133
,6,120.374726,36.265178
,6,120.374745,36.265361
,6,120.374811,36.265510
,6,120.374919,36.265635
,6,120.375010,36.265706
,6,120.375125,36.265755
,6,120.375212,36.265783
,7,120.374239,36.272324
,7,120.374334,36.272459
,7,120.374398,36.272504
,7,120.374485,36.272553
,7,120.374594,36.272580
,7,120.374719,36.272587
,7,120.374842,36.272576
,7,120.374964,36.272536
,7,120.375085,36.272455
,7,120.375165,36.272377
,8,120.371857,36.274200
,8,120.371976,36.274083
,8,120.372104,36.273991
,8,120.372250,36.273930
,8,120.372412,36.273900
,8,120.372605,36.273906
,8,120.373732,36.274132
,8,120.374145,36.274230
,8,120.374261,36.274286
,8,120.374331,36.274346
,8,120.374395,36.274415
,8,120.374435,36.274504
,8,120.374456,36.274601
,9,120.374145,36.274230
,9,120.374243,36.274230
,9,120.374362,36.274215
,9,120.374492,36.274150
,9,120.374573,36.274093
,9,120.374634,36.274042
,10,120.372605,36.273906
,10,120.372490,36.273866
,10,120.372393,36.273812
,10,120.372296,36.273733
,10,120.372222,36.273629
,10,120.372178,36.273522
,10,120.372127,36.273354
,11,120.369761,36.280843
,11,120.369792,36.280737
,11,120.371857,36.274200
,11,120.372127,36.273354
,11,120.373673,36.268504
,11,120.374430,36.266131
,11,120.374726,36.265178
,11,120.375313,36.263349
,11,120.376293,36.260290
,11,120.377839,36.255399
,11,120.378124,36.254514
,11,120.379139,36.251296
,11,120.379175,36.251182
,12,120.379416,36.259014
,12,120.379051,36.259470
,12,120.378430,36.260040
,12,120.378033,36.260405
,12,120.376414,36.261892
,12,120.376189,36.262116
,12,120.375908,36.262443
,12,120.375602,36.262902
,12,120.375313,36.263349
,13,120.377839,36.255399
,13,120.377970,36.255261
,13,120.378079,36.255180
,13,120.378204,36.255123
,13,120.378351,36.255089
,13,120.378477,36.255078
,13,120.378564,36.255078
,13,120.379857,36.255345
,13,120.380188,36.255432
,13,120.380256,36.255472
,13,120.380327,36.255538
,13,120.380388,36.255621
,13,120.380421,36.255805
,14,120.380421,36.255805
,14,120.380248,36.256054
,14,120.380073,36.256239
,14,120.379725,36.256560
,14,120.379058,36.257174
,14,120.378506,36.257682
,14,120.377520,36.258586
,14,120.377247,36.258855
,14,120.376956,36.259195
,14,120.376652,36.259631
,14,120.376386,36.260117
,14,120.376293,36.260290
,15,120.373673,36.268504
,15,120.373592,36.269129
,15,120.373584,36.269495
,15,120.373618,36.269954
,15,120.373711,36.270433
,15,120.374043,36.271572
,15,120.374239,36.272324
,15,120.374247,36.272354
,15,120.374564,36.273488
,15,120.374636,36.273800
,15,120.374664,36.273948
,16,120.369792,36.280737
,16,120.371906,36.281184
,16,120.372082,36.281189
,16,120.372218,36.281151
,16,120.372350,36.281053
,16,120.372416,36.280960
,16,120.372688,36.280184
,16,120.373177,36.278632
,16,120.373673,36.277061
,16,120.373849,36.276485
,16,120.374445,36.274636
,16,120.374456,36.274601
,16,120.374634,36.274042
,16,120.374664,36.273948
,16,120.375165,36.272377
,16,120.375491,36.271355
,16,120.376033,36.269648
,16,120.376335,36.268672
,17,120.376335,36.268672
,17,120.376544,36.268037
,17,120.376609,36.267839
,18,120.376609,36.267839
,18,120.376613,36.267827
,18,120.376650,36.267710
,18,120.377047,36.266440
,18,120.377196,36.265962
,18,120.378167,36.262929
,19,120.378167,36.262929
,19,120.378480,36.261956
,19,120.378538,36.261769
,20,120.378538,36.261769
,20,120.378793,36.260965
,20,120.378863,36.260746
,20,120.378945,36.260502
,20,120.379044,36.260177
,20,120.379253,36.259511
,20,120.379416,36.259014
,20,120.379477,36.258822
,20,120.379574,36.258519
,20,120.379885,36.257505
,20,120.380003,36.257119
,20,120.380321,36.256119
,20,120.380421,36.255805
,20,120.380888,36.254339
,20,120.381330,36.252945
,20,120.381507,36.252263
,20,120.381511,36.252118
,20,120.381494,36.251991
,20,120.381443,36.251893
,20,120.381375,36.251787
,20,120.381298,36.251748
,20,120.379139,36.251296
,21,120.376948,36.269493
,21,120.377546,36.269590
,21,120.377682,36.269604
,21,120.377801,36.269604
,21,120.377907,36.269556
,21,120.377991,36.269475
,21,120.378056,36.269295
,21,120.378149,36.269013
,21,120.378191,36.268873
,21,120.378252,36.268690
,21,120.378320,36.268505
,21,120.378379,36.268314
,21,120.378512,36.267933
,21,120.378636,36.267571
,21,120.378765,36.267166
,21,120.378828,36.266958
,21,120.378918,36.266723
,21,120.378959,36.266596
,21,120.379024,36.266389
,21,120.379080,36.266228
,21,120.379150,36.266001
,21,120.379209,36.265825
,21,120.379281,36.265602
,21,120.379333,36.265458
,21,120.379475,36.265059
,21,120.379566,36.264863
,22,120.378489,36.264686
,22,120.379252,36.264819
,22,120.379361,36.264830
,22,120.379457,36.264822
,22,120.379613,36.264756
,22,120.379728,36.264592
,22,120.379872,36.264176
,22,120.379992,36.263818
,22,120.380044,36.263651
,22,120.380098,36.263476
,22,120.380216,36.263136
,22,120.380254,36.263026
,22,120.380339,36.262775
,22,120.380423,36.262512
,22,120.380482,36.262335
,22,120.380658,36.261798
,22,120.380827,36.261296
,22,120.380881,36.261119
,23,120.379253,36.259511
,23,120.379478,36.259367
,23,120.379613,36.259303
,23,120.379809,36.259283
,23,120.380299,36.259362
,23,120.381186,36.259511
,23,120.381835,36.259616
,23,120.382487,36.259726
,23,120.383146,36.259831
,23,120.383814,36.259951
,23,120.383916,36.260023
,23,120.383947,36.260093
,23,120.383952,36.260204
,23,120.383735,36.260832
,23,120.383650,36.261089
,23,120.383593,36.261160
,23,120.383525,36.261203
,23,120.383349,36.261248
,24,120.379477,36.258822
,24,120.379531,36.258994
,24,120.379605,36.259147
,24,120.379716,36.259235
,24,120.379809,36.259283
,25,120.378945,36.260502
,25,120.379417,36.260579
,25,120.379702,36.260635
,25,120.379883,36.260669
,25,120.380336,36.260748
,25,120.380713,36.260809
,25,120.381329,36.260916
,25,120.381496,36.260945
,25,120.381970,36.261021
,25,120.382069,36.261037
,25,120.382739,36.261150
,25,120.383349,36.261248
,25,120.383914,36.261342
,26,120.379044,36.260177
,26,120.379098,36.260330
,26,120.379161,36.260446
,26,120.379211,36.260507
,26,120.379275,36.260538
,26,120.379417,36.260579
,27,120.379417,36.260579
,27,120.379274,36.260586
,27,120.379140,36.260598
,27,120.379006,36.260641
,27,120.378863,36.260746
,28,120.379883,36.260669
,28,120.379994,36.260641
,28,120.380103,36.260587
,28,120.380170,36.260497
,28,120.380459,36.259610
,28,120.380459,36.259514
,28,120.380418,36.259444
,28,120.380299,36.259362
,29,120.380170,36.260497
,29,120.380170,36.260586
,29,120.380197,36.260652
,29,120.380272,36.260706
,29,120.380336,36.260748
,30,120.380713,36.260809
,30,120.380822,36.260805
,30,120.380955,36.260749
,30,120.381012,36.260697
,30,120.381267,36.259972
,30,120.381330,36.259765
,30,120.381334,36.259700
,30,120.381310,36.259626
,30,120.381276,36.259574
,30,120.381186,36.259511
,31,120.381835,36.259616
,31,120.381908,36.259664
,31,120.381953,36.259723
,31,120.381982,36.259779
,31,120.381982,36.259874
,31,120.381718,36.260700
,31,120.381676,36.260785
,31,120.381624,36.260839
,31,120.381568,36.260882
,31,120.381473,36.260908
,31,120.381329,36.260916
,32,120.381970,36.261021
,32,120.382076,36.261019
,32,120.382175,36.261004
,32,120.382250,36.260969
,32,120.382310,36.260917
,32,120.382368,36.260809
,32,120.382641,36.259985
,32,120.382640,36.259887
,32,120.382622,36.259838
,32,120.382584,36.259792
,32,120.382523,36.259751
,32,120.382487,36.259726
,33,120.383146,36.259831
,33,120.383206,36.259874
,33,120.383260,36.259938
,33,120.383284,36.259992
,33,120.383296,36.260070
,33,120.383279,36.260137
,33,120.382988,36.260991
,33,120.382939,36.261064
,33,120.382874,36.261104
,33,120.382739,36.261150
,34,120.379702,36.260635
,34,120.379764,36.260679
,34,120.379836,36.260754
,34,120.379861,36.260824
,34,120.379863,36.260909
,34,120.379851,36.260937
,34,120.379806,36.260961
,34,120.379737,36.261000
,34,120.379682,36.261057
,34,120.379658,36.261092
,34,120.379615,36.261192
,34,120.379622,36.261284
,34,120.379639,36.261340
,34,120.379652,36.261372
,34,120.380329,36.261485
,34,120.380413,36.261491
,34,120.380479,36.261510
,34,120.380546,36.261553
,34,120.380603,36.261593
,34,120.380645,36.261659
,34,120.380654,36.261702
,34,120.380658,36.261798
,35,120.380413,36.261491
,35,120.380493,36.261496
,35,120.380588,36.261483
,35,120.380677,36.261452
,35,120.380767,36.261389
,35,120.380827,36.261296
,36,120.380881,36.261119
,36,120.380897,36.261049
,36,120.380880,36.260979
,36,120.380849,36.260912
,36,120.380776,36.260852
,36,120.380713,36.260809
,37,120.380881,36.261119
,37,120.380943,36.261033
,37,120.381022,36.260970
,37,120.381104,36.260934
,37,120.381218,36.260910
,37,120.381329,36.260916
,38,120.381496,36.260945
,38,120.381589,36.260989
,38,120.381648,36.261041
,38,120.381685,36.261098
,38,120.381709,36.261158
,38,120.381717,36.261254
,38,120.381248,36.262672
,38,120.381160,36.262757
,38,120.381093,36.262801
,38,120.380977,36.262844
,38,120.380852,36.262860
,38,120.380753,36.262858
,39,120.380423,36.262512
,39,120.380416,36.262605
,39,120.380448,36.262696
,39,120.380509,36.262763
,39,120.380597,36.262817
,39,120.380753,36.262858
,40,120.382069,36.261037
,40,120.382174,36.261080
,40,120.382249,36.261149
,40,120.382290,36.261212
,40,120.382301,36.261257
,40,120.382293,36.261390
,40,120.381993,36.262292
,40,120.381803,36.262868
,40,120.381742,36.262939
,41,120.384052,36.262101
,41,120.383964,36.262119
,41,120.383612,36.262203
,41,120.383180,36.262332
,41,120.383121,36.262350
,41,120.382921,36.262415
,41,120.382496,36.262583
,41,120.381882,36.262858
,41,120.381742,36.262939
,41,120.381524,36.263056
,41,120.381252,36.263221
,41,120.381076,36.263339
,41,120.380802,36.263537
,41,120.380513,36.263770
,41,120.380222,36.264035
,41,120.379943,36.264315
,41,120.379798,36.264502
,41,120.379728,36.264592
,42,120.382739,36.261150
,42,120.382807,36.261175
,42,120.382864,36.261212
,42,120.382913,36.261263
,42,120.382948,36.261311
,42,120.382969,36.261378
,42,120.382970,36.261462
,42,120.382740,36.262127
,42,120.382637,36.262440
,42,120.382579,36.262515
,42,120.382553,36.262543
,42,120.382496,36.262583
,43,120.378167,36.262929
,43,120.378304,36.262752
,43,120.378440,36.262628
,43,120.378591,36.262558
,43,120.378758,36.262522
,43,120.379029,36.262558
,43,120.379441,36.262633
,43,120.379958,36.262720
,43,120.380339,36.262775
,43,120.380753,36.262858
,43,120.381244,36.262935
,43,120.381515,36.262983
,43,120.381605,36.262985
,43,120.381742,36.262939
,44,120.378480,36.261956
,44,120.378503,36.262130
,44,120.378534,36.262263
,44,120.378607,36.262380
,44,120.378701,36.262464
,44,120.378758,36.262522
,45,120.379029,36.262558
,45,120.379162,36.262545
,45,120.379281,36.262502
,45,120.379356,36.262412
,45,120.379383,36.262324
,45,120.379317,36.262220
,45,120.379324,36.262121
,45,120.379349,36.262026
,45,120.379399,36.261963
,45,120.379493,36.261893
,45,120.380254,36.262017
,45,120.380376,36.262073
,45,120.380443,36.262130
,45,120.380484,36.262231
,45,120.380482,36.262335
,46,120.380254,36.262017
,46,120.380373,36.262017
,46,120.380493,36.261981
,46,120.380588,36.261913
,46,120.380658,36.261798
,47,120.379958,36.262720
,47,120.380068,36.262722
,47,120.380170,36.262718
,47,120.380262,36.262684
,47,120.380355,36.262609
,47,120.380423,36.262512
,48,120.379958,36.262720
,48,120.380088,36.262755
,48,120.380172,36.262819
,48,120.380229,36.262909
,48,120.380254,36.263026
,49,120.380254,36.263026
,49,120.380345,36.262944
,49,120.380435,36.262882
,49,120.380579,36.262850
,49,120.380753,36.262858
,50,120.379029,36.262558
,50,120.379110,36.262609
,50,120.379141,36.262649
,50,120.379159,36.262710
,50,120.379110,36.262922
,50,120.379056,36.262954
,50,120.379015,36.262988
,50,120.378999,36.263046
,50,120.379010,36.263114
,50,120.379893,36.263265
,50,120.380012,36.263258
,50,120.380127,36.263218
,50,120.380189,36.263160
,50,120.380216,36.263136
,51,120.379893,36.263265
,51,120.379976,36.263315
,51,120.380034,36.263368
,51,120.380098,36.263476
,52,120.380098,36.263476
,52,120.380039,36.263524
,52,120.379916,36.263587
,52,120.379761,36.263614
,52,120.378894,36.263465
,53,120.379761,36.263614
,53,120.379863,36.263645
,53,120.379947,36.263717
,53,120.379984,36.263774
,53,120.379992,36.263818
,54,120.379992,36.263818
,54,120.379946,36.263873
,54,120.379873,36.263914
,54,120.379769,36.263944
,54,120.379650,36.263946
,54,120.378787,36.263810
,55,120.379650,36.263946
,55,120.379763,36.264000
,55,120.379831,36.264059
,55,120.379864,36.264134
,55,120.379872,36.264176
,56,120.379872,36.264176
,56,120.379841,36.264223
,56,120.379767,36.264282
,56,120.379660,36.264318
,56,120.379537,36.264327
,56,120.378665,36.264170
,57,120.379537,36.264327
,57,120.379634,36.264368
,57,120.379695,36.264419
,57,120.379722,36.264479
,57,120.379728,36.264592
,58,120.379252,36.264819
,58,120.379356,36.264869
,58,120.379414,36.264914
,58,120.379454,36.264997
,58,120.379475,36.265059
,58,120.379417,36.265122
,58,120.379306,36.265185
,58,120.379153,36.265198
,58,120.378362,36.265070
,59,120.379153,36.265198
,59,120.379230,36.265242
,59,120.379300,36.265303
,59,120.379333,36.265367
,59,120.379333,36.265458
,59,120.379244,36.265555
,59,120.379123,36.265597
,59,120.379005,36.265608
,59,120.378223,36.265475
,60,120.379005,36.265608
,60,120.379075,36.265627
,60,120.379132,36.265672
,60,120.379170,36.265720
,60,120.379205,36.265803
,60,120.379209,36.265825
,60,120.379176,36.265874
,60,120.379087,36.265931
,60,120.378980,36.265963
,60,120.378894,36.265970
,60,120.378155,36.265843
,60,120.378132,36.265856
,60,120.378083,36.265919
,60,120.378074,36.265986
,60,120.378094,36.266030
,60,120.378111,36.266063
,60,120.378110,36.266113
,60,120.378061,36.266246
,60,120.377990,36.266296
,60,120.377946,36.266317
,61,120.378894,36.265970
,61,120.378963,36.265992
,61,120.379032,36.266045
,61,120.379059,36.266091
,61,120.379087,36.266155
,61,120.379080,36.266228
,62,120.379080,36.266228
,62,120.379026,36.266334
,62,120.378963,36.266392
,62,120.378841,36.266436
,62,120.378737,36.266450
,63,120.378737,36.266450
,63,120.378882,36.266444
,63,120.378952,36.266421
,63,120.379024,36.266389
,63,120.379079,36.266341
,63,120.379145,36.266305
,63,120.379234,36.266283
,63,120.379340,36.266280
,63,120.380040,36.266400
,64,120.379340,36.266280
,64,120.379241,36.266238
,64,120.379180,36.266184
,64,120.379145,36.266110
,64,120.379150,36.266001
,64,120.379203,36.265929
,64,120.379294,36.265872
,64,120.379380,36.265843
,64,120.379462,36.265838
,64,120.380175,36.265959
,65,120.379462,36.265838
,65,120.379402,36.265811
,65,120.379338,36.265753
,65,120.379297,36.265687
,65,120.379287,36.265628
,65,120.379281,36.265602
,66,120.379333,36.265458
,66,120.379405,36.265373
,66,120.379480,36.265322
,66,120.379566,36.265303
,66,120.379658,36.265299
,66,120.380464,36.265563
,67,120.379658,36.265299
,67,120.379585,36.265260
,67,120.379537,36.265220
,67,120.379493,36.265161
,67,120.379479,36.265103
,67,120.379475,36.265059
,68,120.379566,36.264863
,68,120.379613,36.264756
,69,120.379566,36.264863
,69,120.379637,36.264787
,69,120.379718,36.264731
,69,120.379842,36.264703
,69,120.380025,36.264724
,70,120.379798,36.264502
,70,120.379833,36.264581
,70,120.379888,36.264644
,70,120.379951,36.264687
,70,120.380025,36.264724
,70,120.380826,36.265091
,71,120.379943,36.264315
,71,120.379901,36.264393
,71,120.379888,36.264450
,71,120.379888,36.264497
,71,120.379902,36.264584
,71,120.379945,36.264652
,71,120.380025,36.264724
,72,120.379943,36.264315
,72,120.380053,36.264231
,72,120.380170,36.264184
,72,120.380296,36.264165
,72,120.380410,36.264175
,72,120.380528,36.264218
,72,120.381186,36.264612
,73,120.380044,36.263651
,73,120.380042,36.263735
,73,120.380049,36.263822
,73,120.380084,36.263895
,73,120.380132,36.263961
,73,120.380222,36.264035
,73,120.380528,36.264218
,74,120.380528,36.264218
,74,120.380439,36.264143
,74,120.380405,36.264064
,74,120.380396,36.263979
,74,120.380408,36.263903
,74,120.380513,36.263770
,75,120.380513,36.263770
,75,120.380640,36.263700
,75,120.380751,36.263674
,75,120.380865,36.263668
,75,120.380962,36.263685
,75,120.381070,36.263743
,75,120.381688,36.264223
,76,120.380254,36.263026
,76,120.380271,36.263092
,76,120.380326,36.263160
,76,120.380802,36.263537
,76,120.381070,36.263743
,77,120.381070,36.263743
,77,120.381010,36.263659
,77,120.380991,36.263574
,77,120.380992,36.263492
,77,120.381035,36.263387
,77,120.381076,36.263339
,78,120.381252,36.263221
,78,120.381393,36.263176
,78,120.381504,36.263175
,78,120.381601,36.263177
,78,120.381677,36.263210
,78,120.381776,36.263269
,79,120.381244,36.262935
,79,120.381524,36.263056
,79,120.381636,36.263132
,79,120.381776,36.263269
,79,120.382272,36.263805
,80,120.381776,36.263269
,80,120.381724,36.263188
,80,120.381715,36.263107
,80,120.381731,36.263031
,80,120.381765,36.262961
,80,120.381882,36.262858
,80,120.382008,36.262830
,80,120.382089,36.262827
,80,120.382165,36.262835
,80,120.382277,36.262871
,80,120.382358,36.262941
,80,120.382404,36.262984
,80,120.382798,36.263538
,81,120.382404,36.262984
,81,120.382358,36.262904
,81,120.382348,36.262823
,81,120.382363,36.262734
,81,120.382408,36.262654
,81,120.382496,36.262583
,81,120.382658,36.262570
,81,120.382788,36.262601
,81,120.382858,36.262642
,81,120.382945,36.262715
,81,120.383313,36.263364
,82,120.382945,36.262715
,82,120.382923,36.262641
,82,120.382934,36.262545
,82,120.382972,36.262466
,82,120.383051,36.262398
,83,120.383051,36.262398
,83,120.383086,36.262368
,83,120.383121,36.262350
,84,120.382921,36.262415
,84,120.383022,36.262398
,84,120.383051,36.262398
,85,120.383051,36.262398
,85,120.383116,36.262398
,85,120.383221,36.262422
,85,120.383307,36.262462
,85,120.383415,36.262565
,85,120.383689,36.263198
,86,120.383180,36.262332
,86,120.383255,36.262330
,86,120.383344,36.262335
,86,120.383440,36.262363
,86,120.383613,36.262482
,86,120.383725,36.262568
,87,120.383415,36.262565
,87,120.383401,36.262477
,87,120.383421,36.262383
,87,120.383440,36.262363
,87,120.383491,36.262302
,87,120.383561,36.262235
,87,120.383612,36.262203
,88,120.383964,36.262119
,88,120.383859,36.262163
,88,120.383790,36.262214
,88,120.383723,36.262292
,88,120.383691,36.262364
,88,120.383689,36.262451
,88,120.383695,36.262484
,88,120.383725,36.262568
,88,120.383834,36.262665
,88,120.384253,36.263011
,89,120.377047,36.266440
,89,120.377172,36.266347
,89,120.377256,36.266298
,89,120.377396,36.266253
,89,120.377488,36.266253
,89,120.377587,36.266250
,89,120.377946,36.266317
,89,120.378737,36.266450
,89,120.378862,36.266508
,89,120.378905,36.266591
,89,120.378925,36.266629
,89,120.378918,36.266723
,90,120.377196,36.265962
,90,120.377312,36.266102
,90,120.377391,36.266174
,90,120.377493,36.266221
,90,120.377587,36.266250
,91,120.377946,36.266317
,91,120.377987,36.266363
,91,120.378002,36.266417
,91,120.377948,36.266566
,91,120.377905,36.266600
,91,120.377847,36.266641
,91,120.377815,36.266675
,91,120.377797,36.266715
,91,120.377802,36.266763
,91,120.377815,36.266790
,91,120.378546,36.266918
,91,120.378666,36.266918
,91,120.378788,36.266880
,91,120.378869,36.266824
,91,120.378918,36.266723
,92,120.378546,36.266918
,92,120.378673,36.266970
,92,120.378734,36.267024
,92,120.378765,36.267166
,92,120.378727,36.267223
,92,120.378639,36.267288
,92,120.378499,36.267318
,92,120.378436,36.267329
,92,120.377707,36.267207
,93,120.378436,36.267329
,93,120.378539,36.267376
,93,120.378612,36.267451
,93,120.378634,36.267534
,93,120.378636,36.267571
,93,120.378589,36.267627
,93,120.378497,36.267692
,93,120.378406,36.267715
,93,120.378273,36.267715
,93,120.377590,36.267600
,94,120.378273,36.267715
,94,120.378384,36.267758
,94,120.378458,36.267821
,94,120.378512,36.267933
,95,120.378512,36.267933
,95,120.378461,36.268022
,95,120.378368,36.268085
,95,120.378257,36.268116
,95,120.378156,36.268116
,95,120.377447,36.267990
,95,120.377411,36.268006
,95,120.377371,36.268073
,95,120.377368,36.268157
,95,120.377396,36.268204
,95,120.377402,36.268251
,95,120.377335,36.268440
,95,120.377217,36.268519
,96,120.378056,36.269295
,96,120.377964,36.269369
,96,120.377845,36.269411
,96,120.377759,36.269423
,96,120.377023,36.269278
,97,120.378149,36.269013
,97,120.378095,36.269100
,97,120.378007,36.269159
,97,120.377912,36.269190
,97,120.377826,36.269190
,97,120.377089,36.269066
,97,120.377073,36.269012
,97,120.377080,36.268949
,97,120.377114,36.268906
,97,120.377163,36.268877
,97,120.377197,36.268841
,97,120.377262,36.268667
,97,120.377267,36.268608
,97,120.377217,36.268519
,98,120.376335,36.268672
,98,120.376446,36.268548
,98,120.376552,36.268490
,98,120.376714,36.268445
,98,120.376841,36.268454
,98,120.377217,36.268519
,98,120.377998,36.268652
,98,120.378252,36.268690
,99,120.376544,36.268037
,99,120.376534,36.268155
,99,120.376565,36.268270
,99,120.376644,36.268365
,99,120.376841,36.268454
,100,120.377998,36.268652
,100,120.378075,36.268683
,100,120.378149,36.268737
,100,120.378185,36.268809
,100,120.378191,36.268873
,101,120.377998,36.268652
,101,120.378138,36.268631
,101,120.378224,36.268601
,101,120.378320,36.268505
,102,120.378320,36.268505
,102,120.378334,36.268592
,102,120.378395,36.268669
,102,120.378492,36.268730
,102,120.379144,36.268832
,102,120.379674,36.268764
,103,120.378252,36.268690
,103,120.378492,36.268730
,104,120.378492,36.268730
,104,120.378363,36.268757
,104,120.378266,36.268807
,104,120.378191,36.268873
,105,120.378149,36.269013
,105,120.378167,36.269114
,105,120.378246,36.269208
,105,120.378359,36.269253
,105,120.379151,36.269362
,105,120.379747,36.269330
,106,120.378156,36.268116
,106,120.378251,36.268143
,106,120.378330,36.268204
,106,120.378368,36.268288
,106,120.378379,36.268314
,107,120.378379,36.268314
,107,120.378458,36.268225
,107,120.378555,36.268182
,107,120.378740,36.268159
,107,120.379613,36.268152
,108,120.378740,36.268159
,108,120.378625,36.268103
,108,120.378589,36.268089
,108,120.378537,36.268026
,108,120.378512,36.267933
,109,120.378636,36.267571
,109,120.378729,36.267480
,109,120.378833,36.267424
,109,120.378955,36.267424
,109,120.379668,36.267498
,110,120.378955,36.267424
,110,120.378862,36.267381
,110,120.378792,36.267309
,110,120.378767,36.267257
,110,120.378765,36.267166
,111,120.378828,36.266958
,111,120.378912,36.266887
,111,120.378982,36.266842
,111,120.379063,36.266824
,111,120.379155,36.266821
,111,120.379895,36.266970
,112,120.379155,36.266821
,112,120.379049,36.266778
,112,120.378979,36.266684
,112,120.378959,36.266596
