"FID_","ID","X","Y"
,1,120.377099,36.266681
,1,120.377396,36.265732
,1,120.377650,36.264939
,1,120.378018,36.263789
,1,120.378352,36.262748
,1,120.378584,36.262023
,1,120.378982,36.260771
,1,120.379693,36.258544
,1,120.379693,36.258543
,1,120.380004,36.257529
,1,120.380122,36.257143
,1,120.381574,36.252541
,1,120.381632,36.252236
,1,120.381634,36.252120
,1,120.381616,36.251980
,1,120.381556,36.251855
,1,120.381484,36.251742
,1,120.381466,36.251717
,1,120.381404,36.251679
,1,120.381301,36.251630
,1,120.379412,36.251235
,1,120.379333,36.251485
,1,120.381154,36.251854
,1,120.381233,36.251906
,1,120.381290,36.251950
,1,120.381350,36.252031
,1,120.381388,36.252122
,1,120.381373,36.252261
,1,120.381210,36.252923
,1,120.380404,36.255459
,1,120.379703,36.257686
,1,120.379302,36.258974
,1,120.378700,36.260859
,1,120.377111,36.265830
,1,120.376906,36.266485
,1,120.376905,36.266489
,1,120.375083,36.272235
,1,120.374687,36.273477
,1,120.374687,36.273478
,1,120.374539,36.273942
,1,120.374528,36.273979
,1,120.374282,36.274701
,1,120.372551,36.280192
,1,120.372266,36.280900
,1,120.372209,36.280978
,1,120.372092,36.281040
,1,120.371991,36.281059
,1,120.371896,36.281055
,1,120.370065,36.280662
,1,120.369982,36.280899
,1,120.371849,36.281294
,1,120.371930,36.281306
,1,120.371998,36.281303
,1,120.372064,36.281299
,1,120.372155,36.281276
,1,120.372240,36.281251
,1,120.372300,36.281224
,1,120.372433,36.281126
,1,120.372449,36.281112
,1,120.372522,36.281009
,1,120.372563,36.280930
,1,120.374367,36.275273
,1,120.374906,36.273588
,1,120.375284,36.272402
,1,120.376381,36.268953
,1,120.376676,36.268027
,1,120.377099,36.266681
,2,120.380404,36.255459
,2,120.380345,36.255404
,2,120.380328,36.255392
,2,120.380260,36.255352
,2,120.380226,36.255338
,2,120.379887,36.255249
,2,120.378612,36.254986
,2,120.378608,36.254985
,2,120.378567,36.254967
,2,120.378459,36.254896
,2,120.378382,36.254799
,2,120.378350,36.254603
,2,120.378079,36.255442
,2,120.378177,36.255328
,2,120.378316,36.255251
,2,120.378448,36.255232
,2,120.378558,36.255235
,2,120.378939,36.255306
,2,120.379824,36.255491
,2,120.380017,36.255543
,2,120.380103,36.255609
,2,120.380178,36.255697
,2,120.380214,36.255856
,2,120.380140,36.255993
,2,120.379978,36.256176
,2,120.379633,36.256495
,2,120.378966,36.257109
,2,120.378414,36.257617
,2,120.377428,36.258521
,2,120.377425,36.258523
,2,120.377152,36.258792
,2,120.377146,36.258799
,2,120.376943,36.259037
,2,120.376712,36.259767
,2,120.376762,36.259675
,2,120.377060,36.259247
,2,120.377345,36.258915
,2,120.377614,36.258650
,2,120.378598,36.257747
,2,120.379086,36.257298
,2,120.379285,36.257232
,2,120.379411,36.257228
,2,120.379524,36.257251
,2,120.379626,36.257318
,2,120.379682,36.257411
,2,120.379698,36.257496
,2,120.379703,36.257686
,2,120.380404,36.255459
,3,120.378700,36.260859
,3,120.379302,36.258974
,3,120.378953,36.259410
,3,120.378338,36.259975
,3,120.377941,36.260340
,3,120.376322,36.261827
,3,120.376319,36.261830
,3,120.376094,36.262054
,3,120.376088,36.262060
,3,120.375916,36.262261
,3,120.375681,36.262993
,3,120.375710,36.262948
,3,120.376013,36.262495
,3,120.376287,36.262175
,3,120.376508,36.261956
,3,120.378043,36.260545
,3,120.378186,36.260489
,3,120.378349,36.260462
,3,120.378464,36.260478
,3,120.378590,36.260537
,3,120.378644,36.260623
,3,120.378680,36.260753
,3,120.378700,36.260859
,4,120.376905,36.266488
,4,120.376906,36.266486
,4,120.376906,36.266485
,4,120.377077,36.265938
,4,120.377077,36.265937
,4,120.377111,36.265830
,4,120.377062,36.265864
,4,120.376973,36.265921
,4,120.376851,36.265962
,4,120.376730,36.265974
,4,120.376622,36.265971
,4,120.376228,36.265888
,4,120.376225,36.265887
,4,120.375375,36.265717
,4,120.375255,36.265656
,4,120.375163,36.265591
,4,120.375084,36.265521
,4,120.375034,36.265440
,4,120.375007,36.265358
,4,120.374987,36.265246
,4,120.374980,36.265179
,4,120.374658,36.266212
,4,120.374729,36.266123
,4,120.374863,36.266006
,4,120.375002,36.265938
,4,120.375172,36.265902
,4,120.375316,36.265911
,4,120.376164,36.266079
,4,120.376589,36.266171
,4,120.376689,36.266221
,4,120.376798,36.266307
,4,120.376893,36.266461
,4,120.376905,36.266488
,5,120.373490,36.269875
,5,120.373496,36.269960
,5,120.373496,36.269961
,5,120.373496,36.269964
,5,120.373590,36.270448
,5,120.373590,36.270449
,5,120.373592,36.270456
,5,120.373923,36.271593
,5,120.374119,36.272344
,5,120.374119,36.272345
,5,120.374127,36.272375
,5,120.374127,36.272376
,5,120.374444,36.273508
,5,120.374515,36.273817
,5,120.374539,36.273942
,5,120.374687,36.273478
,5,120.374687,36.273477
,5,120.375083,36.272235
,5,120.374981,36.272328
,5,120.374909,36.272388
,5,120.374787,36.272436
,5,120.374679,36.272440
,5,120.374566,36.272422
,5,120.374467,36.272368
,5,120.374338,36.272221
,5,120.374163,36.271552
,5,120.374162,36.271549
,5,120.373832,36.270414
,5,120.373740,36.269943
,5,120.373707,36.269493
,5,120.373714,36.269170
,5,120.373490,36.269875
,6,120.374282,36.274701
,6,120.374528,36.273979
,6,120.374489,36.273998
,6,120.374414,36.274027
,6,120.374339,36.274052
,6,120.374187,36.274075
,6,120.373988,36.274044
,6,120.372834,36.273805
,6,120.372682,36.273770
,6,120.372621,36.273747
,6,120.372577,36.273722
,6,120.372516,36.273686
,6,120.372452,36.273615
,6,120.372413,36.273553
,6,120.372384,36.273484
,6,120.372381,36.273379
,6,120.372095,36.274249
,6,120.372183,36.274159
,6,120.372299,36.274087
,6,120.372457,36.274049
,6,120.372624,36.274065
,6,120.373856,36.274322
,6,120.374124,36.274386
,6,120.374188,36.274429
,6,120.374231,36.274481
,6,120.374253,36.274530
,6,120.374267,36.274619
,6,120.374282,36.274701
