"FID_","ID","NAME","X","Y"
,1,0,106.639165,29.705401
,1,0,106.639195,29.705261
,1,0,106.639257,29.705180
,1,0,106.639362,29.705118
,1,0,106.639486,29.705094
,1,0,106.640144,29.705070
,1,0,106.641369,29.704879
,1,0,106.642156,29.704693
,1,0,106.642256,29.704717
,1,0,106.642395,29.704798
,1,0,106.642457,29.704918
,1,0,106.642700,29.705642
,1,0,106.643015,29.706552
,1,0,106.643119,29.706853
,1,0,106.643448,29.707831
,1,0,106.643797,29.708575
,1,0,106.643968,29.708999
,1,0,106.644383,29.708894
,1,0,106.643773,29.707163
,1,0,106.642743,29.704064
,1,0,106.640995,29.704498
,1,0,106.640976,29.704419
,1,0,106.640869,29.704443
,1,0,106.640561,29.703561
,1,0,106.639979,29.703733
,1,0,106.640287,29.704600
,1,0,106.638937,29.704645
,1,0,106.639080,29.705150
,1,0,106.639165,29.705401
,2,1,106.636965,29.705117
,2,1,106.637142,29.705673
,2,1,106.637142,29.705674
,2,1,106.637154,29.705651
,2,1,106.637177,29.705503
,2,1,106.637239,29.705398
,2,1,106.637354,29.705307
,2,1,106.637530,29.705226
,2,1,106.637988,29.705126
,2,1,106.638198,29.705093
,2,1,106.638465,29.705160
,2,1,106.638556,29.705245
,2,1,106.638656,29.705374
,2,1,106.639018,29.706256
,2,1,106.639589,29.708016
,2,1,106.639590,29.708019
,2,1,106.640189,29.709864
,2,1,106.640368,29.710414
,2,1,106.640390,29.710472
,2,1,106.640713,29.711331
,2,1,106.640811,29.711592
,2,1,106.641341,29.713214
,2,1,106.641426,29.713475
,2,1,106.641438,29.713507
,2,1,106.641715,29.714276
,2,1,106.641860,29.714677
,2,1,106.641862,29.714683
,2,1,106.641911,29.714821
,2,1,106.642444,29.716326
,2,1,106.642486,29.716445
,2,1,106.642637,29.716871
,2,1,106.642651,29.716907
,2,1,106.643049,29.717959
,2,1,106.643271,29.718544
,2,1,106.643915,29.720571
,2,1,106.644473,29.722326
,2,1,106.644697,29.722678
,2,1,106.644916,29.723620
,2,1,106.644936,29.723704
,2,1,106.645653,29.725556
,2,1,106.645937,29.726288
,2,1,106.646196,29.727260
,2,1,106.646504,29.728416
,2,1,106.646508,29.728431
,2,1,106.646519,29.728472
,2,1,106.646785,29.728971
,2,1,106.646829,29.729054
,2,1,106.647692,29.731421
,2,1,106.647773,29.731736
,2,1,106.647777,29.731872
,2,1,106.647768,29.731950
,2,1,106.647701,29.732067
,2,1,106.647670,29.732117
,2,1,106.647630,29.732160
,2,1,106.647520,29.732220
,2,1,106.647201,29.732291
,2,1,106.646819,29.732391
,2,1,106.646721,29.732399
,2,1,106.646600,29.732384
,2,1,106.646485,29.732346
,2,1,106.646385,29.732282
,2,1,106.646319,29.732219
,2,1,106.646507,29.732749
,2,1,106.647484,29.732573
,2,1,106.647508,29.732663
,2,1,106.647713,29.732644
,2,1,106.647880,29.732673
,2,1,106.648004,29.732754
,2,1,106.648109,29.732868
,2,1,106.648242,29.733178
,2,1,106.649492,29.735448
,2,1,106.649740,29.735872
,2,1,106.649959,29.736049
,2,1,106.650154,29.736120
,2,1,106.650364,29.736158
,2,1,106.650598,29.736125
,2,1,106.651139,29.735964
,2,1,106.650911,29.735237
,2,1,106.650894,29.735238
,2,1,106.650891,29.735386
,2,1,106.650867,29.735443
,2,1,106.650810,29.735524
,2,1,106.650724,29.735591
,2,1,106.650574,29.735646
,2,1,106.650395,29.735665
,2,1,106.650278,29.735641
,2,1,106.650171,29.735565
,2,1,106.650071,29.735388
,2,1,106.649842,29.734995
,2,1,106.649667,29.734702
,2,1,106.649637,29.734652
,2,1,106.649210,29.733856
,2,1,106.649179,29.733798
,2,1,106.648779,29.733202
,2,1,106.648631,29.732947
,2,1,106.648204,29.731721
,2,1,106.648076,29.731340
,2,1,106.647925,29.730649
,2,1,106.647865,29.730449
,2,1,106.647707,29.729918
,2,1,106.647665,29.729776
,2,1,106.647592,29.729700
,2,1,106.647558,29.729626
,2,1,106.647336,29.729163
,2,1,106.647274,29.729032
,2,1,106.647198,29.728806
,2,1,106.647112,29.728553
,2,1,106.646750,29.727411
,2,1,106.646671,29.727163
,2,1,106.646291,29.726063
,2,1,106.646290,29.726059
,2,1,106.646104,29.725716
,2,1,106.646069,29.725620
,2,1,106.645763,29.724771
,2,1,106.645751,29.724738
,2,1,106.645674,29.724506
,2,1,106.645160,29.722968
,2,1,106.645050,29.722640
,2,1,106.645025,29.722569
,2,1,106.644736,29.721746
,2,1,106.644702,29.721648
,2,1,106.644092,29.719827
,2,1,106.643867,29.719197
,2,1,106.643820,29.718954
,2,1,106.643705,29.718392
,2,1,106.643661,29.718279
,2,1,106.643152,29.716971
,2,1,106.642576,29.715386
,2,1,106.641970,29.713719
,2,1,106.641664,29.713022
,2,1,106.641455,29.712460
,2,1,106.641250,29.711544
,2,1,106.640973,29.710777
,2,1,106.640258,29.708812
,2,1,106.639864,29.707547
,2,1,106.639519,29.706442
,2,1,106.639165,29.705401
,2,1,106.639080,29.705150
,2,1,106.638937,29.704645
,2,1,106.638274,29.704659
,2,1,106.636982,29.704993
,2,1,106.637011,29.705107
,2,1,106.636965,29.705117
,3,2,106.651482,29.735073
,3,2,106.651711,29.735800
,3,2,106.653297,29.735505
,3,2,106.653758,29.735348
,3,2,106.653264,29.734344
,3,2,106.653147,29.734096
,3,2,106.652661,29.732718
,3,2,106.651888,29.730498
,3,2,106.651466,29.730615
,3,2,106.651595,29.730990
,3,2,106.651786,29.731795
,3,2,106.652098,29.732713
,3,2,106.652196,29.733002
,3,2,106.652228,29.733096
,3,2,106.652541,29.734006
,3,2,106.652787,29.734723
,3,2,106.652818,29.734859
,3,2,106.652787,29.734954
,3,2,106.652723,29.735038
,3,2,106.652632,29.735095
,3,2,106.652061,29.735250
,3,2,106.651909,29.735283
,3,2,106.651843,29.735281
,3,2,106.651755,29.735267
,3,2,106.651682,29.735237
,3,2,106.651623,29.735198
,3,2,106.651580,29.735150
,3,2,106.651534,29.735062
,3,2,106.651482,29.735073
,4,3,106.651297,29.734486
,4,3,106.651338,29.734470
,4,3,106.651321,29.734401
,4,3,106.651319,29.734339
,4,3,106.651338,29.734253
,4,3,106.651390,29.734172
,4,3,106.651478,29.734099
,4,3,106.651645,29.734048
,4,3,106.652234,29.733889
,4,3,106.652344,29.733893
,4,3,106.652446,29.733934
,4,3,106.652541,29.734006
,4,3,106.652228,29.733096
,4,3,106.652222,29.733159
,4,3,106.652186,29.733266
,4,3,106.652115,29.733340
,4,3,106.651843,29.733433
,4,3,106.651330,29.733569
,4,3,106.651240,29.733567
,4,3,106.651104,29.733526
,4,3,106.651018,29.733445
,4,3,106.650956,29.733344
,4,3,106.651297,29.734486
,5,4,106.652098,29.732713
,5,4,106.651786,29.731795
,5,4,106.651779,29.731886
,5,4,106.651738,29.731967
,5,4,106.651660,29.732051
,5,4,106.651590,29.732089
,5,4,106.651471,29.732120
,5,4,106.651073,29.732229
,5,4,106.650856,29.732277
,5,4,106.650749,29.732263
,5,4,106.650632,29.732215
,5,4,106.650556,29.732143
,5,4,106.650506,29.732049
,5,4,106.650887,29.733160
,5,4,106.650870,29.733045
,5,4,106.650885,29.732966
,5,4,106.650951,29.732859
,5,4,106.651018,29.732816
,5,4,106.651805,29.732582
,5,4,106.651922,29.732599
,5,4,106.652024,29.732642
,5,4,106.652098,29.732713
,6,5,106.649478,29.729142
,6,5,106.649841,29.730162
,6,5,106.649859,29.730048
,6,5,106.649902,29.729972
,6,5,106.649976,29.729895
,6,5,106.650086,29.729840
,6,5,106.650503,29.729731
,6,5,106.650339,29.729211
,6,5,106.649850,29.729340
,6,5,106.649731,29.729328
,6,5,106.649607,29.729282
,6,5,106.649533,29.729221
,6,5,106.649478,29.729142
,7,6,106.647707,29.729918
,7,6,106.647865,29.730449
,7,6,106.647888,29.730396
,7,6,106.647974,29.730322
,7,6,106.648076,29.730274
,7,6,106.648837,29.730076
,7,6,106.648956,29.730086
,7,6,106.649061,29.730134
,7,6,106.649166,29.730219
,7,6,106.649190,29.730243
,7,6,106.649191,29.730243
,7,6,106.649190,29.730242
,7,6,106.648917,29.729454
,7,6,106.648870,29.729595
,7,6,106.648801,29.729688
,7,6,106.648708,29.729752
,7,6,106.647974,29.729943
,7,6,106.647840,29.729943
,7,6,106.647730,29.729926
,7,6,106.647707,29.729918
,8,7,106.645763,29.724771
,8,7,106.646069,29.725620
,8,7,106.646078,29.725494
,8,7,106.646123,29.725401
,8,7,106.646169,29.725344
,8,7,106.646255,29.725275
,8,7,106.646405,29.725222
,8,7,106.646977,29.725082
,8,7,106.646979,29.725081
,8,7,106.647255,29.725021
,8,7,106.647360,29.724998
,8,7,106.647022,29.724062
,8,7,106.647015,29.724679
,8,7,106.647010,29.724710
,8,7,106.646994,29.724719
,8,7,106.646188,29.724927
,8,7,106.646030,29.724922
,8,7,106.645945,29.724891
,8,7,106.645835,29.724829
,8,7,106.645763,29.724771
,9,8,106.646291,29.726063
,9,8,106.646671,29.727163
,9,8,106.646750,29.727411
,9,8,106.646750,29.727410
,9,8,106.646767,29.727254
,9,8,106.646832,29.726939
,9,8,106.647255,29.725021
,9,8,106.646980,29.725081
,9,8,106.646791,29.725933
,9,8,106.646760,29.725995
,9,8,106.646717,29.726045
,9,8,106.646658,29.726085
,9,8,106.646596,29.726104
,9,8,106.646522,29.726119
,9,8,106.646412,29.726119
,9,8,106.646321,29.726073
,9,8,106.646291,29.726063
,10,9,106.649210,29.733856
,10,9,106.649637,29.734652
,10,9,106.649667,29.734702
,10,9,106.649669,29.734628
,10,9,106.649688,29.734568
,10,9,106.649740,29.734537
,10,9,106.650298,29.734397
,10,9,106.650403,29.734401
,10,9,106.650517,29.734439
,10,9,106.650630,29.734525
,10,9,106.650684,29.734623
,10,9,106.650710,29.734615
,10,9,106.650322,29.733500
,10,9,106.650293,29.733510
,10,9,106.650308,29.733610
,10,9,106.650298,29.733681
,10,9,106.650277,29.733736
,10,9,106.650227,29.733798
,10,9,106.650153,29.733862
,10,9,106.649683,29.733991
,10,9,106.649564,29.734001
,10,9,106.649452,29.733984
,10,9,106.649368,29.733951
,10,9,106.649280,29.733896
,10,9,106.649210,29.733856
,11,10,106.647445,29.723264
,11,10,106.647997,29.724937
,11,10,106.647998,29.724939
,11,10,106.648040,29.724929
,11,10,106.649197,29.725952
,11,10,106.648934,29.725136
,11,10,106.648517,29.724784
,11,10,106.648775,29.724707
,11,10,106.648613,29.724204
,11,10,106.648112,29.724335
,11,10,106.647757,29.723828
,11,10,106.647446,29.723265
,11,10,106.647445,29.723264
,12,11,106.646348,29.720148
,12,11,106.646352,29.720159
,12,11,106.646915,29.721776
,12,11,106.646960,29.721916
,12,11,106.647013,29.721908
,12,11,106.648162,29.722941
,12,11,106.647873,29.722099
,12,11,106.647468,29.721753
,12,11,106.647728,29.721682
,12,11,106.647561,29.721176
,12,11,106.647068,29.721307
,12,11,106.646689,29.720769
,12,11,106.646560,29.720537
,12,11,106.646417,29.720216
,12,11,106.646348,29.720148
,13,12,106.645734,29.718450
,13,12,106.646348,29.720148
,13,12,106.646362,29.720087
,13,12,106.646329,29.719925
,13,12,106.646252,29.719484
,13,12,106.646231,29.718928
,13,12,106.646255,29.718477
,13,12,106.646395,29.717827
,13,12,106.646119,29.716997
,13,12,106.645794,29.718430
,13,12,106.645778,29.718442
,13,12,106.645734,29.718450
,14,13,106.644224,29.714041
,14,13,106.644404,29.714561
,14,13,106.644404,29.714562
,14,13,106.644965,29.714405
,14,13,106.644750,29.715419
,14,13,106.644704,29.715427
,14,13,106.645384,29.717389
,14,13,106.645396,29.717424
,14,13,106.645430,29.717409
,14,13,106.645358,29.717178
,14,13,106.645291,29.716909
,14,13,106.645239,29.716635
,14,13,106.645196,29.716127
,14,13,106.645201,29.715736
,14,13,106.645275,29.715101
,14,13,106.645365,29.714796
,14,13,106.645020,29.713835
,14,13,106.644224,29.714041
,15,14,106.645950,29.722075
,15,14,106.646215,29.722053
,15,14,106.646341,29.722042
,15,14,106.645990,29.721051
,15,14,106.646002,29.721641
,15,14,106.646002,29.721672
,15,14,106.645995,29.721693
,15,14,106.645973,29.721715
,15,14,106.645139,29.721915
,15,14,106.645012,29.721912
,15,14,106.644941,29.721889
,15,14,106.644841,29.721831
,15,14,106.644736,29.721746
,15,14,106.645025,29.722569
,15,14,106.645039,29.722516
,15,14,106.645074,29.722437
,15,14,106.645129,29.722354
,15,14,106.645186,29.722287
,15,14,106.645301,29.722230
,15,14,106.645949,29.722075
,15,14,106.645950,29.722075
,16,15,106.646215,29.722053
,16,15,106.645950,29.722075
,16,15,106.645761,29.722902
,16,15,106.645699,29.723002
,16,15,106.645616,29.723071
,16,15,106.645511,29.723100
,16,15,106.645420,29.723093
,16,15,106.645303,29.723057
,16,15,106.645203,29.722992
,16,15,106.645160,29.722968
,16,15,106.645674,29.724506
,16,15,106.645685,29.724390
,16,15,106.645768,29.723813
,16,15,106.646215,29.722053
,17,16,106.645499,29.719627
,17,16,106.645500,29.719628
,17,16,106.645175,29.718651
,17,16,106.645094,29.718687
,17,16,106.645046,29.718680
,17,16,106.645003,29.718646
,17,16,106.644278,29.718002
,17,16,106.643804,29.717599
,17,16,106.643587,29.717423
,17,16,106.643339,29.717185
,17,16,106.643152,29.716971
,17,16,106.643661,29.718279
,17,16,106.643694,29.718229
,17,16,106.643713,29.718203
,17,16,106.643756,29.718167
,17,16,106.643861,29.718131
,17,16,106.643942,29.718122
,17,16,106.644030,29.718136
,17,16,106.644102,29.718176
,17,16,106.644500,29.718486
,17,16,106.644886,29.718861
,17,16,106.645420,29.719528
,17,16,106.645499,29.719627
,18,17,106.644516,29.716718
,18,17,106.644331,29.716180
,18,17,106.644124,29.715585
,18,17,106.644116,29.715587
,18,17,106.644073,29.715590
,18,17,106.643258,29.714867
,18,17,106.643816,29.714700
,18,17,106.643669,29.714279
,18,17,106.642807,29.714519
,18,17,106.642712,29.714522
,18,17,106.642635,29.714476
,18,17,106.642488,29.714347
,18,17,106.642233,29.714080
,18,17,106.641970,29.713719
,18,17,106.642576,29.715386
,18,17,106.642614,29.715275
,18,17,106.642655,29.715203
,18,17,106.642717,29.715146
,18,17,106.642821,29.715103
,18,17,106.642943,29.715101
,18,17,106.643050,29.715125
,18,17,106.643160,29.715211
,18,17,106.644149,29.716202
,18,17,106.644328,29.716422
,18,17,106.644516,29.716718
,19,18,106.642321,29.710393
,19,18,106.642311,29.710523
,19,18,106.642268,29.710633
,19,18,106.642225,29.710683
,19,18,106.642149,29.710728
,19,18,106.641331,29.710941
,19,18,106.641224,29.710938
,19,18,106.641126,29.710914
,19,18,106.640973,29.710777
,19,18,106.641250,29.711544
,19,18,106.641298,29.711460
,19,18,106.641355,29.711374
,19,18,106.641431,29.711308
,19,18,106.641639,29.711229
,19,18,106.642004,29.711134
,19,18,106.642233,29.711095
,19,18,106.642335,29.711093
,19,18,106.642442,29.711117
,19,18,106.642511,29.711153
,19,18,106.642603,29.711210
,19,18,106.642321,29.710393
,20,19,106.642851,29.710104
,20,19,106.643241,29.711220
,20,19,106.643262,29.711203
,20,19,106.643255,29.711167
,20,19,106.643267,29.711041
,20,19,106.643293,29.710988
,20,19,106.643384,29.710888
,20,19,106.643465,29.710831
,20,19,106.643925,29.710709
,20,19,106.643744,29.710206
,20,19,106.643236,29.710333
,20,19,106.643105,29.710309
,20,19,106.642988,29.710249
,20,19,106.642919,29.710161
,20,19,106.642891,29.710092
,20,19,106.642851,29.710104
,21,20,106.641379,29.705887
,21,20,106.641760,29.706985
,21,20,106.641784,29.706979
,21,20,106.641782,29.706960
,21,20,106.641774,29.706880
,21,20,106.641777,29.706829
,21,20,106.641801,29.706777
,21,20,106.641840,29.706717
,21,20,106.641890,29.706661
,21,20,106.641949,29.706624
,21,20,106.642345,29.706504
,21,20,106.642631,29.706427
,21,20,106.642744,29.706414
,21,20,106.642862,29.706445
,21,20,106.642963,29.706505
,21,20,106.643015,29.706552
,21,20,106.642700,29.705642
,21,20,106.642694,29.705670
,21,20,106.642668,29.705750
,21,20,106.642615,29.705830
,21,20,106.642559,29.705883
,21,20,106.642489,29.705911
,21,20,106.642082,29.706024
,21,20,106.641818,29.706098
,21,20,106.641690,29.706099
,21,20,106.641605,29.706071
,21,20,106.641495,29.706008
,21,20,106.641429,29.705922
,21,20,106.641409,29.705879
,21,20,106.641379,29.705887
,22,21,106.641827,29.707178
,22,21,106.642218,29.708295
,22,21,106.642221,29.708304
,22,21,106.642255,29.708289
,22,21,106.642238,29.708149
,22,21,106.642254,29.708077
,22,21,106.642290,29.708015
,22,21,106.642373,29.707940
,22,21,106.642492,29.707889
,22,21,106.642910,29.707774
,22,21,106.643153,29.707715
,22,21,106.643234,29.707720
,22,21,106.643311,29.707739
,22,21,106.643345,29.707747
,22,21,106.643403,29.707795
,22,21,106.643448,29.707831
,22,21,106.643119,29.706853
,22,21,106.643123,29.706991
,22,21,106.643099,29.707079
,22,21,106.643047,29.707144
,22,21,106.642975,29.707194
,22,21,106.642277,29.707389
,22,21,106.642186,29.707398
,22,21,106.642081,29.707377
,22,21,106.641993,29.707334
,22,21,106.641930,29.707287
,22,21,106.641876,29.707207
,22,21,106.641857,29.707170
,22,21,106.641827,29.707178
,23,22,106.639519,29.706442
,23,22,106.639864,29.707547
,23,22,106.639870,29.707447
,23,22,106.639886,29.707292
,23,22,106.639917,29.707225
,23,22,106.640022,29.707144
,23,22,106.640747,29.706941
,23,22,106.640864,29.706939
,23,22,106.640945,29.706958
,23,22,106.641026,29.707008
,23,22,106.641105,29.707077
,23,22,106.641145,29.707146
,23,22,106.641179,29.707133
,23,22,106.640778,29.706157
,23,22,106.640776,29.706157
,23,22,106.640750,29.706274
,23,22,106.640688,29.706355
,23,22,106.640645,29.706390
,23,22,106.640585,29.706426
,23,22,106.640468,29.706464
,23,22,106.639882,29.706619
,23,22,106.639786,29.706614
,23,22,106.639696,29.706593
,23,22,106.639617,29.706541
,23,22,106.639519,29.706442
,24,23,106.638894,29.710737
,24,23,106.639292,29.711911
,24,23,106.639448,29.712353
,24,23,106.639372,29.711907
,24,23,106.639336,29.711368
,24,23,106.639336,29.711360
,24,23,106.639348,29.711001
,24,23,106.639350,29.710956
,24,23,106.639373,29.710732
,24,23,106.639448,29.710297
,24,23,106.639504,29.710092
,24,23,106.639567,29.709869
,24,23,106.639602,29.709801
,24,23,106.639643,29.709751
,24,23,106.639708,29.709709
,24,23,106.639780,29.709688
,24,23,106.639835,29.709683
,24,23,106.639912,29.709683
,24,23,106.639979,29.709703
,24,23,106.640052,29.709739
,24,23,106.640189,29.709864
,24,23,106.639590,29.708019
,24,23,106.639627,29.708264
,24,23,106.639619,29.708445
,24,23,106.639338,29.709754
,24,23,106.639113,29.710727
,24,23,106.639099,29.710752
,24,23,106.639069,29.710775
,24,23,106.639032,29.710790
,24,23,106.638986,29.710788
,24,23,106.638933,29.710762
,24,23,106.638894,29.710737
,25,24,106.639336,29.711360
,25,24,106.640075,29.711161
,25,24,106.640220,29.711130
,25,24,106.640356,29.711123
,25,24,106.640437,29.711128
,25,24,106.640473,29.711135
,25,24,106.640566,29.711183
,25,24,106.640678,29.711295
,25,24,106.640713,29.711332
,25,24,106.640714,29.711333
,25,24,106.640713,29.711331
,25,24,106.640390,29.710472
,25,24,106.640378,29.710551
,25,24,106.640320,29.710668
,25,24,106.640258,29.710730
,25,24,106.640037,29.710825
,25,24,106.639348,29.711002
,25,24,106.639336,29.711360
,26,25,106.640063,29.714108
,26,25,106.640651,29.715801
,26,25,106.640652,29.715804
,26,25,106.640652,29.715803
,26,25,106.640602,29.715526
,26,25,106.640549,29.715186
,26,25,106.640533,29.714947
,26,25,106.640535,29.714449
,26,25,106.640542,29.714339
,26,25,106.641217,29.714160
,26,25,106.641393,29.714129
,26,25,106.641489,29.714134
,26,25,106.641596,29.714177
,26,25,106.641715,29.714276
,26,25,106.641438,29.713507
,26,25,106.641410,29.713631
,26,25,106.641350,29.713724
,26,25,106.641219,29.713805
,26,25,106.640587,29.713974
,26,25,106.640771,29.713295
,26,25,106.640819,29.713211
,26,25,106.640931,29.713142
,26,25,106.641088,29.713123
,26,25,106.641226,29.713157
,26,25,106.641341,29.713214
,26,25,106.640811,29.711592
,26,25,106.640804,29.711957
,26,25,106.640699,29.712501
,26,25,106.640416,29.713698
,26,25,106.640342,29.714034
,26,25,106.640063,29.714108
,27,26,106.641144,29.717237
,27,26,106.641524,29.718353
,27,26,106.641643,29.718699
,27,26,106.641667,29.718743
,27,26,106.641567,29.717834
,27,26,106.642321,29.717639
,27,26,106.642516,29.717594
,27,26,106.642624,29.717596
,27,26,106.642712,29.717627
,27,26,106.642824,29.717682
,27,26,106.642902,29.717751
,27,26,106.643048,29.717957
,27,26,106.642651,29.716907
,27,26,106.642628,29.717019
,27,26,106.642595,29.717107
,27,26,106.642507,29.717205
,27,26,106.642252,29.717310
,27,26,106.641579,29.717481
,27,26,106.641629,29.717064
,27,26,106.641784,29.716404
,27,26,106.641846,29.716287
,27,26,106.641901,29.716208
,27,26,106.641999,29.716168
,27,26,106.642106,29.716153
,27,26,106.642242,29.716173
,27,26,106.642330,29.716213
,27,26,106.642387,29.716297
,27,26,106.642444,29.716326
,27,26,106.641911,29.714821
,27,26,106.641694,29.715712
,27,26,106.641367,29.717174
,27,26,106.641338,29.717248
,27,26,106.641281,29.717276
,27,26,106.641207,29.717269
,27,26,106.641144,29.717237
,28,27,106.641778,29.719092
,28,27,106.641778,29.719093
,28,27,106.642283,29.720560
,28,27,106.642470,29.720543
,28,27,106.642510,29.720552
,28,27,106.642551,29.720584
,28,27,106.643512,29.721440
,28,27,106.644282,29.722134
,28,27,106.644473,29.722326
,28,27,106.643915,29.720571
,28,27,106.643915,29.720570
,28,27,106.643915,29.720572
,28,27,106.643929,29.720677
,28,27,106.643960,29.720844
,28,27,106.643960,29.720892
,28,27,106.643954,29.720925
,28,27,106.643924,29.720990
,28,27,106.643876,29.721042
,28,27,106.643780,29.721103
,28,27,106.643673,29.721128
,28,27,106.643565,29.721126
,28,27,106.643482,29.721093
,28,27,106.643266,29.720928
,28,27,106.643031,29.720737
,28,27,106.642515,29.720211
,28,27,106.642309,29.719943
,28,27,106.642162,29.719743
,28,27,106.641989,29.719456
,28,27,106.641877,29.719248
,28,27,106.641778,29.719092
,29,28,106.642894,29.722315
,29,28,106.643250,29.723329
,29,28,106.643336,29.723579
,29,28,106.643422,29.723550
,29,28,106.643503,29.723546
,29,28,106.643551,29.723569
,29,28,106.644095,29.724072
,29,28,106.643553,29.724207
,29,28,106.643669,29.724543
,29,28,106.644395,29.724340
,29,28,106.644426,29.724356
,29,28,106.644693,29.724587
,29,28,106.645127,29.724967
,29,28,106.645415,29.725250
,29,28,106.645639,29.725553
,29,28,106.645653,29.725556
,29,28,106.644936,29.723704
,29,28,106.644916,29.723621
,29,28,106.644888,29.723708
,29,28,106.644849,29.723777
,29,28,106.644762,29.723854
,29,28,106.644656,29.723914
,29,28,106.644557,29.723950
,29,28,106.644404,29.723988
,29,28,106.644369,29.723991
,29,28,106.643756,29.723450
,29,28,106.643555,29.723227
,29,28,106.643221,29.722780
,29,28,106.642958,29.722346
,29,28,106.642894,29.722315
,30,29,106.644024,29.725573
,30,29,106.644540,29.727071
,30,29,106.644611,29.727046
,30,29,106.644704,29.727025
,30,29,106.644731,29.727028
,30,29,106.644754,29.727042
,30,29,106.644961,29.727224
,30,29,106.646143,29.728266
,30,29,106.646298,29.728379
,30,29,106.646504,29.728416
,30,29,106.646196,29.727260
,30,29,106.646187,29.727372
,30,29,106.646168,29.727433
,30,29,106.646122,29.727500
,30,29,106.646042,29.727562
,30,29,106.645951,29.727596
,30,29,106.645858,29.727603
,30,29,106.645750,29.727583
,30,29,106.645654,29.727525
,30,29,106.645442,29.727358
,30,29,106.644853,29.726802
,30,29,106.644663,29.726583
,30,29,106.644528,29.726408
,30,29,106.644291,29.726038
,30,29,106.644117,29.725716
,30,29,106.644024,29.725573
,31,30,106.645135,29.728794
,31,30,106.645250,29.729127
,31,30,106.645663,29.729005
,31,30,106.646169,29.728874
,31,30,106.646357,29.728824
,31,30,106.646455,29.728822
,31,30,106.646574,29.728838
,31,30,106.646698,29.728917
,31,30,106.646785,29.728971
,31,30,106.646519,29.728472
,31,30,106.646508,29.728431
,31,30,106.645135,29.728794
,32,31,106.635444,29.707194
,32,31,106.635674,29.707908
,32,31,106.635685,29.707865
,32,31,106.635710,29.707768
,32,31,106.635750,29.707707
,32,31,106.635783,29.707657
,32,31,106.635882,29.707609
,32,31,106.637000,29.707340
,32,31,106.636889,29.707000
,32,31,106.635808,29.707298
,32,31,106.635664,29.707313
,32,31,106.635590,29.707302
,32,31,106.635516,29.707260
,32,31,106.635444,29.707194
,33,32,106.638219,29.711301
,33,32,106.638458,29.711581
,33,32,106.638553,29.711693
,33,32,106.638925,29.712227
,33,32,106.638737,29.711683
,33,32,106.638455,29.711544
,33,32,106.638298,29.711077
,33,32,106.638517,29.711017
,33,32,106.638370,29.710597
,33,32,106.638322,29.710683
,33,32,106.638269,29.710737
,33,32,106.638192,29.710763
,33,32,106.638099,29.710758
,33,32,106.637980,29.710710
,33,32,106.637400,29.710200
,33,32,106.637167,29.710057
,33,32,106.637033,29.710015
,33,32,106.636829,29.710007
,33,32,106.636728,29.710026
,33,32,106.636644,29.710063
,33,32,106.636568,29.710080
,33,32,106.636495,29.710076
,33,32,106.636421,29.710038
,33,32,106.636371,29.709987
,33,32,106.636620,29.710649
,33,32,106.636629,29.710611
,33,32,106.636629,29.710504
,33,32,106.636648,29.710416
,33,32,106.636699,29.710339
,33,32,106.636795,29.710273
,33,32,106.636921,29.710255
,33,32,106.637022,29.710273
,33,32,106.637098,29.710324
,33,32,106.637228,29.710423
,33,32,106.638101,29.711162
,33,32,106.638219,29.711301
,34,33,106.638458,29.711581
,34,33,106.638219,29.711301
,34,33,106.637439,29.711513
,34,33,106.637304,29.711530
,34,33,106.637214,29.711520
,34,33,106.637113,29.711494
,34,33,106.637034,29.711454
,34,33,106.636945,29.711375
,34,33,106.636861,29.711236
,34,33,106.636746,29.710967
,34,33,106.636692,29.710873
,34,33,106.636691,29.710872
,34,33,106.636692,29.710875
,34,33,106.636712,29.710947
,34,33,106.636714,29.710954
,34,33,106.636905,29.711558
,34,33,106.636908,29.711566
,34,33,106.637266,29.712583
,34,33,106.637287,29.712644
,34,33,106.637287,29.712643
,34,33,106.637281,29.712502
,34,33,106.637237,29.712322
,34,33,106.637225,29.712173
,34,33,106.637239,29.712084
,34,33,106.637286,29.711982
,34,33,106.637361,29.711912
,34,33,106.637445,29.711860
,34,33,106.638228,29.711656
,34,33,106.638458,29.711581
,35,34,106.639742,29.714550
,35,34,106.639625,29.714221
,35,34,106.638442,29.714541
,35,34,106.638340,29.714547
,35,34,106.638235,29.714541
,35,34,106.638157,29.714518
,35,34,106.638058,29.714466
,35,34,106.637968,29.714386
,35,34,106.637896,29.714239
,35,34,106.637752,29.713938
,35,34,106.637705,29.713863
,35,34,106.637704,29.713862
,35,34,106.637705,29.713864
,35,34,106.638326,29.715630
,35,34,106.638333,29.715597
,35,34,106.638300,29.715400
,35,34,106.638268,29.715217
,35,34,106.638281,29.715125
,35,34,106.638296,29.715068
,35,34,106.638338,29.714995
,35,34,106.638392,29.714936
,35,34,106.638499,29.714873
,35,34,106.638684,29.714822
,35,34,106.639742,29.714550
,36,35,106.638326,29.715630
,36,35,106.638525,29.716222
,36,35,106.638537,29.716105
,36,35,106.638568,29.716002
,36,35,106.638619,29.715935
,36,35,106.638690,29.715889
,36,35,106.638799,29.715858
,36,35,106.638898,29.715860
,36,35,106.638997,29.715898
,36,35,106.639144,29.715996
,36,35,106.639713,29.716473
,36,35,106.640049,29.716773
,36,35,106.640278,29.717040
,36,35,106.640578,29.717439
,36,35,106.640782,29.717683
,36,35,106.640843,29.717756
,36,35,106.640815,29.717674
,36,35,106.640477,29.716696
,36,35,106.640301,29.716179
,36,35,106.640255,29.716288
,36,35,106.640212,29.716341
,36,35,106.640141,29.716382
,36,35,106.640076,29.716391
,36,35,106.639992,29.716368
,36,35,106.639343,29.715841
,36,35,106.639152,29.715698
,36,35,106.639026,29.715652
,36,35,106.638844,29.715625
,36,35,106.638680,29.715637
,36,35,106.638591,29.715677
,36,35,106.638526,29.715696
,36,35,106.638455,29.715698
,36,35,106.638386,29.715683
,36,35,106.638326,29.715630
,37,36,106.638886,29.717288
,37,36,106.639401,29.718779
,37,36,106.639557,29.719237
,37,36,106.639557,29.719236
,37,36,106.639555,29.719181
,37,36,106.639492,29.718877
,37,36,106.639457,29.718650
,37,36,106.639471,29.718566
,37,36,106.639490,29.718512
,37,36,106.639549,29.718426
,37,36,106.639648,29.718352
,37,36,106.639744,29.718312
,37,36,106.640933,29.718017
,37,36,106.640843,29.717756
,37,36,106.640782,29.717683
,37,36,106.639963,29.717909
,37,36,106.639648,29.717999
,37,36,106.639530,29.718014
,37,36,106.639436,29.718004
,37,36,106.639326,29.717964
,37,36,106.639238,29.717920
,37,36,106.639169,29.717842
,37,36,106.639053,29.717623
,37,36,106.638948,29.717382
,37,36,106.638886,29.717288
,38,37,106.640590,29.722329
,38,37,106.640815,29.722952
,38,37,106.640844,29.722854
,38,37,106.640887,29.722759
,38,37,106.640939,29.722686
,38,37,106.641012,29.722625
,38,37,106.641265,29.722566
,38,37,106.641907,29.722384
,38,37,106.642081,29.722369
,38,37,106.642228,29.722396
,38,37,106.642371,29.722465
,38,37,106.642484,29.722562
,38,37,106.642525,29.722604
,38,37,106.642232,29.721765
,38,37,106.642201,29.721676
,38,37,106.642209,29.721766
,38,37,106.642188,29.721888
,38,37,106.642138,29.721995
,38,37,106.642073,29.722069
,38,37,106.641980,29.722138
,38,37,106.641875,29.722188
,38,37,106.641027,29.722409
,38,37,106.640865,29.722438
,38,37,106.640786,29.722432
,38,37,106.640674,29.722388
,38,37,106.640590,29.722329
,39,38,106.641389,29.724542
,39,38,106.641555,29.725003
,39,38,106.641617,29.725178
,39,38,106.641621,29.725159
,39,38,106.641659,29.725073
,39,38,106.641693,29.725023
,39,38,106.641789,29.724956
,39,38,106.642297,29.724825
,39,38,106.642734,29.724710
,39,38,106.642917,29.724700
,39,38,106.643051,29.724731
,39,38,106.643171,29.724794
,39,38,106.643255,29.724859
,39,38,106.643345,29.724976
,39,38,106.643345,29.724975
,39,38,106.643006,29.723991
,39,38,106.643006,29.723992
,39,38,106.642995,29.724168
,39,38,106.642967,29.724269
,39,38,106.642888,29.724385
,39,38,106.642778,29.724469
,39,38,106.642625,29.724525
,39,38,106.642002,29.724693
,39,38,106.641684,29.724779
,39,38,106.641628,29.724773
,39,38,106.641546,29.724723
,39,38,106.641458,29.724616
,39,38,106.641389,29.724542
,40,39,106.642681,29.728221
,40,39,106.642682,29.728223
,40,39,106.642861,29.728801
,40,39,106.642923,29.728720
,40,39,106.642992,29.728672
,40,39,106.643137,29.728647
,40,39,106.643236,29.728618
,40,39,106.643322,29.728580
,40,39,106.643415,29.728525
,40,39,106.643509,29.728406
,40,39,106.643560,29.728301
,40,39,106.643652,29.727973
,40,39,106.643751,29.727584
,40,39,106.643814,29.727396
,40,39,106.643860,29.727347
,40,39,106.643940,29.727322
,40,39,106.644009,29.727316
,40,39,106.644072,29.727330
,40,39,106.644170,29.727378
,40,39,106.643951,29.726741
,40,39,106.643538,29.725538
,40,39,106.643547,29.725686
,40,39,106.643622,29.726241
,40,39,106.643623,29.726768
,40,39,106.643515,29.727408
,40,39,106.643263,29.728227
,40,39,106.643221,29.728332
,40,39,106.643175,29.728378
,40,39,106.643112,29.728410
,40,39,106.643051,29.728429
,40,39,106.642948,29.728424
,40,39,106.642848,29.728391
,40,39,106.642755,29.728319
,40,39,106.642682,29.728222
,40,39,106.642681,29.728221
,41,40,106.642883,29.728864
,41,40,106.643432,29.730426
,41,40,106.643450,29.730467
,41,40,106.643324,29.729848
,41,40,106.643368,29.729730
,41,40,106.643465,29.729615
,41,40,106.643564,29.729550
,41,40,106.643681,29.729518
,41,40,106.644814,29.729246
,41,40,106.644697,29.728908
,41,40,106.643692,29.729176
,41,40,106.643429,29.729235
,41,40,106.643295,29.729220
,41,40,106.643139,29.729157
,41,40,106.643035,29.729059
,41,40,106.642950,29.728891
,41,40,106.642911,29.728769
,41,40,106.642902,29.728764
,41,40,106.642896,29.728785
,41,40,106.642883,29.728863
,41,40,106.642883,29.728864
,42,41,106.643724,29.731104
,42,41,106.643944,29.731740
,42,41,106.643967,29.731677
,42,41,106.644002,29.731591
,42,41,106.644034,29.731544
,42,41,106.644114,29.731503
,42,41,106.645141,29.731234
,42,41,106.645246,29.731230
,42,41,106.645131,29.730884
,42,41,106.645055,29.730925
,42,41,106.644021,29.731207
,42,41,106.643939,29.731209
,42,41,106.643862,29.731188
,42,41,106.643784,29.731152
,42,41,106.643724,29.731104
,43,42,106.636594,29.713298
,43,42,106.636625,29.713363
,43,42,106.636833,29.713799
,43,42,106.636860,29.713857
,43,42,106.636876,29.713911
,43,42,106.636939,29.713832
,43,42,106.636991,29.713774
,43,42,106.637020,29.713750
,43,42,106.637073,29.713721
,43,42,106.637153,29.713714
,43,42,106.637237,29.713729
,43,42,106.637302,29.713767
,43,42,106.637085,29.713134
,43,42,106.637030,29.713209
,43,42,106.636930,29.713280
,43,42,106.636851,29.713317
,43,42,106.636787,29.713323
,43,42,106.636693,29.713323
,43,42,106.636594,29.713298
,44,43,106.637564,29.716072
,44,43,106.637844,29.716911
,44,43,106.637910,29.716782
,44,43,106.637948,29.716698
,44,43,106.637986,29.716645
,44,43,106.638053,29.716600
,44,43,106.638165,29.716583
,44,43,106.638331,29.716631
,44,43,106.638112,29.716035
,44,43,106.638078,29.716135
,44,43,106.638007,29.716188
,44,43,106.637880,29.716211
,44,43,106.637778,29.716202
,44,43,106.637666,29.716157
,44,43,106.637564,29.716072
,45,44,106.638947,29.720148
,45,44,106.638947,29.720149
,45,44,106.639158,29.720776
,45,44,106.639181,29.720720
,45,44,106.639212,29.720631
,45,44,106.639276,29.720550
,45,44,106.639387,29.720464
,45,44,106.639471,29.720444
,45,44,106.639568,29.720458
,45,44,106.639658,29.720500
,45,44,106.639682,29.720517
,45,44,106.639537,29.720144
,45,44,106.639493,29.720233
,45,44,106.639440,29.720283
,45,44,106.639362,29.720319
,45,44,106.639273,29.720330
,45,44,106.639165,29.720302
,45,44,106.639070,29.720252
,45,44,106.638947,29.720148
,46,45,106.638589,29.719080
,46,45,106.638589,29.719081
,46,45,106.638760,29.719590
,46,45,106.638774,29.719531
,46,45,106.638850,29.719392
,46,45,106.638891,29.719336
,46,45,106.638920,29.719318
,46,45,106.638974,29.719306
,46,45,106.639169,29.719313
,46,45,106.639252,29.719329
,46,45,106.639143,29.719024
,46,45,106.639111,29.719084
,46,45,106.639043,29.719145
,46,45,106.638976,29.719181
,46,45,106.638900,29.719190
,46,45,106.638803,29.719187
,46,45,106.638697,29.719142
,46,45,106.638589,29.719080
,47,46,106.640342,29.722441
,47,46,106.640492,29.722862
,47,46,106.640545,29.723010
,47,46,106.640705,29.723353
,47,46,106.640885,29.723779
,47,46,106.640978,29.724081
,47,46,106.641131,29.724721
,47,46,106.641146,29.724763
,47,46,106.641160,29.724804
,47,46,106.641167,29.724823
,47,46,106.641300,29.725202
,47,46,106.641303,29.725210
,47,46,106.641335,29.725301
,47,46,106.641337,29.725308
,47,46,106.641633,29.726173
,47,46,106.641648,29.726216
,47,46,106.641752,29.726515
,47,46,106.642030,29.727311
,47,46,106.642191,29.727764
,47,46,106.642198,29.727789
,47,46,106.642332,29.728305
,47,46,106.642387,29.728518
,47,46,106.642674,29.729240
,47,46,106.642738,29.729420
,47,46,106.642840,29.729710
,47,46,106.643063,29.730342
,47,46,106.643246,29.730914
,47,46,106.643305,29.731095
,47,46,106.643440,29.731507
,47,46,106.643628,29.732079
,47,46,106.643920,29.732963
,47,46,106.643640,29.733054
,47,46,106.643327,29.732306
,47,46,106.643167,29.732369
,47,46,106.643217,29.732534
,47,46,106.642954,29.732608
,47,46,106.643340,29.733698
,47,46,106.644094,29.733488
,47,46,106.646080,29.732957
,47,46,106.646049,29.732875
,47,46,106.645966,29.732616
,47,46,106.645877,29.732349
,47,46,106.645868,29.732364
,47,46,106.645851,29.732490
,47,46,106.645795,29.732610
,47,46,106.645698,29.732690
,47,46,106.645597,29.732744
,47,46,106.644638,29.732980
,47,46,106.644493,29.732980
,47,46,106.644402,29.732933
,47,46,106.644331,29.732858
,47,46,106.643944,29.731740
,47,46,106.643724,29.731104
,47,46,106.643716,29.731082
,47,46,106.643451,29.730469
,47,46,106.643432,29.730426
,47,46,106.642883,29.728864
,47,46,106.642866,29.728816
,47,46,106.642861,29.728801
,47,46,106.642682,29.728223
,47,46,106.642586,29.727911
,47,46,106.641617,29.725178
,47,46,106.641555,29.725003
,47,46,106.641389,29.724542
,47,46,106.640815,29.722952
,47,46,106.640590,29.722329
,47,46,106.640497,29.722070
,47,46,106.639875,29.720173
,47,46,106.639557,29.719237
,47,46,106.639401,29.718779
,47,46,106.638885,29.717286
,47,46,106.638805,29.717056
,47,46,106.638525,29.716222
,47,46,106.638326,29.715630
,47,46,106.637705,29.713864
,47,46,106.637604,29.713576
,47,46,106.637287,29.712644
,47,46,106.637266,29.712583
,47,46,106.636908,29.711566
,47,46,106.636785,29.711216
,47,46,106.636712,29.710947
,47,46,106.636692,29.710875
,47,46,106.636659,29.710752
,47,46,106.636620,29.710649
,47,46,106.636371,29.709987
,47,46,106.636188,29.709501
,47,46,106.635674,29.707908
,47,46,106.635444,29.707194
,47,46,106.635187,29.706397
,47,46,106.635090,29.706108
,47,46,106.635080,29.706059
,47,46,106.635086,29.706000
,47,46,106.635109,29.705938
,47,46,106.635170,29.705874
,47,46,106.635649,29.705719
,47,46,106.636352,29.705553
,47,46,106.636440,29.705555
,47,46,106.636520,29.705595
,47,46,106.636627,29.705715
,47,46,106.636718,29.705826
,47,46,106.636719,29.705827
,47,46,106.636718,29.705825
,47,46,106.636512,29.705231
,47,46,106.636444,29.705252
,47,46,106.636423,29.705180
,47,46,106.635380,29.705440
,47,46,106.634500,29.705665
,47,46,106.635544,29.708648
,47,46,106.637085,29.713134
,47,46,106.637302,29.713767
,47,46,106.637324,29.713830
,47,46,106.637461,29.714284
,47,46,106.637476,29.714311
,47,46,106.638112,29.716035
,47,46,106.638331,29.716631
,47,46,106.638401,29.716820
,47,46,106.638735,29.717572
,47,46,106.638845,29.717889
,47,46,106.638916,29.718097
,47,46,106.639077,29.718811
,47,46,106.639094,29.718888
,47,46,106.639143,29.719024
,47,46,106.639252,29.719329
,47,46,106.639307,29.719484
,47,46,106.639325,29.719535
,47,46,106.639514,29.720085
,47,46,106.639537,29.720144
,47,46,106.639682,29.720517
,47,46,106.639728,29.720636
,47,46,106.640029,29.721312
,47,46,106.640159,29.721700
,47,46,106.640323,29.722387
,47,46,106.640342,29.722441
,48,47,106.639925,29.722602
,48,47,106.640047,29.722953
,48,47,106.640064,29.722916
,48,47,106.640092,29.722862
,48,47,106.640148,29.722812
,48,47,106.640234,29.722794
,48,47,106.640315,29.722791
,48,47,106.640397,29.722809
,48,47,106.640492,29.722862
,48,47,106.640342,29.722441
,48,47,106.640331,29.722471
,48,47,106.640290,29.722540
,48,47,106.640252,29.722583
,48,47,106.640191,29.722624
,48,47,106.640089,29.722636
,48,47,106.639995,29.722631
,48,47,106.639925,29.722602
,49,48,106.640728,29.724950
,49,48,106.640841,29.725282
,49,48,106.640879,29.725216
,49,48,106.640932,29.725163
,49,48,106.640973,29.725140
,49,48,106.640991,29.725134
,49,48,106.641083,29.725126
,49,48,106.641182,29.725151
,49,48,106.641300,29.725202
,49,48,106.641167,29.724823
,49,48,106.641160,29.724804
,49,48,106.641143,29.724855
,49,48,106.641101,29.724922
,49,48,106.641015,29.724977
,49,48,106.640914,29.724999
,49,48,106.640895,29.724999
,49,48,106.640782,29.724977
,49,48,106.640728,29.724950
,50,49,106.641205,29.726316
,50,49,106.641314,29.726621
,50,49,106.641357,29.726564
,50,49,106.641411,29.726519
,50,49,106.641486,29.726478
,50,49,106.641578,29.726465
,50,49,106.641682,29.726480
,50,49,106.641752,29.726515
,50,49,106.641648,29.726216
,50,49,106.641633,29.726174
,50,49,106.641623,29.726199
,50,49,106.641600,29.726237
,50,49,106.641565,29.726273
,50,49,106.641442,29.726363
,50,49,106.641376,29.726380
,50,49,106.641335,29.726381
,50,49,106.641266,29.726360
,50,49,106.641218,29.726326
,50,49,106.641205,29.726316
,51,50,106.642290,29.729485
,51,50,106.642401,29.729850
,51,50,106.642421,29.729818
,51,50,106.642442,29.729781
,51,50,106.642473,29.729748
,51,50,106.642507,29.729723
,51,50,106.642716,29.729665
,51,50,106.642765,29.729669
,51,50,106.642798,29.729686
,51,50,106.642840,29.729710
,51,50,106.642738,29.729420
,51,50,106.642681,29.729466
,51,50,106.642633,29.729488
,51,50,106.642437,29.729529
,51,50,106.642392,29.729525
,51,50,106.642353,29.729515
,51,50,106.642290,29.729485
,52,51,106.642808,29.731189
,52,51,106.642808,29.731190
,52,51,106.642962,29.731696
,52,51,106.642985,29.731661
,52,51,106.643024,29.731597
,52,51,106.643085,29.731521
,52,51,106.643191,29.731446
,52,51,106.643275,29.731434
,52,51,106.643324,29.731437
,52,51,106.643421,29.731494
,52,51,106.643440,29.731506
,52,51,106.643305,29.731095
,52,51,106.643291,29.731125
,52,51,106.643254,29.731189
,52,51,106.643212,29.731234
,52,51,106.643188,29.731249
,52,51,106.643151,29.731261
,52,51,106.643076,29.731261
,52,51,106.642982,29.731261
,52,51,106.642921,29.731249
,52,51,106.642864,29.731225
,52,51,106.642808,29.731189
,53,52,106.641774,29.727918
,53,52,106.641942,29.728411
,53,52,106.641950,29.728390
,53,52,106.642005,29.728312
,53,52,106.642047,29.728292
,53,52,106.642126,29.728273
,53,52,106.642215,29.728269
,53,52,106.642284,29.728278
,53,52,106.642332,29.728305
,53,52,106.642198,29.727789
,53,52,106.642196,29.727789
,53,52,106.642166,29.727868
,53,52,106.642137,29.727915
,53,52,106.642092,29.727952
,53,52,106.642035,29.727980
,53,52,106.641974,29.727989
,53,52,106.641890,29.727976
,53,52,106.641808,29.727939
,53,52,106.641774,29.727918
