"FID_","ID","NAME","X","Y"
,1,"T2候机楼",0,106.633693,29.718375
,1,"T2候机楼",0,106.634432,29.718144
,1,"T2候机楼",0,106.634627,29.718083
,1,"T2候机楼",0,106.634779,29.718035
,1,"T2候机楼",0,106.634217,29.716329
,1,"T2候机楼",0,106.634029,29.716373
,1,"T2候机楼",0,106.633828,29.716421
,1,"T2候机楼",0,106.633028,29.716609
,1,"T2候机楼",0,106.633634,29.718367
,1,"T2候机楼",0,106.633693,29.718375
,2,"T2候机楼",1,106.633828,29.716421
,2,"T2候机楼",1,106.634029,29.716373
,2,"T2候机楼",1,106.633867,29.715919
,2,"T2候机楼",1,106.634496,29.715754
,2,"T2候机楼",1,106.634585,29.715730
,2,"T2候机楼",1,106.635055,29.715607
,2,"T2候机楼",1,106.635133,29.715586
,2,"T2候机楼",1,106.635612,29.715460
,2,"T2候机楼",1,106.635702,29.715437
,2,"T2候机楼",1,106.635734,29.715428
,2,"T2候机楼",1,106.635836,29.715401
,2,"T2候机楼",1,106.635916,29.715380
,2,"T2候机楼",1,106.635908,29.715353
,2,"T2候机楼",1,106.635887,29.715281
,2,"T2候机楼",1,106.635846,29.715138
,2,"T2候机楼",1,106.635831,29.715088
,2,"T2候机楼",1,106.635800,29.715096
,2,"T2候机楼",1,106.635700,29.715123
,2,"T2候机楼",1,106.635657,29.715134
,2,"T2候机楼",1,106.635535,29.715166
,2,"T2候机楼",1,106.635496,29.715177
,2,"T2候机楼",1,106.635127,29.715274
,2,"T2候机楼",1,106.635087,29.715285
,2,"T2候机楼",1,106.634734,29.715378
,2,"T2候机楼",1,106.634694,29.715389
,2,"T2候机楼",1,106.634322,29.715487
,2,"T2候机楼",1,106.634284,29.715497
,2,"T2候机楼",1,106.633970,29.715580
,2,"T2候机楼",1,106.633929,29.715591
,2,"T2候机楼",1,106.633486,29.715708
,2,"T2候机楼",1,106.633593,29.715985
,2,"T2候机楼",1,106.633682,29.715967
,2,"T2候机楼",1,106.633828,29.716421
,3,"T2候机楼",2,106.633929,29.715591
,3,"T2候机楼",2,106.633970,29.715580
,3,"T2候机楼",2,106.633963,29.715558
,3,"T2候机楼",2,106.633987,29.715550
,3,"T2候机楼",2,106.633869,29.715221
,3,"T2候机楼",2,106.633951,29.715055
,3,"T2候机楼",2,106.633906,29.715025
,3,"T2候机楼",2,106.633756,29.715261
,3,"T2候机楼",2,106.633777,29.715320
,3,"T2候机楼",2,106.633813,29.715304
,3,"T2候机楼",2,106.633929,29.715591
,4,"T2候机楼",3,106.634284,29.715497
,4,"T2候机楼",3,106.634322,29.715487
,4,"T2候机楼",3,106.634316,29.715468
,4,"T2候机楼",3,106.634346,29.715456
,4,"T2候机楼",3,106.634236,29.715140
,4,"T2候机楼",3,106.634358,29.714959
,4,"T2候机楼",3,106.634306,29.714927
,4,"T2候机楼",3,106.634123,29.715176
,4,"T2候机楼",3,106.634137,29.715232
,4,"T2候机楼",3,106.634174,29.715218
,4,"T2候机楼",3,106.634284,29.715497
,5,"T2候机楼",4,106.634694,29.715389
,5,"T2候机楼",4,106.634734,29.715378
,5,"T2候机楼",4,106.634725,29.715352
,5,"T2候机楼",4,106.634751,29.715344
,5,"T2候机楼",4,106.634645,29.715034
,5,"T2候机楼",4,106.634766,29.714850
,5,"T2候机楼",4,106.634719,29.714813
,5,"T2候机楼",4,106.634529,29.715070
,5,"T2候机楼",4,106.634553,29.715124
,5,"T2候机楼",4,106.634581,29.715106
,5,"T2候机楼",4,106.634694,29.715389
,6,"T2候机楼",5,106.635088,29.715285
,6,"T2候机楼",5,106.635127,29.715274
,6,"T2候机楼",5,106.635120,29.715257
,6,"T2候机楼",5,106.635151,29.715248
,6,"T2候机楼",5,106.635051,29.714936
,6,"T2候机楼",5,106.635171,29.714737
,6,"T2候机楼",5,106.635126,29.714703
,6,"T2候机楼",5,106.634926,29.714968
,6,"T2候机楼",5,106.634948,29.715020
,6,"T2候机楼",5,106.634981,29.715003
,6,"T2候机楼",5,106.635088,29.715285
,7,"T2候机楼",6,106.635496,29.715177
,7,"T2候机楼",6,106.635535,29.715166
,7,"T2候机楼",6,106.635529,29.715145
,7,"T2候机楼",6,106.635557,29.715138
,7,"T2候机楼",6,106.635450,29.714824
,7,"T2候机楼",6,106.635567,29.714649
,7,"T2候机楼",6,106.635513,29.714613
,7,"T2候机楼",6,106.635335,29.714869
,7,"T2候机楼",6,106.635360,29.714911
,7,"T2候机楼",6,106.635384,29.714892
,7,"T2候机楼",6,106.635496,29.715177
,8,"T2候机楼",7,106.635657,29.715134
,8,"T2候机楼",7,106.635700,29.715123
,8,"T2候机楼",7,106.635700,29.715104
,8,"T2候机楼",7,106.635725,29.715104
,8,"T2候机楼",7,106.635725,29.715078
,8,"T2候机楼",7,106.635740,29.715077
,8,"T2候机楼",7,106.635757,29.714795
,8,"T2候机楼",7,106.635638,29.714789
,8,"T2候机楼",7,106.635633,29.714853
,8,"T2候机楼",7,106.635668,29.714857
,8,"T2候机楼",7,106.635657,29.715134
,9,"T2候机楼",8,106.635792,29.715089
,9,"T2候机楼",8,106.635800,29.715096
,9,"T2候机楼",8,106.635831,29.715088
,9,"T2候机楼",8,106.635846,29.715138
,9,"T2候机楼",8,106.635846,29.715139
,9,"T2候机楼",8,106.635854,29.715146
,9,"T2候机楼",8,106.635980,29.715006
,9,"T2候机楼",8,106.636155,29.715096
,9,"T2候机楼",8,106.636185,29.715024
,9,"T2候机楼",8,106.635971,29.714917
,9,"T2候机楼",8,106.635792,29.715089
,10,"T2候机楼",9,106.635887,29.715281
,10,"T2候机楼",9,106.635908,29.715353
,10,"T2候机楼",9,106.636096,29.715349
,10,"T2候机楼",9,106.636314,29.715445
,10,"T2候机楼",9,106.636325,29.715369
,10,"T2候机楼",9,106.636183,29.715312
,10,"T2候机楼",9,106.636192,29.715275
,10,"T2候机楼",9,106.635887,29.715281
,11,"T2候机楼",10,106.636097,29.715613
,11,"T2候机楼",10,106.636104,29.715621
,11,"T2候机楼",10,106.636246,29.715787
,11,"T2候机楼",10,106.636226,29.715809
,11,"T2候机楼",10,106.636257,29.715829
,11,"T2候机楼",10,106.636285,29.715794
,11,"T2候机楼",10,106.636125,29.715582
,11,"T2候机楼",10,106.636108,29.715560
,11,"T2候机楼",10,106.636070,29.715570
,11,"T2候机楼",10,106.636097,29.715613
,12,"T2候机楼",11,106.635734,29.715428
,12,"T2候机楼",11,106.636100,29.715628
,12,"T2候机楼",11,106.636104,29.715621
,12,"T2候机楼",11,106.636097,29.715613
,12,"T2候机楼",11,106.636070,29.715570
,12,"T2候机楼",11,106.636108,29.715560
,12,"T2候机楼",11,106.636125,29.715582
,12,"T2候机楼",11,106.636151,29.715533
,12,"T2候机楼",11,106.636079,29.715501
,12,"T2候机楼",11,106.636067,29.715531
,12,"T2候机楼",11,106.635835,29.715401
,12,"T2候机楼",11,106.635734,29.715428
,13,"T2候机楼",12,106.635702,29.715437
,13,"T2候机楼",12,106.635612,29.715460
,13,"T2候机楼",12,106.635832,29.715778
,13,"T2候机楼",12,106.635847,29.715769
,13,"T2候机楼",12,106.635856,29.715779
,13,"T2候机楼",12,106.635743,29.715908
,13,"T2候机楼",12,106.635778,29.715934
,13,"T2候机楼",12,106.635943,29.715720
,13,"T2候机楼",12,106.635890,29.715670
,13,"T2候机楼",12,106.635861,29.715689
,13,"T2候机楼",12,106.635702,29.715437
,14,"T2候机楼",13,106.635133,29.715586
,14,"T2候机楼",13,106.635055,29.715607
,14,"T2候机楼",13,106.635176,29.715949
,14,"T2候机楼",13,106.635201,29.715943
,14,"T2候机楼",13,106.635203,29.715958
,14,"T2候机楼",13,106.635107,29.716116
,14,"T2候机楼",13,106.635136,29.716139
,14,"T2候机楼",13,106.635302,29.715889
,14,"T2候机楼",13,106.635251,29.715848
,14,"T2候机楼",13,106.635233,29.715861
,14,"T2候机楼",13,106.635133,29.715586
,15,"T2候机楼",14,106.634585,29.715730
,15,"T2候机楼",14,106.634496,29.715754
,15,"T2候机楼",14,106.634626,29.716096
,15,"T2候机楼",14,106.634649,29.716088
,15,"T2候机楼",14,106.634652,29.716099
,15,"T2候机楼",14,106.634571,29.716256
,15,"T2候机楼",14,106.634606,29.716275
,15,"T2候机楼",14,106.634738,29.716036
,15,"T2候机楼",14,106.634708,29.715992
,15,"T2候机楼",14,106.634677,29.716007
,15,"T2候机楼",14,106.634585,29.715730
,16,"T2候机楼",15,106.634758,29.721306
,16,"T2候机楼",15,106.635466,29.721099
,16,"T2候机楼",15,106.635579,29.721066
,16,"T2候机楼",15,106.635795,29.721003
,16,"T2候机楼",15,106.635223,29.719411
,16,"T2候机楼",15,106.635016,29.719474
,16,"T2候机楼",15,106.634913,29.719506
,16,"T2候机楼",15,106.634156,29.719736
,16,"T2候机楼",15,106.634650,29.721210
,16,"T2候机楼",15,106.634758,29.721306
,17,"T2候机楼",16,106.634617,29.718902
,17,"T2候机楼",16,106.634691,29.718883
,17,"T2候机楼",16,106.634804,29.718854
,17,"T2候机楼",16,106.635711,29.718622
,17,"T2候机楼",16,106.635793,29.718601
,17,"T2候机楼",16,106.636336,29.718462
,17,"T2候机楼",16,106.636421,29.718440
,17,"T2候机楼",16,106.636677,29.718375
,17,"T2候机楼",16,106.636779,29.718348
,17,"T2候机楼",16,106.636925,29.718311
,17,"T2候机楼",16,106.636923,29.718303
,17,"T2候机楼",16,106.636906,29.718239
,17,"T2候机楼",16,106.636869,29.718104
,17,"T2候机楼",16,106.636851,29.718038
,17,"T2候机楼",16,106.636836,29.718042
,17,"T2候机楼",16,106.636768,29.718059
,17,"T2候机楼",16,106.636700,29.718077
,17,"T2候机楼",16,106.636420,29.718149
,17,"T2候机楼",16,106.636348,29.718168
,17,"T2候机楼",16,106.635878,29.718289
,17,"T2候机楼",16,106.635801,29.718309
,17,"T2候机楼",16,106.635334,29.718430
,17,"T2候机楼",16,106.635266,29.718447
,17,"T2候机楼",16,106.634772,29.718575
,17,"T2候机楼",16,106.634603,29.718619
,17,"T2候机楼",16,106.634521,29.718640
,17,"T2候机楼",16,106.634540,29.718743
,17,"T2候机楼",16,106.634617,29.718902
,18,"T2候机楼",17,106.634691,29.718883
,18,"T2候机楼",17,106.634913,29.719506
,18,"T2候机楼",17,106.635016,29.719474
,18,"T2候机楼",17,106.634804,29.718854
,18,"T2候机楼",17,106.634691,29.718883
,19,"T2候机楼",18,106.634432,29.718144
,19,"T2候机楼",18,106.634603,29.718619
,19,"T2候机楼",18,106.634772,29.718575
,19,"T2候机楼",18,106.634627,29.718083
,19,"T2候机楼",18,106.634432,29.718144
,20,"T2候机楼",19,106.635266,29.718447
,20,"T2候机楼",19,106.635334,29.718430
,20,"T2候机楼",19,106.635243,29.718155
,20,"T2候机楼",19,106.635403,29.718031
,20,"T2候机楼",19,106.635439,29.718027
,20,"T2候机楼",19,106.635436,29.717993
,20,"T2候机楼",19,106.635380,29.717996
,20,"T2候机楼",19,106.635382,29.718016
,20,"T2候机楼",19,106.635236,29.718126
,20,"T2候机楼",19,106.635157,29.718148
,20,"T2候机楼",19,106.635266,29.718447
,21,"T2候机楼",20,106.635801,29.718309
,21,"T2候机楼",20,106.635878,29.718289
,21,"T2候机楼",20,106.635785,29.718017
,21,"T2候机楼",20,106.635951,29.717883
,21,"T2候机楼",20,106.635990,29.717875
,21,"T2候机楼",20,106.635988,29.717842
,21,"T2候机楼",20,106.635937,29.717846
,21,"T2候机楼",20,106.635937,29.717866
,21,"T2候机楼",20,106.635783,29.717981
,21,"T2候机楼",20,106.635698,29.718005
,21,"T2候机楼",20,106.635801,29.718309
,22,"T2候机楼",21,106.636348,29.718168
,22,"T2候机楼",21,106.636420,29.718149
,22,"T2候机楼",21,106.636313,29.717852
,22,"T2候机楼",21,106.636472,29.717680
,22,"T2候机楼",21,106.636448,29.717659
,22,"T2候机楼",21,106.636262,29.717835
,22,"T2候机楼",21,106.636281,29.717854
,22,"T2候机楼",21,106.636279,29.717861
,22,"T2候机楼",21,106.636235,29.717877
,22,"T2候机楼",21,106.636348,29.718168
,23,"T2候机楼",22,106.636695,29.718077
,23,"T2候机楼",22,106.636700,29.718077
,23,"T2候机楼",22,106.636768,29.718059
,23,"T2候机楼",22,106.636728,29.717740
,23,"T2候机楼",22,106.636719,29.717740
,23,"T2候机楼",22,106.636719,29.717722
,23,"T2候机楼",22,106.636862,29.717603
,23,"T2候机楼",22,106.636908,29.717604
,23,"T2候机楼",22,106.636908,29.717568
,23,"T2候机楼",22,106.636851,29.717570
,23,"T2候机楼",22,106.636680,29.717717
,23,"T2候机楼",22,106.636680,29.717740
,23,"T2候机楼",22,106.636649,29.717741
,23,"T2候机楼",22,106.636695,29.718077
,24,"T2候机楼",23,106.636836,29.718042
,24,"T2候机楼",23,106.636851,29.718038
,24,"T2候机楼",23,106.636869,29.718104
,24,"T2候机楼",23,106.637041,29.717940
,24,"T2候机楼",23,106.637153,29.718049
,24,"T2候机楼",23,106.637142,29.718056
,24,"T2候机楼",23,106.637163,29.718088
,24,"T2候机楼",23,106.637200,29.718056
,24,"T2候机楼",23,106.637064,29.717924
,24,"T2候机楼",23,106.637118,29.717873
,24,"T2候机楼",23,106.637068,29.717824
,24,"T2候机楼",23,106.636836,29.718042
,25,"T2候机楼",24,106.635813,29.718909
,25,"T2候机楼",24,106.635723,29.719088
,25,"T2候机楼",24,106.635708,29.719082
,25,"T2候机楼",24,106.635696,29.719104
,25,"T2候机楼",24,106.635732,29.719125
,25,"T2候机楼",24,106.635839,29.718902
,25,"T2候机楼",24,106.635840,29.718902
,25,"T2候机楼",24,106.635880,29.718890
,25,"T2候机楼",24,106.635793,29.718601
,25,"T2候机楼",24,106.635711,29.718622
,25,"T2候机楼",24,106.635807,29.718911
,25,"T2候机楼",24,106.635813,29.718909
,26,"T2候机楼",25,106.636271,29.718923
,26,"T2候机楼",25,106.636481,29.718758
,26,"T2候机楼",25,106.636470,29.718738
,26,"T2候机楼",25,106.636512,29.718723
,26,"T2候机楼",25,106.636421,29.718440
,26,"T2候机楼",25,106.636336,29.718462
,26,"T2候机楼",25,106.636439,29.718747
,26,"T2候机楼",25,106.636244,29.718899
,26,"T2候机楼",25,106.636265,29.718925
,26,"T2候机楼",25,106.636271,29.718923
,27,"T2候机楼",26,106.636778,29.718348
,27,"T2候机楼",26,106.636677,29.718375
,27,"T2候机楼",26,106.636977,29.718536
,27,"T2候机楼",26,106.636977,29.718659
,27,"T2候机楼",26,106.636948,29.718658
,27,"T2候机楼",26,106.636947,29.718698
,27,"T2候机楼",26,106.637007,29.718699
,27,"T2候机楼",26,106.637009,29.718553
,27,"T2候机楼",26,106.637034,29.718567
,27,"T2候机楼",26,106.637062,29.718509
,27,"T2候机楼",26,106.636778,29.718348
,28,"T2候机楼",27,106.636906,29.718239
,28,"T2候机楼",27,106.636923,29.718303
,28,"T2候机楼",27,106.637196,29.718328
,28,"T2候机楼",27,106.637351,29.718532
,28,"T2候机楼",27,106.637380,29.718504
,28,"T2候机楼",27,106.637216,29.718293
,28,"T2候机楼",27,106.637219,29.718264
,28,"T2候机楼",27,106.636906,29.718239
,29,"T2候机楼",28,106.635676,29.721946
,29,"T2候机楼",28,106.636765,29.721664
,29,"T2候机楼",28,106.636844,29.721643
,29,"T2候机楼",28,106.637299,29.721525
,29,"T2候机楼",28,106.637380,29.721504
,29,"T2候机楼",28,106.637739,29.721411
,29,"T2候机楼",28,106.637822,29.721390
,29,"T2候机楼",28,106.637974,29.721350
,29,"T2候机楼",28,106.637972,29.721341
,29,"T2候机楼",28,106.637954,29.721278
,29,"T2候机楼",28,106.637912,29.721128
,29,"T2候机楼",28,106.637898,29.721080
,29,"T2候机楼",28,106.637881,29.721084
,29,"T2候机楼",28,106.637804,29.721104
,29,"T2候机楼",28,106.637721,29.721125
,29,"T2候机楼",28,106.637557,29.721167
,29,"T2候机楼",28,106.637479,29.721187
,29,"T2候机楼",28,106.636926,29.721329
,29,"T2候机楼",28,106.636858,29.721347
,29,"T2候机楼",28,106.636486,29.721442
,29,"T2候机楼",28,106.636408,29.721463
,29,"T2候机楼",28,106.635775,29.721625
,29,"T2候机楼",28,106.635671,29.721651
,29,"T2候机楼",28,106.635576,29.721676
,29,"T2候机楼",28,106.635676,29.721946
,30,"T2候机楼",29,106.635466,29.721099
,30,"T2候机楼",29,106.635671,29.721651
,30,"T2候机楼",29,106.635775,29.721625
,30,"T2候机楼",29,106.635579,29.721066
,30,"T2候机楼",29,106.635466,29.721099
,31,"T2候机楼",30,106.636408,29.721463
,31,"T2候机楼",30,106.636486,29.721442
,31,"T2候机楼",30,106.636375,29.721136
,31,"T2候机楼",30,106.636359,29.721138
,31,"T2候机楼",30,106.636356,29.720921
,31,"T2候机楼",30,106.636316,29.720923
,31,"T2候机楼",30,106.636335,29.721145
,31,"T2候机楼",30,106.636298,29.721159
,31,"T2候机楼",30,106.636408,29.721463
,32,"T2候机楼",31,106.636859,29.721347
,32,"T2候机楼",31,106.636926,29.721329
,32,"T2候机楼",31,106.636828,29.721022
,32,"T2候机楼",31,106.636813,29.721026
,32,"T2候机楼",31,106.636851,29.720843
,32,"T2候机楼",31,106.636873,29.720820
,32,"T2候机楼",31,106.636859,29.720797
,32,"T2候机楼",31,106.636819,29.720816
,32,"T2候机楼",31,106.636782,29.721029
,32,"T2候机楼",31,106.636749,29.721037
,32,"T2候机楼",31,106.636859,29.721347
,33,"T2候机楼",32,106.637479,29.721187
,33,"T2候机楼",32,106.637557,29.721167
,33,"T2候机楼",32,106.637453,29.720882
,33,"T2候机楼",32,106.637481,29.720875
,33,"T2候机楼",32,106.637498,29.720733
,33,"T2候机楼",32,106.637514,29.720731
,33,"T2候机楼",32,106.637520,29.720693
,33,"T2候机楼",32,106.637469,29.720695
,33,"T2候机楼",32,106.637458,29.720733
,33,"T2候机楼",32,106.637471,29.720736
,33,"T2候机楼",32,106.637450,29.720857
,33,"T2候机楼",32,106.637374,29.720879
,33,"T2候机楼",32,106.637479,29.721187
,34,"T2候机楼",33,106.637721,29.721125
,34,"T2候机楼",33,106.637804,29.721104
,34,"T2候机楼",33,106.637891,29.720776
,34,"T2候机楼",33,106.637877,29.720774
,34,"T2候机楼",33,106.638063,29.720580
,34,"T2候机楼",33,106.638100,29.720580
,34,"T2候机楼",33,106.638103,29.720550
,34,"T2候机楼",33,106.638052,29.720549
,34,"T2候机楼",33,106.637844,29.720770
,34,"T2候机楼",33,106.637816,29.720767
,34,"T2候机楼",33,106.637721,29.721125
,35,"T2候机楼",34,106.637881,29.721084
,35,"T2候机楼",34,106.637898,29.721080
,35,"T2候机楼",34,106.637912,29.721128
,35,"T2候机楼",34,106.638088,29.720979
,35,"T2候机楼",34,106.638220,29.721107
,35,"T2候机楼",34,106.638246,29.721072
,35,"T2候机楼",34,106.638111,29.720959
,35,"T2候机楼",34,106.638176,29.720904
,35,"T2候机楼",34,106.638120,29.720863
,35,"T2候机楼",34,106.637881,29.721084
,36,"T2候机楼",35,106.637954,29.721278
,36,"T2候机楼",35,106.637972,29.721341
,36,"T2候机楼",35,106.638244,29.721390
,36,"T2候机楼",35,106.638328,29.721583
,36,"T2候机楼",35,106.638358,29.721575
,36,"T2候机楼",35,106.638275,29.721365
,36,"T2候机楼",35,106.638262,29.721372
,36,"T2候机楼",35,106.638253,29.721361
,36,"T2候机楼",35,106.638265,29.721333
,36,"T2候机楼",35,106.637954,29.721278
,37,"T2候机楼",36,106.637954,29.721655
,37,"T2候机楼",36,106.637970,29.721673
,37,"T2候机楼",36,106.638021,29.721636
,37,"T2候机楼",36,106.637822,29.721390
,37,"T2候机楼",36,106.637739,29.721411
,37,"T2候机楼",36,106.637934,29.721633
,37,"T2候机楼",36,106.637880,29.721738
,37,"T2候机楼",36,106.637864,29.721732
,37,"T2候机楼",36,106.637853,29.721756
,37,"T2候机楼",36,106.637891,29.721775
,37,"T2候机楼",36,106.637954,29.721655
,38,"T2候机楼",37,106.637395,29.721802
,38,"T2候机楼",37,106.637464,29.721779
,38,"T2候机楼",37,106.637380,29.721504
,38,"T2候机楼",37,106.637299,29.721525
,38,"T2候机楼",37,106.637381,29.721762
,38,"T2候机楼",37,106.637189,29.721893
,38,"T2候机楼",37,106.637208,29.721922
,38,"T2候机楼",37,106.637391,29.721791
,38,"T2候机楼",37,106.637395,29.721802
,39,"T2候机楼",38,106.636863,29.721945
,39,"T2候机楼",38,106.636934,29.721922
,39,"T2候机楼",38,106.636844,29.721643
,39,"T2候机楼",38,106.636765,29.721664
,39,"T2候机楼",38,106.636847,29.721899
,39,"T2候机楼",38,106.636618,29.722060
,39,"T2候机楼",38,106.636631,29.722084
,39,"T2候机楼",38,106.636859,29.721934
,39,"T2候机楼",38,106.636863,29.721945
,40,"T1候机楼",39,106.637657,29.724830
,40,"T1候机楼",39,106.637669,29.724827
,40,"T1候机楼",39,106.637905,29.724760
,40,"T1候机楼",39,106.637958,29.724903
,40,"T1候机楼",39,106.638166,29.724842
,40,"T1候机楼",39,106.638208,29.724830
,40,"T1候机楼",39,106.638250,29.724818
,40,"T1候机楼",39,106.638208,29.724677
,40,"T1候机楼",39,106.638309,29.724648
,40,"T1候机楼",39,106.638271,29.724526
,40,"T1候机楼",39,106.638171,29.724559
,40,"T1候机楼",39,106.638114,29.724388
,40,"T1候机楼",39,106.637806,29.724469
,40,"T1候机楼",39,106.637859,29.724613
,40,"T1候机楼",39,106.637653,29.724664
,40,"T1候机楼",39,106.637605,29.724676
,40,"T1候机楼",39,106.637657,29.724830
,41,"T1候机楼",40,106.637358,29.725331
,41,"T1候机楼",40,106.637732,29.725283
,41,"T1候机楼",40,106.637673,29.724873
,41,"T1候机楼",40,106.637669,29.724827
,41,"T1候机楼",40,106.637657,29.724830
,41,"T1候机楼",40,106.637605,29.724676
,41,"T1候机楼",40,106.637653,29.724664
,41,"T1候机楼",40,106.637649,29.724625
,41,"T1候机楼",40,106.637465,29.724289
,41,"T1候机楼",40,106.637402,29.724313
,41,"T1候机楼",40,106.637372,29.724251
,41,"T1候机楼",40,106.637034,29.724397
,41,"T1候机楼",40,106.637319,29.724914
,41,"T1候机楼",40,106.637358,29.725331
,42,"T1候机楼",41,106.638309,29.724648
,42,"T1候机楼",41,106.638332,29.724724
,42,"T1候机楼",41,106.638539,29.724667
,42,"T1候机楼",41,106.638583,29.724654
,42,"T1候机楼",41,106.638804,29.724593
,42,"T1候机楼",41,106.638815,29.724574
,42,"T1候机楼",41,106.638831,29.724545
,42,"T1候机楼",41,106.638843,29.724524
,42,"T1候机楼",41,106.638806,29.724381
,42,"T1候机楼",41,106.638758,29.724356
,42,"T1候机楼",41,106.638730,29.724341
,42,"T1候机楼",41,106.638474,29.724402
,42,"T1候机楼",41,106.638422,29.724415
,42,"T1候机楼",41,106.638239,29.724459
,42,"T1候机楼",41,106.638271,29.724526
,42,"T1候机楼",41,106.638309,29.724648
,43,"T1候机楼",42,106.638208,29.724830
,43,"T1候机楼",42,106.638166,29.724842
,43,"T1候机楼",42,106.638247,29.725058
,43,"T1候机楼",42,106.638154,29.725154
,43,"T1候机楼",42,106.638123,29.725145
,43,"T1候机楼",42,106.638116,29.725178
,43,"T1候机楼",42,106.638160,29.725192
,43,"T1候机楼",42,106.638282,29.725071
,43,"T1候机楼",42,106.638208,29.724830
,44,"T1候机楼",43,106.638583,29.724654
,44,"T1候机楼",43,106.638539,29.724667
,44,"T1候机楼",43,106.638616,29.724887
,44,"T1候机楼",43,106.638620,29.725039
,44,"T1候机楼",43,106.638602,29.725060
,44,"T1候机楼",43,106.638632,29.725077
,44,"T1候机楼",43,106.638660,29.725036
,44,"T1候机楼",43,106.638656,29.724897
,44,"T1候机楼",43,106.638583,29.724654
,45,"T1候机楼",44,106.638831,29.724545
,45,"T1候机楼",44,106.638815,29.724574
,45,"T1候机楼",44,106.639037,29.724660
,45,"T1候机楼",44,106.639118,29.724767
,45,"T1候机楼",44,106.639106,29.724792
,45,"T1候机楼",44,106.639143,29.724804
,45,"T1候机楼",44,106.639159,29.724767
,45,"T1候机楼",44,106.639158,29.724741
,45,"T1候机楼",44,106.639063,29.724637
,45,"T1候机楼",44,106.638831,29.724545
,46,"T1候机楼",45,106.638422,29.724415
,46,"T1候机楼",45,106.638474,29.724402
,46,"T1候机楼",45,106.638397,29.724137
,46,"T1候机楼",45,106.638416,29.723991
,46,"T1候机楼",45,106.638448,29.723988
,46,"T1候机楼",45,106.638447,29.723963
,46,"T1候机楼",45,106.638385,29.723969
,46,"T1候机楼",45,106.638359,29.724142
,46,"T1候机楼",45,106.638422,29.724415
,47,"T1候机楼",46,106.638730,29.724341
,47,"T1候机楼",46,106.638758,29.724356
,47,"T1候机楼",46,106.638857,29.724189
,47,"T1候机楼",46,106.638986,29.724047
,47,"T1候机楼",46,106.639019,29.724059
,47,"T1候机楼",46,106.639029,29.724035
,47,"T1候机楼",46,106.638986,29.724015
,47,"T1候机楼",46,106.638855,29.724145
,47,"T1候机楼",46,106.638730,29.724341
,48," ",47,106.636951,29.724066
,48," ",47,106.637197,29.724009
,48," ",47,106.637590,29.724338
,48," ",47,106.637716,29.724307
,48," ",47,106.637697,29.724164
,48," ",47,106.637371,29.723897
,48," ",47,106.637230,29.723444
,48," ",47,106.637166,29.723456
,48," ",47,106.637130,29.723336
,48," ",47,106.636727,29.723439
,48," ",47,106.636951,29.724066
