"FID_","ID","X","Y"
,1,113.217123,28.200988
,1,113.217114,28.200865
,1,113.217052,28.200755
,1,113.216946,28.200658
,1,113.216786,28.200593
,1,113.216604,28.200593
,2,113.217181,28.200247
,2,113.217139,28.200369
,2,113.217085,28.200442
,2,113.217007,28.200504
,2,113.216857,28.200579
,2,113.216786,28.200593
,3,113.216786,28.200593
,3,113.217152,28.200614
,3,113.217565,28.200637
,3,113.218491,28.200668
,3,113.218730,28.200757
,3,113.218865,28.200868
,3,113.218962,28.201015
,3,113.219018,28.201184
,4,113.217181,28.200247
,4,113.217202,28.200354
,4,113.217243,28.200445
,4,113.217328,28.200528
,4,113.217405,28.200584
,4,113.217505,28.200621
,4,113.217565,28.200637
,5,113.218491,28.200668
,5,113.218615,28.200657
,5,113.218732,28.200613
,5,113.218840,28.200555
,5,113.218941,28.200462
,5,113.219020,28.200343
,5,113.219049,28.200266
,5,113.219087,28.200062
,6,113.219407,28.194718
,6,113.219307,28.195309
,6,113.219222,28.195618
,6,113.219141,28.195877
,6,113.218983,28.196259
,6,113.218856,28.196496
,6,113.218705,28.196774
,6,113.218458,28.197125
,6,113.218177,28.197524
,6,113.217891,28.197945
,6,113.217648,28.198305
,6,113.217467,28.198591
,6,113.217355,28.198869
,6,113.217266,28.199170
,6,113.217240,28.199274
,7,113.218177,28.197524
,7,113.218078,28.197602
,7,113.218001,28.197652
,7,113.217872,28.197678
,7,113.217735,28.197672
,7,113.217629,28.197649
,7,113.217517,28.197577
,7,113.217428,28.197485
,7,113.217384,28.197398
,7,113.217355,28.197280
,8,113.217355,28.197280
,8,113.217332,28.197432
,8,113.217289,28.197510
,8,113.217251,28.197552
,8,113.217166,28.197606
,8,113.217038,28.197645
,8,113.216876,28.197637
,9,113.217735,28.197672
,9,113.217335,28.197657
,10,113.217335,28.197657
,10,113.217038,28.197645
,11,113.217038,28.197645
,11,113.217114,28.197681
,11,113.217177,28.197714
,11,113.217229,28.197772
,11,113.217283,28.197849
,11,113.217310,28.197905
,11,113.217320,28.197922
,12,113.218412,28.193914
,12,113.218329,28.193992
,12,113.218250,28.194034
,12,113.218171,28.194063
,12,113.218082,28.194080
,12,113.217951,28.194079
,12,113.217872,28.194053
,12,113.217777,28.194015
,12,113.217706,28.193955
,12,113.217658,28.193905
,12,113.217613,28.193820
,12,113.217592,28.193754
,12,113.217575,28.193676
,13,113.217575,28.193676
,13,113.217557,28.193791
,13,113.217532,28.193857
,13,113.217482,28.193918
,13,113.217415,28.193972
,13,113.217343,28.194007
,13,113.217266,28.194034
,13,113.217227,28.194042
,13,113.217114,28.194032
,14,113.217227,28.194042
,14,113.217552,28.194061
,15,113.217552,28.194061
,15,113.217625,28.194065
,15,113.217951,28.194079
,16,113.217227,28.194042
,16,113.217322,28.194082
,16,113.217384,28.194121
,16,113.217432,28.194158
,16,113.217480,28.194217
,16,113.217511,28.194277
,16,113.217530,28.194322
,16,113.217532,28.194401
,17,113.217690,28.191928
,17,113.217679,28.191859
,17,113.217644,28.191776
,17,113.217611,28.191730
,17,113.217548,28.191681
,17,113.217494,28.191647
,17,113.217459,28.191641
,18,113.217729,28.191314
,18,113.217698,28.191406
,18,113.217638,28.191471
,18,113.217561,28.191535
,18,113.217486,28.191570
,18,113.217462,28.191568
,19,113.219647,28.190905
,19,113.219608,28.191296
,19,113.219519,28.191759
,20,113.219519,28.191759
,20,113.219515,28.191778
,20,113.219411,28.192156
,20,113.219232,28.192597
,20,113.219114,28.192838
,20,113.218944,28.193124
,20,113.218682,28.193525
,20,113.218412,28.193914
,20,113.217908,28.194655
,20,113.217716,28.194944
,20,113.217627,28.195119
,20,113.217573,28.195254
,20,113.217513,28.195462
,20,113.217451,28.195783
,21,113.217953,28.187703
,21,113.217984,28.187985
,21,113.218042,28.188224
,21,113.218092,28.188394
,21,113.218443,28.189080
,21,113.218505,28.189207
,21,113.218690,28.189560
,21,113.218950,28.190053
,21,113.219103,28.190345
,21,113.219201,28.190560
,21,113.219326,28.190880
,21,113.219406,28.191126
,21,113.219467,28.191431
,21,113.219506,28.191619
,21,113.219519,28.191759
,22,113.219519,28.191759
,22,113.219533,28.191918
,22,113.219548,28.192241
,22,113.219554,28.192445
,23,113.218690,28.189560
,23,113.218616,28.189471
,23,113.218535,28.189415
,23,113.218452,28.189382
,23,113.218370,28.189351
,23,113.218277,28.189349
,23,113.218163,28.189363
,23,113.218061,28.189403
,23,113.217964,28.189478
,23,113.217895,28.189559
,23,113.217843,28.189656
,23,113.217822,28.189767
,24,113.217903,28.188532
,24,113.217879,28.188620
,24,113.217837,28.188680
,24,113.217750,28.188755
,24,113.217696,28.188791
,24,113.217661,28.188805
,24,113.217635,28.188803
,25,113.217872,28.189165
,25,113.217853,28.189079
,25,113.217808,28.189000
,25,113.217767,28.188938
,25,113.217696,28.188888
,25,113.217630,28.188857
,26,113.218055,28.186110
,26,113.218078,28.186028
,26,113.218123,28.185951
,26,113.218181,28.185881
,26,113.218252,28.185828
,26,113.218367,28.185774
,26,113.218426,28.185758
,26,113.218437,28.185755
,26,113.218608,28.185755
,26,113.218726,28.185794
,26,113.218812,28.185847
,26,113.218902,28.185925
,27,113.218180,28.184049
,27,113.218209,28.184421
,27,113.218306,28.184759
,27,113.218471,28.185131
,27,113.218902,28.185925
,27,113.219163,28.186432
,27,113.219415,28.186968
,27,113.219525,28.187265
,27,113.219644,28.187684
,27,113.219712,28.188036
,27,113.219754,28.188363
,27,113.219774,28.188837
,28,113.218404,28.180480
,28,113.218435,28.180658
,28,113.218500,28.180758
,28,113.218606,28.180848
,28,113.218768,28.180916
,28,113.219693,28.180962
,28,113.219832,28.180997
,28,113.219968,28.181062
,28,113.220078,28.181152
,28,113.220244,28.181369
,29,113.218768,28.180916
,29,113.218684,28.180932
,29,113.218574,28.180974
,29,113.218480,28.181036
,29,113.218406,28.181126
,29,113.218350,28.181275
,30,113.219693,28.180962
,30,113.219806,28.180952
,30,113.219952,28.180900
,30,113.220058,28.180845
,30,113.220149,28.180761
,30,113.220283,28.180596
,31,113.217152,28.200614
,31,113.217123,28.200988
,31,113.216880,28.204819
,31,113.216834,28.205683
,31,113.216907,28.205869
,31,113.217027,28.205988
,31,113.217154,28.206038
,31,113.217243,28.206056
,31,113.217876,28.206071
,31,113.218288,28.206063
,31,113.218435,28.206006
,31,113.218636,28.205894
,31,113.218721,28.205782
,32,113.218663,28.206743
,32,113.218721,28.205782
,32,113.218825,28.204219
,32,113.218975,28.201746
,32,113.219018,28.201184
,32,113.219087,28.200062
,32,113.219269,28.197172
,32,113.219407,28.194718
,32,113.219554,28.192445
,32,113.219647,28.190905
,32,113.219774,28.188837
,32,113.219978,28.185770
,32,113.220017,28.185191
,32,113.220244,28.181369
,32,113.220245,28.181352
,32,113.220283,28.180596
,32,113.220441,28.178068
,32,113.220453,28.177883
,32,113.220529,28.176828
,33,113.216604,28.200593
,33,113.216417,28.200583
,33,113.215919,28.200544
,33,113.215641,28.200519
,33,113.215375,28.200502
,33,113.215221,28.200491
,34,113.215221,28.200491
,34,113.214929,28.200468
,34,113.214735,28.200469
,34,113.214661,28.200491
,34,113.214605,28.200547
,34,113.214565,28.200605
,34,113.214555,28.200698
,34,113.214570,28.200754
,34,113.214628,28.200829
,34,113.214744,28.200899
,34,113.214790,28.200907
,34,113.215220,28.200932
,34,113.215253,28.200929
,34,113.215298,28.200907
,34,113.215369,28.200852
,34,113.215414,28.200783
,34,113.215420,28.200714
,34,113.215399,28.200624
,34,113.215343,28.200552
,34,113.215269,28.200507
,34,113.215221,28.200491
,35,113.215641,28.200519
,35,113.215558,28.200564
,35,113.215503,28.200604
,35,113.215466,28.200641
,35,113.215436,28.200689
,35,113.215420,28.200714
,36,113.214555,28.200698
,36,113.214544,28.200974
,36,113.214536,28.201078
,36,113.214545,28.201103
,36,113.214637,28.201215
,36,113.214711,28.201266
,36,113.214755,28.201278
,36,113.215076,28.201295
,36,113.215190,28.201297
,36,113.215245,28.201288
,36,113.215317,28.201249
,36,113.215377,28.201186
,36,113.215400,28.201143
,36,113.215414,28.200783
,37,113.214536,28.201078
,37,113.214515,28.201460
,37,113.214591,28.201557
,37,113.214682,28.201626
,37,113.214753,28.201642
,37,113.215151,28.201658
,37,113.215225,28.201649
,37,113.215324,28.201589
,37,113.215377,28.201521
,37,113.215400,28.201143
,38,113.214515,28.201460
,38,113.214493,28.201827
,38,113.214556,28.201907
,38,113.214637,28.201980
,38,113.214719,28.202006
,38,113.215156,28.202025
,38,113.215223,28.202006
,38,113.215301,28.201962
,38,113.215358,28.201891
,38,113.215377,28.201521
,39,113.214493,28.201827
,39,113.214483,28.202189
,39,113.214527,28.202271
,39,113.214608,28.202341
,39,113.214684,28.202371
,39,113.215123,28.202394
,39,113.215209,28.202375
,39,113.215299,28.202310
,39,113.215337,28.202234
,39,113.215346,28.202087
,39,113.215358,28.201891
,40,113.216216,28.200325
,40,113.216164,28.200455
,40,113.216032,28.200532
,40,113.215919,28.200544
,40,113.215767,28.200510
,40,113.215676,28.200422
,40,113.215657,28.200335
,40,113.215702,28.199498
,40,113.215741,28.199417
,40,113.215825,28.199355
,40,113.215932,28.199322
,40,113.216022,28.199323
,40,113.216176,28.199421
,40,113.216250,28.199526
,40,113.216258,28.199553
,41,113.215932,28.199322
,41,113.215432,28.199287
,41,113.215358,28.199321
,41,113.215266,28.199416
,41,113.215245,28.199497
,41,113.215217,28.199924
,41,113.215196,28.200311
,41,113.215228,28.200380
,41,113.215285,28.200440
,41,113.215332,28.200471
,41,113.215375,28.200502
,42,113.214929,28.200468
,42,113.214793,28.200359
,42,113.214766,28.200287
,42,113.214769,28.200073
,42,113.214802,28.199431
,42,113.214837,28.199369
,42,113.214899,28.199303
,42,113.214984,28.199264
,42,113.215057,28.199262
,42,113.215432,28.199287
,43,113.216284,28.199123
,43,113.216224,28.199229
,43,113.216156,28.199281
,43,113.216063,28.199323
,43,113.216022,28.199323
,44,113.216268,28.199436
,44,113.216203,28.199313
,44,113.216156,28.199281
,44,113.215851,28.199077
,44,113.215639,28.198943
,44,113.215026,28.198560
,45,113.215851,28.199077
,45,113.215980,28.199077
,45,113.216087,28.199061
,45,113.216203,28.199000
,45,113.216278,28.198880
,45,113.216305,28.198845
,46,113.216323,28.198566
,46,113.216265,28.198473
,46,113.216184,28.198402
,46,113.216113,28.198379
,46,113.215848,28.198337
,46,113.215395,28.198266
,47,113.216113,28.198379
,47,113.216164,28.198373
,47,113.216236,28.198344
,47,113.216295,28.198292
,47,113.216341,28.198205
,48,113.216349,28.198069
,48,113.216291,28.197969
,48,113.216205,28.197904
,48,113.216145,28.197880
,48,113.215422,28.197830
,49,113.216145,28.197880
,49,113.216206,28.197866
,49,113.216266,28.197837
,49,113.216331,28.197772
,49,113.216365,28.197724
,50,113.216876,28.197637
,50,113.216645,28.197617
,50,113.216577,28.197629
,50,113.216504,28.197672
,50,113.216425,28.197748
,50,113.216358,28.197820
,51,113.216645,28.197617
,51,113.216536,28.197554
,51,113.216439,28.197462
,51,113.216405,28.197383
,51,113.216381,28.197334
,52,113.216392,28.197210
,52,113.216329,28.197125
,52,113.216257,28.197072
,52,113.216187,28.197054
,52,113.216111,28.197044
,52,113.216080,28.197046
,52,113.215794,28.197158
,52,113.215303,28.197476
,53,113.216111,28.197044
,53,113.216184,28.197031
,53,113.216286,28.196988
,53,113.216328,28.196965
,53,113.216383,28.196912
,53,113.216415,28.196846
,54,113.216402,28.197079
,54,113.216370,28.197023
,54,113.216328,28.196965
,54,113.216257,28.196921
,54,113.216208,28.196900
,54,113.215828,28.196923
,54,113.214965,28.197038
,55,113.216208,28.196900
,55,113.216286,28.196876
,55,113.216345,28.196834
,55,113.216399,28.196766
,55,113.216425,28.196722
,56,113.216425,28.196722
,56,113.216397,28.196671
,56,113.216345,28.196611
,56,113.216245,28.196556
,56,113.216226,28.196546
,56,113.214949,28.196553
,57,113.216226,28.196546
,57,113.216305,28.196520
,57,113.216379,28.196478
,57,113.216446,28.196402
,58,113.216446,28.196402
,58,113.216397,28.196340
,58,113.216303,28.196247
,58,113.216206,28.196216
,58,113.215167,28.196019
,59,113.216417,28.200583
,59,113.216320,28.200506
,59,113.216245,28.200397
,59,113.216216,28.200325
,59,113.216258,28.199553
,59,113.216268,28.199436
,59,113.216284,28.199123
,59,113.216305,28.198845
,59,113.216323,28.198566
,59,113.216341,28.198205
,59,113.216349,28.198069
,59,113.216358,28.197820
,59,113.216365,28.197724
,59,113.216381,28.197334
,59,113.216392,28.197210
,59,113.216402,28.197079
,59,113.216415,28.196846
,59,113.216425,28.196722
,59,113.216446,28.196402
,59,113.216472,28.195989
,60,113.216206,28.196216
,60,113.216320,28.196171
,60,113.216402,28.196111
,60,113.216472,28.195989
,61,113.216475,28.195943
,61,113.216439,28.195852
,61,113.216373,28.195770
,61,113.216261,28.195716
,61,113.215565,28.195668
,62,113.216261,28.195716
,62,113.216352,28.195698
,62,113.216410,28.195650
,62,113.216449,28.195616
,62,113.216488,28.195574
,63,113.216514,28.195254
,63,113.216475,28.195140
,63,113.216425,28.195090
,63,113.216368,28.195043
,63,113.216278,28.195017
,63,113.216171,28.195027
,63,113.216100,28.195045
,63,113.215633,28.195206
,64,113.216171,28.195027
,64,113.216297,28.194978
,64,113.216376,28.194960
,64,113.216420,28.194936
,64,113.216478,28.194886
,64,113.216533,28.194804
,65,113.215725,28.194076
,65,113.215642,28.194067
,65,113.215557,28.194088
,65,113.215393,28.194201
,65,113.215264,28.194361
,66,113.216543,28.194558
,66,113.216472,28.194446
,66,113.216312,28.194343
,66,113.215725,28.194076
,67,113.216539,28.194646
,67,113.216494,28.194540
,67,113.216418,28.194437
,67,113.216321,28.194372
,67,113.216239,28.194357
,67,113.216164,28.194362
,67,113.216029,28.194429
,67,113.215518,28.194826
,68,113.216472,28.195989
,68,113.216475,28.195943
,68,113.216488,28.195574
,68,113.216514,28.195254
,68,113.216533,28.194804
,68,113.216539,28.194646
,69,113.216539,28.194646
,69,113.216543,28.194558
,70,113.216552,28.194331
,70,113.216598,28.194192
,70,113.216700,28.194071
,70,113.216822,28.194014
,70,113.216966,28.194003
,70,113.217114,28.194032
,71,113.216966,28.194003
,71,113.216784,28.193903
,71,113.216636,28.193786
,71,113.216564,28.193694
,71,113.216501,28.193548
,72,113.215725,28.194076
,72,113.215639,28.194037
,73,113.215639,28.194037
,73,113.214792,28.193651
,74,113.216543,28.194558
,74,113.216552,28.194331
,74,113.216513,28.193986
,75,113.216513,28.193986
,75,113.216488,28.193762
,75,113.216501,28.193548
,76,113.216966,28.194003
,76,113.216513,28.193986
,77,113.216513,28.193986
,77,113.216428,28.193870
,77,113.216287,28.193707
,77,113.216253,28.193678
,77,113.216092,28.193576
,77,113.215708,28.193358
,77,113.215340,28.193162
,78,113.216501,28.193548
,78,113.216517,28.193297
,79,113.215708,28.193358
,79,113.215870,28.193507
,79,113.215949,28.193558
,79,113.216029,28.193579
,79,113.216092,28.193576
,79,113.216218,28.193573
,79,113.216329,28.193536
,79,113.216421,28.193455
,79,113.216485,28.193382
,79,113.216517,28.193297
,80,113.216513,28.193986
,80,113.216473,28.193984
,80,113.216254,28.194006
,81,113.216254,28.194006
,81,113.215851,28.194047
,81,113.215639,28.194037
,82,113.216488,28.193762
,82,113.216428,28.193870
,82,113.216254,28.194006
,83,113.216287,28.193707
,83,113.216488,28.193762
,83,113.216784,28.193903
,84,113.216517,28.193297
,84,113.216532,28.193066
,85,113.216532,28.193066
,85,113.216501,28.192961
,85,113.216430,28.192854
,85,113.216361,28.192815
,85,113.216305,28.192783
,85,113.216195,28.192752
,85,113.216122,28.192752
,85,113.216012,28.192793
,85,113.215476,28.192752
,86,113.216012,28.192793
,86,113.216118,28.192835
,86,113.216221,28.192843
,86,113.216321,28.192837
,86,113.216361,28.192815
,86,113.216430,28.192778
,86,113.216523,28.192678
,86,113.216560,28.192614
,87,113.216532,28.193066
,87,113.216560,28.192614
,88,113.217459,28.191641
,88,113.217372,28.191580
,89,113.216997,28.191519
,89,113.216784,28.191593
,89,113.216654,28.191739
,89,113.216605,28.191837
,90,113.216605,28.191837
,90,113.216528,28.191674
,90,113.216495,28.191630
,90,113.216475,28.191604
,90,113.216451,28.191571
,90,113.216286,28.191477
,90,113.216140,28.191435
,91,113.216646,28.191042
,91,113.216596,28.191196
,91,113.216467,28.191344
,91,113.216438,28.191357
,91,113.216412,28.191368
,91,113.216324,28.191406
,91,113.216140,28.191435
,92,113.216605,28.191837
,92,113.216619,28.191560
,92,113.216623,28.191482
,92,113.216624,28.191454
,92,113.216634,28.191263
,93,113.217462,28.191568
,93,113.217372,28.191580
,93,113.216997,28.191519
,93,113.216828,28.191502
,94,113.216828,28.191502
,94,113.216724,28.191492
,95,113.216412,28.191677
,95,113.216495,28.191630
,95,113.216555,28.191596
,95,113.216619,28.191560
,95,113.216657,28.191538
,95,113.216828,28.191502
,96,113.216646,28.191042
,96,113.216690,28.191231
,96,113.216855,28.191415
,96,113.216997,28.191519
,97,113.216318,28.191273
,97,113.216412,28.191368
,97,113.216483,28.191441
,97,113.216497,28.191470
,97,113.216530,28.191541
,97,113.216555,28.191596
,97,113.216577,28.191642
,97,113.216605,28.191837
,98,113.216560,28.192614
,98,113.216583,28.192249
,99,113.216583,28.192249
,99,113.216591,28.192116
,99,113.216605,28.191837
,100,113.216634,28.191263
,100,113.216572,28.191434
,100,113.216557,28.191476
,100,113.216535,28.191535
,100,113.216530,28.191541
,100,113.216475,28.191604
,100,113.216412,28.191677
,100,113.216079,28.191944
,100,113.215837,28.192137
,101,113.215837,28.192137
,101,113.215503,28.192405
,102,113.215837,28.192137
,102,113.215859,28.192064
,102,113.215920,28.192002
,102,113.216046,28.191947
,102,113.216079,28.191944
,102,113.216208,28.191931
,102,113.216344,28.191973
,102,113.216463,28.192054
,102,113.216528,28.192151
,102,113.216583,28.192249
,103,113.216724,28.191492
,103,113.216624,28.191454
,103,113.216572,28.191434
,103,113.216522,28.191415
,103,113.216438,28.191357
,103,113.216318,28.191273
,103,113.216120,28.191069
,104,113.216120,28.191069
,104,113.215907,28.190848
,105,113.215907,28.190848
,105,113.215620,28.190552
,106,113.216120,28.191069
,106,113.216033,28.191045
,106,113.215930,28.190932
,106,113.215907,28.190848
,107,113.216634,28.191263
,107,113.216646,28.191042
,107,113.216657,28.190848
,108,113.216657,28.190848
,108,113.216606,28.190951
,108,113.216463,28.191052
,108,113.216260,28.191107
,108,113.216120,28.191069
,109,113.216302,28.190308
,109,113.216396,28.190360
,109,113.216493,28.190360
,109,113.216567,28.190335
,109,113.216599,28.190324
,109,113.216664,28.190256
,109,113.216695,28.190208
,110,113.216678,28.190500
,110,113.216641,28.190402
,110,113.216567,28.190335
,110,113.216535,28.190305
,110,113.216418,28.190279
,110,113.216302,28.190308
,110,113.215658,28.190266
,111,113.216657,28.190848
,111,113.216678,28.190500
,112,113.216678,28.190500
,112,113.216695,28.190208
,113,113.216315,28.189917
,113,113.216428,28.189965
,113,113.216573,28.189959
,113,113.216598,28.189939
,113,113.216680,28.189875
,113,113.216719,28.189803
,114,113.216702,28.190082
,114,113.216648,28.189975
,114,113.216598,28.189939
,114,113.216518,28.189881
,114,113.216392,28.189875
,114,113.216315,28.189917
,114,113.215697,28.189875
,115,113.216695,28.190208
,115,113.216702,28.190082
,116,113.216702,28.190082
,116,113.216719,28.189803
,117,113.217630,28.188857
,117,113.217539,28.188815
,118,113.217635,28.188803
,118,113.217539,28.188815
,118,113.217132,28.188769
,119,113.217132,28.188769
,119,113.216784,28.188729
,119,113.216772,28.188728
,119,113.216323,28.188693
,119,113.215850,28.188657
,119,113.215621,28.188639
,119,113.215238,28.188610
,119,113.215046,28.188595
,120,113.217132,28.188769
,120,113.216898,28.188870
,120,113.216776,28.189058
,120,113.216762,28.189091
,121,113.216719,28.189803
,121,113.216730,28.189623
,121,113.216752,28.189254
,122,113.216752,28.189254
,122,113.216762,28.189091
,123,113.216752,28.189254
,123,113.216698,28.189109
,123,113.216578,28.188983
,123,113.216439,28.188925
,123,113.216261,28.188912
,123,113.216115,28.188972
,123,113.216087,28.188983
,123,113.215996,28.189074
,123,113.215915,28.189239
,124,113.216182,28.188882
,124,113.216115,28.188972
,124,113.215915,28.189239
,124,113.215708,28.189530
,125,113.216182,28.188882
,125,113.216345,28.188812
,125,113.216498,28.188748
,125,113.216539,28.188731
,125,113.216772,28.188728
,126,113.216762,28.189091
,126,113.216691,28.188918
,126,113.216546,28.188763
,126,113.216498,28.188748
,126,113.216323,28.188693
,127,113.216582,28.188333
,127,113.216588,28.188339
,127,113.216725,28.188483
,127,113.216795,28.188557
,127,113.216834,28.188598
,127,113.217132,28.188769
,128,113.216762,28.189091
,128,113.216784,28.188729
,128,113.216795,28.188557
,128,113.216808,28.188339
,129,113.217132,28.188769
,129,113.216966,28.188621
,129,113.216860,28.188495
,129,113.216808,28.188339
,130,113.216808,28.188339
,130,113.216725,28.188483
,130,113.216701,28.188524
,130,113.216681,28.188539
,130,113.216539,28.188644
,130,113.216323,28.188693
,131,113.216833,28.187921
,131,113.216740,28.188136
,131,113.216588,28.188339
,131,113.216586,28.188342
,131,113.216323,28.188693
,131,113.216182,28.188882
,132,113.216808,28.188339
,132,113.216830,28.187971
,132,113.216833,28.187921
,133,113.216772,28.188728
,133,113.216681,28.188539
,133,113.216586,28.188342
,133,113.216582,28.188333
,133,113.216331,28.188129
,133,113.216042,28.187895
,134,113.216042,28.187895
,134,113.215621,28.187554
,135,113.216833,28.187921
,135,113.216708,28.188055
,135,113.216556,28.188139
,135,113.216331,28.188129
,135,113.216258,28.188126
,135,113.216148,28.188052
,135,113.216042,28.187895
,136,113.216300,28.187341
,136,113.216481,28.187405
,136,113.216624,28.187386
,136,113.216678,28.187356
,136,113.216759,28.187311
,136,113.216872,28.187139
,137,113.216848,28.187631
,137,113.216785,28.187447
,137,113.216678,28.187356
,137,113.216653,28.187334
,137,113.216455,28.187299
,137,113.216300,28.187341
,137,113.215673,28.187295
,138,113.216833,28.187921
,138,113.216848,28.187631
,139,113.216848,28.187631
,139,113.216856,28.187481
,139,113.216872,28.187139
,140,113.215699,28.186888
,140,113.216100,28.186584
,140,113.216408,28.186340
,140,113.216552,28.186225
,140,113.216688,28.186105
,140,113.216782,28.185996
,140,113.216866,28.185931
,140,113.217063,28.185824
,140,113.217218,28.185785
,140,113.217716,28.185821
,140,113.217807,28.185869
,140,113.217933,28.185983
,140,113.218055,28.186110
,141,113.220453,28.177883
,141,113.220264,28.177613
,141,113.220075,28.177493
,141,113.219870,28.177451
,141,113.219103,28.177420
,141,113.218917,28.177474
,141,113.218782,28.177524
,141,113.218659,28.177655
,141,113.218566,28.177856
,141,113.218539,28.178242
,141,113.218404,28.180480
,141,113.218350,28.181275
,141,113.218180,28.184049
,141,113.218094,28.185482
,142,113.218094,28.185482
,142,113.218007,28.185633
,142,113.217859,28.185756
,142,113.217716,28.185821
,143,113.218094,28.185482
,143,113.218088,28.185585
,143,113.218073,28.185827
,143,113.218055,28.186110
,143,113.218049,28.186207
,143,113.218046,28.186251
,144,113.218046,28.186251
,144,113.217924,28.186418
,144,113.217797,28.186504
,144,113.217676,28.186538
,144,113.217213,28.186511
,144,113.216908,28.186442
,144,113.216853,28.186430
,144,113.216724,28.186416
,145,113.217213,28.186511
,145,113.217054,28.186415
,145,113.216956,28.186303
,145,113.216924,28.186187
,145,113.216934,28.186023
,145,113.217027,28.185893
,145,113.217142,28.185817
,145,113.217218,28.185785
,146,113.216872,28.187139
,146,113.216890,28.186765
,147,113.217213,28.186511
,147,113.217010,28.186587
,147,113.216914,28.186707
,147,113.216890,28.186765
,148,113.216896,28.186638
,148,113.216814,28.186506
,148,113.216724,28.186416
,148,113.216569,28.186335
,148,113.216408,28.186340
,148,113.216362,28.186341
,148,113.216229,28.186409
,148,113.216139,28.186506
,148,113.216100,28.186584
,149,113.216890,28.186765
,149,113.216896,28.186638
,150,113.216896,28.186638
,150,113.216898,28.186598
,150,113.216908,28.186442
,150,113.216924,28.186187
,151,113.218046,28.186251
,151,113.218002,28.186937
,151,113.218001,28.186948
,152,113.218001,28.186948
,152,113.217953,28.187703
,152,113.217903,28.188532
,152,113.217887,28.188851
,152,113.217872,28.189165
,152,113.217822,28.189767
,152,113.217729,28.191314
,152,113.217690,28.191928
,152,113.217575,28.193676
,152,113.217552,28.194061
,152,113.217532,28.194401
,152,113.217451,28.195783
,152,113.217355,28.197280
,152,113.217335,28.197657
,152,113.217320,28.197922
,152,113.217317,28.197980
,152,113.217308,28.198148
,152,113.217240,28.199274
,152,113.217181,28.200247
,152,113.217152,28.200614
,153,113.217676,28.186538
,153,113.217799,28.186607
,153,113.217900,28.186695
,153,113.217980,28.186854
,153,113.218001,28.186948
,154,113.216934,28.186023
,154,113.216866,28.185931
,154,113.216784,28.185822
,154,113.216588,28.185739
,155,113.217218,28.185785
,155,113.216784,28.185766
,155,113.216588,28.185739
,155,113.216379,28.185729
,155,113.215923,28.185692
,155,113.215460,28.185654
,155,113.215255,28.185639
,155,113.215034,28.185623
,155,113.214644,28.185588
,155,113.214239,28.185563
,155,113.214092,28.185554
,156,113.217218,28.185785
,156,113.217137,28.185750
,156,113.217066,28.185676
,156,113.217024,28.185581
,156,113.217071,28.184889
,157,113.217024,28.185581
,157,113.216983,28.185669
,157,113.216951,28.185711
,157,113.216887,28.185747
,157,113.216784,28.185766
,157,113.216696,28.185711
,157,113.216622,28.185617
,157,113.216605,28.185573
,157,113.216642,28.184808
,158,113.216605,28.185573
,158,113.216527,28.185676
,158,113.216421,28.185725
,158,113.216379,28.185729
,158,113.216286,28.185691
,158,113.216220,28.185622
,158,113.216183,28.185534
,158,113.216232,28.184803
,159,113.216183,28.185534
,159,113.216100,28.185642
,159,113.216022,28.185681
,159,113.215923,28.185692
,159,113.215781,28.185659
,159,113.215715,28.185593
,159,113.215681,28.185500
,159,113.215703,28.184784
,160,113.215681,28.185500
,160,113.215568,28.185617
,160,113.215460,28.185654
,160,113.215357,28.185615
,160,113.215284,28.185539
,160,113.215259,28.185470
,160,113.215296,28.184759
,161,113.215259,28.185470
,161,113.215181,28.185583
,161,113.215100,28.185608
,161,113.215034,28.185623
,161,113.214928,28.185581
,161,113.214872,28.185507
,161,113.214840,28.185436
,161,113.214867,28.184764
,162,113.214840,28.185436
,162,113.214769,28.185539
,162,113.214673,28.185581
,162,113.214644,28.185588
,162,113.214524,28.185563
,162,113.214457,28.185490
,162,113.214416,28.185392
,162,113.214445,28.184767
,163,113.214416,28.185392
,163,113.214342,28.185502
,163,113.214278,28.185534
,163,113.214239,28.185563
,164,113.215923,28.185692
,164,113.215730,28.185701
,164,113.215634,28.185757
,164,113.215539,28.185848
,164,113.215509,28.185897
,164,113.215472,28.186574
,165,113.215509,28.185897
,165,113.215467,28.185799
,165,113.215393,28.185716
,165,113.215276,28.185646
,165,113.215255,28.185639
,165,113.215193,28.185650
,165,113.215106,28.185685
,165,113.215018,28.185758
,165,113.214956,28.185826
,165,113.214924,28.186535
,166,113.214956,28.185826
,166,113.214883,28.185720
,166,113.214755,28.185629
,166,113.214644,28.185588
,166,113.214569,28.185629
,166,113.214466,28.185739
,166,113.214424,28.186463
,167,113.214466,28.185739
,167,113.214407,28.185639
,167,113.214309,28.185580
,167,113.214239,28.185563
,168,113.216724,28.191492
,168,113.216623,28.191482
,168,113.216557,28.191476
,168,113.216497,28.191470
,168,113.216140,28.191435
,168,113.215614,28.191397
,169,113.215614,28.191397
,169,113.215047,28.191357
,169,113.214928,28.191286
,169,113.214879,28.191209
,169,113.214866,28.191124
,169,113.214934,28.190974
,169,113.214944,28.190611
,170,113.215614,28.191397
,170,113.215488,28.191449
,170,113.215390,28.191542
,170,113.215366,28.191650
,170,113.215341,28.191891
,170,113.215282,28.192072
,171,113.215614,28.191397
,171,113.215439,28.191346
,171,113.215366,28.191234
,171,113.215336,28.191160
,171,113.215341,28.191033
,171,113.215351,28.190665
,172,113.215047,28.191357
,172,113.214890,28.191484
,172,113.214856,28.191592
,172,113.214895,28.191763
,172,113.214905,28.192057
,173,113.215850,28.188657
,173,113.215655,28.188596
,173,113.215562,28.188522
,173,113.215518,28.188409
,173,113.215523,28.188321
,173,113.215552,28.188223
,173,113.215498,28.187885
,174,113.215621,28.188639
,174,113.215488,28.188733
,174,113.215434,28.188831
,174,113.215439,28.188914
,174,113.215478,28.188963
,174,113.215464,28.189316
,175,113.215238,28.188610
,175,113.215125,28.188645
,175,113.215037,28.188738
,175,113.215032,28.188826
,175,113.215052,28.188929
,175,113.215018,28.189262
,176,113.215238,28.188610
,176,113.215116,28.188522
,176,113.215072,28.188434
,176,113.215072,28.188326
,176,113.215116,28.188238
,176,113.215106,28.187875
