"FID_","ID","X","Y"
,1,113.283701,23.376631
,1,113.283494,23.375835
,1,113.282940,23.375962
,1,113.283190,23.376941
,1,113.283762,23.376816
,1,113.283937,23.376774
,1,113.283933,23.376756
,1,113.283701,23.376631
,2,113.292058,23.406605
,2,113.292892,23.406414
,2,113.292986,23.406417
,2,113.293063,23.406450
,2,113.292866,23.405736
,2,113.292851,23.405812
,2,113.292809,23.405865
,2,113.292756,23.405885
,2,113.291886,23.406067
,2,113.291807,23.406058
,2,113.291727,23.406024
,2,113.291670,23.405956
,2,113.291631,23.405858
,2,113.291616,23.405860
,2,113.291904,23.406923
,2,113.291927,23.406920
,2,113.291915,23.406830
,2,113.291927,23.406741
,2,113.291978,23.406659
,2,113.292058,23.406605
,3,113.285493,23.378908
,3,113.285559,23.378907
,3,113.285606,23.378922
,3,113.285650,23.378972
,3,113.285680,23.379030
,3,113.285448,23.378216
,3,113.285452,23.378232
,3,113.285454,23.378283
,3,113.285439,23.378333
,3,113.285393,23.378373
,3,113.285348,23.378392
,3,113.284540,23.378583
,3,113.284432,23.378582
,3,113.284346,23.378551
,3,113.284290,23.378514
,3,113.284243,23.378454
,3,113.284217,23.378390
,3,113.284189,23.378397
,3,113.284467,23.379424
,3,113.284492,23.379418
,3,113.284484,23.379331
,3,113.284494,23.379278
,3,113.284529,23.379207
,3,113.284578,23.379151
,3,113.284639,23.379104
,3,113.285493,23.378908
,4,113.292377,23.403663
,4,113.291661,23.400980
,4,113.291766,23.401710
,4,113.291739,23.401794
,4,113.291660,23.401857
,4,113.291579,23.401866
,4,113.291441,23.401817
,4,113.290952,23.401363
,4,113.290641,23.401010
,4,113.290338,23.400546
,4,113.290154,23.400177
,4,113.289965,23.399755
,4,113.290431,23.401476
,4,113.290445,23.401473
,4,113.291957,23.403039
,4,113.292127,23.403241
,4,113.292265,23.403446
,4,113.292377,23.403663
,5,113.291424,23.400186
,5,113.290736,23.397444
,5,113.290844,23.398177
,5,113.290809,23.398279
,5,113.290718,23.398334
,5,113.290628,23.398340
,5,113.290538,23.398317
,5,113.289936,23.397758
,5,113.289645,23.397398
,5,113.289433,23.397098
,5,113.289267,23.396798
,5,113.289039,23.396329
,5,113.289484,23.397976
,5,113.289530,23.397965
,5,113.291000,23.399533
,5,113.291091,23.399629
,5,113.291259,23.399869
,5,113.291424,23.400186
,6,113.290521,23.396755
,6,113.289796,23.393982
,6,113.289787,23.393982
,6,113.289774,23.393928
,6,113.289878,23.394689
,6,113.289863,23.394781
,6,113.289810,23.394825
,6,113.289737,23.394852
,6,113.289638,23.394837
,6,113.289565,23.394798
,6,113.288950,23.394231
,6,113.288611,23.393799
,6,113.288366,23.393378
,6,113.288216,23.393044
,6,113.288068,23.392741
,6,113.288536,23.394470
,6,113.288551,23.394468
,6,113.290218,23.396217
,6,113.290398,23.396473
,6,113.290521,23.396755
,7,113.288332,23.390012
,7,113.288422,23.389974
,7,113.288508,23.389974
,7,113.288569,23.390007
,7,113.288644,23.390075
,7,113.288688,23.390196
,7,113.288170,23.388012
,7,113.288192,23.388329
,7,113.288154,23.388633
,7,113.287809,23.389883
,7,113.287560,23.390834
,7,113.287553,23.390835
,7,113.288004,23.392501
,7,113.287995,23.392293
,7,113.287958,23.391909
,7,113.287951,23.391546
,7,113.287985,23.391171
,7,113.288048,23.390816
,7,113.288274,23.390078
,7,113.288332,23.390012
,8,113.287384,23.386490
,8,113.287471,23.386452
,8,113.287558,23.386452
,8,113.287676,23.386518
,8,113.287697,23.386572
,8,113.287220,23.384521
,8,113.287230,23.384790
,8,113.287221,23.385018
,8,113.287116,23.385460
,8,113.286892,23.386307
,8,113.286621,23.387328
,8,113.286605,23.387332
,8,113.287133,23.389283
,8,113.287148,23.389279
,8,113.287088,23.388970
,8,113.287046,23.388755
,8,113.287016,23.388482
,8,113.287011,23.388257
,8,113.287004,23.387940
,8,113.287060,23.387510
,8,113.287328,23.386580
,8,113.287384,23.386490
,9,113.294617,23.405469
,9,113.294499,23.405376
,9,113.294438,23.405394
,9,113.294369,23.405366
,9,113.294121,23.404739
,9,113.293997,23.404330
,9,113.293916,23.403587
,9,113.293929,23.403551
,9,113.293956,23.403533
,9,113.294003,23.403538
,9,113.294070,23.403385
,9,113.293921,23.402878
,9,113.293803,23.402778
,9,113.293773,23.402796
,9,113.293740,23.402799
,9,113.293707,23.402792
,9,113.293684,23.402760
,9,113.293449,23.402204
,9,113.293386,23.402055
,9,113.293349,23.401899
,9,113.293258,23.401233
,9,113.293271,23.401185
,9,113.293297,23.401166
,9,113.293349,23.401164
,9,113.293415,23.401018
,9,113.293272,23.400515
,9,113.293158,23.400426
,9,113.293115,23.400437
,9,113.293064,23.400422
,9,113.293025,23.400380
,9,113.292773,23.399774
,9,113.292681,23.399410
,9,113.292611,23.398876
,9,113.292264,23.397930
,9,113.292037,23.397302
,9,113.291875,23.396693
,9,113.291755,23.396016
,9,113.291505,23.395158
,9,113.291261,23.394508
,9,113.291143,23.394036
,9,113.291043,23.393395
,9,113.290807,23.392518
,9,113.290748,23.392299
,9,113.290512,23.391426
,9,113.290270,23.390836
,9,113.290057,23.390017
,9,113.289927,23.389324
,9,113.289701,23.388461
,9,113.289465,23.387564
,9,113.289241,23.386694
,9,113.288991,23.386048
,9,113.288877,23.385639
,9,113.288770,23.384991
,9,113.288550,23.384113
,9,113.288321,23.383523
,9,113.288169,23.382974
,9,113.288037,23.382254
,9,113.287843,23.381444
,9,113.287840,23.381436
,9,113.287826,23.381419
,9,113.287815,23.381400
,9,113.287807,23.381379
,9,113.287803,23.381358
,9,113.287802,23.381336
,9,113.287804,23.381314
,9,113.287576,23.380552
,9,113.287320,23.379895
,9,113.287203,23.379448
,9,113.286568,23.377101
,9,113.286437,23.376595
,9,113.285807,23.376770
,9,113.285828,23.376843
,9,113.285912,23.376837
,9,113.285988,23.376878
,9,113.286015,23.376956
,9,113.286292,23.378011
,9,113.286542,23.378867
,9,113.286790,23.379512
,9,113.286882,23.379868
,9,113.286920,23.380016
,9,113.287004,23.380623
,9,113.287239,23.381521
,9,113.287242,23.381546
,9,113.287514,23.382406
,9,113.287746,23.383081
,9,113.287882,23.383586
,9,113.287989,23.384241
,9,113.288212,23.385106
,9,113.288221,23.385127
,9,113.288469,23.385793
,9,113.288572,23.386188
,9,113.288680,23.386824
,9,113.288920,23.387704
,9,113.289162,23.388585
,9,113.289389,23.389473
,9,113.289643,23.390137
,9,113.289846,23.390887
,9,113.289955,23.391574
,9,113.290199,23.392433
,9,113.290253,23.392660
,9,113.290496,23.393532
,9,113.290767,23.394284
,9,113.290858,23.394687
,9,113.290946,23.395283
,9,113.291188,23.396160
,9,113.291465,23.396794
,9,113.291630,23.397481
,9,113.291713,23.398067
,9,113.291949,23.398928
,9,113.291954,23.398940
,9,113.292378,23.400523
,9,113.292621,23.401406
,9,113.293008,23.402901
,9,113.293009,23.402900
,9,113.293259,23.403776
,9,113.293713,23.405476
,9,113.293932,23.406351
,9,113.293980,23.406529
,9,113.294201,23.407376
,9,113.294209,23.407395
,9,113.294210,23.407396
,9,113.294215,23.407417
,9,113.294510,23.408303
,9,113.294732,23.408823
,9,113.295007,23.409710
,9,113.295402,23.411189
,9,113.296107,23.411021
,9,113.295980,23.411017
,9,113.295896,23.411000
,9,113.295850,23.410964
,9,113.295804,23.410916
,9,113.295773,23.410845
,9,113.295326,23.409211
,9,113.295165,23.408737
,9,113.295030,23.408079
,9,113.294818,23.407345
,9,113.294815,23.407289
,9,113.294589,23.406182
,9,113.294600,23.406130
,9,113.294661,23.406092
,9,113.294713,23.406061
,9,113.294744,23.405986
,9,113.294617,23.405469
,10,113.286466,23.382977
,10,113.286556,23.382952
,10,113.286643,23.382967
,10,113.286738,23.383016
,10,113.286267,23.380996
,10,113.286282,23.381154
,10,113.286279,23.381273
,10,113.286277,23.381348
,10,113.286262,23.381596
,10,113.286210,23.381815
,10,113.286118,23.382168
,10,113.286025,23.382526
,10,113.285904,23.382947
,10,113.285742,23.383586
,10,113.285670,23.383828
,10,113.285658,23.383829
,10,113.286183,23.385771
,10,113.286201,23.385768
,10,113.286126,23.385435
,10,113.286084,23.385151
,10,113.286062,23.384886
,10,113.286043,23.384662
,10,113.286064,23.384473
,10,113.286106,23.384101
,10,113.286134,23.383849
,10,113.286410,23.383041
,10,113.286466,23.382977
,11,113.294059,23.407308
,11,113.294083,23.407306
,11,113.294106,23.407308
,11,113.294129,23.407314
,11,113.294150,23.407324
,11,113.294169,23.407337
,11,113.294186,23.407354
,11,113.294200,23.407373
,11,113.294201,23.407376
,11,113.293980,23.406529
,11,113.293983,23.406602
,11,113.293957,23.406656
,11,113.293892,23.406701
,11,113.293810,23.406702
,11,113.293764,23.406672
,11,113.293727,23.406602
,11,113.293950,23.407463
,11,113.293949,23.407456
,11,113.293948,23.407441
,11,113.293950,23.407417
,11,113.293956,23.407395
,11,113.293966,23.407373
,11,113.293980,23.407354
,11,113.293996,23.407337
,11,113.294015,23.407324
,11,113.294037,23.407314
,11,113.294059,23.407308
,12,113.293701,23.406287
,12,113.293772,23.406258
,12,113.293844,23.406259
,12,113.293908,23.406288
,12,113.293932,23.406351
,12,113.293713,23.405476
,12,113.293716,23.405550
,12,113.293686,23.405611
,12,113.293614,23.405650
,12,113.293521,23.405652
,12,113.293450,23.405617
,12,113.293408,23.405536
,12,113.293673,23.406408
,12,113.293671,23.406346
,12,113.293701,23.406287
,13,113.293075,23.403673
,13,113.293146,23.403672
,13,113.293216,23.403704
,13,113.293259,23.403776
,13,113.293009,23.402900
,13,113.293008,23.402901
,13,113.293011,23.402911
,13,113.293013,23.402986
,13,113.292980,23.403041
,13,113.292912,23.403073
,13,113.292830,23.403073
,13,113.292768,23.403045
,13,113.292734,23.402972
,13,113.292959,23.403836
,13,113.292962,23.403764
,13,113.292998,23.403707
,13,113.293075,23.403673
,14,113.292374,23.401325
,14,113.292441,23.401303
,14,113.292520,23.401303
,14,113.292575,23.401325
,14,113.292621,23.401406
,14,113.292378,23.400523
,14,113.292372,23.400605
,14,113.292337,23.400665
,14,113.292269,23.400700
,14,113.292180,23.400695
,14,113.292113,23.400667
,14,113.292079,23.400591
,14,113.292323,23.401451
,14,113.292329,23.401382
,14,113.292374,23.401325
,15,113.291691,23.398856
,15,113.291770,23.398824
,15,113.291859,23.398828
,15,113.291923,23.398869
,15,113.291949,23.398928
,15,113.291713,23.398067
,15,113.291707,23.398146
,15,113.291674,23.398197
,15,113.291608,23.398227
,15,113.291526,23.398227
,15,113.291457,23.398193
,15,113.291425,23.398122
,15,113.291658,23.399001
,15,113.291665,23.398914
,15,113.291691,23.398856
,16,113.290937,23.396083
,16,113.291011,23.396046
,16,113.291095,23.396053
,16,113.291149,23.396087
,16,113.291188,23.396160
,16,113.290946,23.395283
,16,113.290938,23.395360
,16,113.290899,23.395415
,16,113.290839,23.395442
,16,113.290759,23.395450
,16,113.290688,23.395417
,16,113.290658,23.395341
,16,113.290892,23.396205
,16,113.290900,23.396140
,16,113.290937,23.396083
,17,113.290307,23.393439
,17,113.290383,23.393433
,17,113.290460,23.393461
,17,113.290496,23.393532
,17,113.290253,23.392660
,17,113.290255,23.392727
,17,113.290221,23.392788
,17,113.290143,23.392826
,17,113.290053,23.392825
,17,113.289989,23.392788
,17,113.289957,23.392719
,17,113.290197,23.393601
,17,113.290205,23.393521
,17,113.290246,23.393461
,17,113.290307,23.393439
,18,113.289927,23.392359
,18,113.290009,23.392328
,18,113.290091,23.392328
,18,113.290160,23.392362
,18,113.290199,23.392433
,18,113.289955,23.391574
,18,113.289942,23.391643
,18,113.289908,23.391708
,18,113.289832,23.391738
,18,113.289755,23.391735
,18,113.289693,23.391708
,18,113.289660,23.391635
,18,113.289898,23.392490
,18,113.289897,23.392416
,18,113.289927,23.392359
,19,113.289130,23.389398
,19,113.289194,23.389364
,19,113.289275,23.389367
,19,113.289344,23.389398
,19,113.289389,23.389473
,19,113.289162,23.388585
,19,113.289156,23.388674
,19,113.289105,23.388741
,19,113.289038,23.388765
,19,113.288952,23.388760
,19,113.288887,23.388733
,19,113.288853,23.388650
,19,113.289082,23.389520
,19,113.289090,23.389451
,19,113.289130,23.389398
,20,113.288662,23.387626
,20,113.288732,23.387586
,20,113.288820,23.387594
,20,113.288885,23.387634
,20,113.288920,23.387704
,20,113.288680,23.386824
,20,113.288680,23.386899
,20,113.288646,23.386969
,20,113.288576,23.387008
,20,113.288494,23.387004
,20,113.288416,23.386969
,20,113.288388,23.386894
,20,113.288619,23.387760
,20,113.288624,23.387688
,20,113.288662,23.387626
,21,113.288027,23.385020
,21,113.288116,23.385017
,21,113.288187,23.385053
,21,113.288212,23.385106
,21,113.287989,23.384241
,21,113.287989,23.384242
,21,113.287976,23.384321
,21,113.287946,23.384378
,21,113.287886,23.384414
,21,113.287791,23.384420
,21,113.287728,23.384380
,21,113.287692,23.384313
,21,113.287917,23.385187
,21,113.287923,23.385125
,21,113.287955,23.385056
,21,113.288027,23.385020
,22,113.287231,23.382303
,22,113.287296,23.382273
,22,113.287395,23.382277
,22,113.287463,23.382315
,22,113.287514,23.382406
,22,113.287242,23.381546
,22,113.287239,23.381571
,22,113.287233,23.381596
,22,113.287222,23.381618
,22,113.287208,23.381639
,22,113.287190,23.381657
,22,113.287169,23.381672
,22,113.287146,23.381682
,22,113.287122,23.381689
,22,113.287096,23.381691
,22,113.287072,23.381689
,22,113.287047,23.381682
,22,113.287024,23.381672
,22,113.287004,23.381657
,22,113.286986,23.381639
,22,113.286971,23.381618
,22,113.286960,23.381596
,22,113.287187,23.382439
,22,113.287193,23.382362
,22,113.287231,23.382303
,23,113.287072,23.381403
,23,113.287096,23.381401
,23,113.287122,23.381403
,23,113.287146,23.381410
,23,113.287169,23.381420
,23,113.287190,23.381435
,23,113.287208,23.381453
,23,113.287222,23.381474
,23,113.287233,23.381496
,23,113.287239,23.381521
,23,113.287004,23.380623
,23,113.286999,23.380727
,23,113.286959,23.380783
,23,113.286880,23.380811
,23,113.286808,23.380807
,23,113.286745,23.380769
,23,113.286699,23.380686
,23,113.286954,23.381571
,23,113.286952,23.381546
,23,113.286954,23.381521
,23,113.286960,23.381496
,23,113.286971,23.381474
,23,113.286986,23.381453
,23,113.287004,23.381435
,23,113.287024,23.381420
,23,113.287047,23.381410
,23,113.287072,23.381403
,24,113.286298,23.378782
,24,113.286365,23.378763
,24,113.286450,23.378765
,24,113.286501,23.378796
,24,113.286542,23.378867
,24,113.286292,23.378011
,24,113.286290,23.378073
,24,113.286253,23.378138
,24,113.286195,23.378165
,24,113.286135,23.378172
,24,113.286075,23.378158
,24,113.286034,23.378128
,24,113.286006,23.378071
,24,113.286247,23.378931
,24,113.286240,23.378882
,24,113.286254,23.378828
,24,113.286298,23.378782
,25,113.286437,23.376595
,25,113.286332,23.376192
,25,113.283762,23.376816
,25,113.283950,23.377514
,25,113.283966,23.377510
,25,113.283957,23.377421
,25,113.283964,23.377370
,25,113.283997,23.377299
,25,113.284041,23.377243
,25,113.284103,23.377202
,25,113.284966,23.377005
,25,113.285807,23.376770
,25,113.286437,23.376595
,26,113.293326,23.407800
,26,113.294122,23.407569
,26,113.294106,23.407573
,26,113.294083,23.407576
,26,113.294059,23.407573
,26,113.294037,23.407567
,26,113.294015,23.407557
,26,113.293996,23.407544
,26,113.293980,23.407527
,26,113.293966,23.407508
,26,113.293956,23.407487
,26,113.293950,23.407464
,26,113.293950,23.407463
,26,113.293727,23.406602
,26,113.293673,23.406408
,26,113.293408,23.405536
,26,113.293207,23.404988
,26,113.293075,23.404504
,26,113.292959,23.403836
,26,113.292734,23.402972
,26,113.292640,23.402725
,26,113.292603,23.402428
,26,113.292512,23.402386
,26,113.292372,23.401830
,26,113.292323,23.401451
,26,113.292079,23.400591
,26,113.291826,23.399964
,26,113.291753,23.399645
,26,113.291658,23.399001
,26,113.291425,23.398122
,26,113.291206,23.397542
,26,113.291010,23.396867
,26,113.290892,23.396205
,26,113.290658,23.395341
,26,113.290197,23.393601
,26,113.289957,23.392719
,26,113.289898,23.392490
,26,113.289660,23.391635
,26,113.289398,23.390974
,26,113.289194,23.390210
,26,113.289082,23.389520
,26,113.288853,23.388650
,26,113.288619,23.387760
,26,113.288388,23.386894
,26,113.288136,23.386289
,26,113.288037,23.385897
,26,113.287917,23.385187
,26,113.287692,23.384313
,26,113.287431,23.383665
,26,113.287282,23.383123
,26,113.287187,23.382439
,26,113.286960,23.381596
,26,113.286954,23.381571
,26,113.286699,23.380686
,26,113.286471,23.380080
,26,113.286429,23.379932
,26,113.286343,23.379578
,26,113.286247,23.378931
,26,113.286006,23.378071
,26,113.285711,23.376996
,26,113.285711,23.376929
,26,113.285743,23.376887
,26,113.285822,23.376843
,26,113.285828,23.376843
,26,113.285807,23.376770
,26,113.284966,23.377005
,26,113.285020,23.377008
,26,113.285085,23.377028
,26,113.285129,23.377076
,26,113.285448,23.378216
,26,113.285680,23.379030
,26,113.285912,23.379641
,26,113.286267,23.380996
,26,113.286738,23.383016
,26,113.287031,23.383784
,26,113.287220,23.384521
,26,113.287697,23.386572
,26,113.287970,23.387265
,26,113.288165,23.387991
,26,113.288169,23.388009
,26,113.288170,23.388012
,26,113.288688,23.390196
,26,113.288855,23.390655
,26,113.289124,23.391537
,26,113.289541,23.393072
,26,113.289774,23.393928
,26,113.289787,23.393982
,26,113.289796,23.393982
,26,113.290521,23.396755
,26,113.290736,23.397444
,26,113.291424,23.400186
,26,113.291524,23.400462
,26,113.291661,23.400980
,26,113.292377,23.403663
,26,113.292469,23.403957
,26,113.292782,23.405070
,26,113.292866,23.405736
,26,113.293063,23.406450
,26,113.293092,23.406522
,26,113.293376,23.407587
,26,113.293400,23.407676
,26,113.293391,23.407746
,26,113.293326,23.407800
,27,113.293536,23.398641
,27,113.291918,23.392451
,27,113.291873,23.392461
,27,113.291819,23.392449
,27,113.291755,23.392436
,27,113.291703,23.392381
,27,113.291669,23.392313
,27,113.291649,23.392208
,27,113.291657,23.392129
,27,113.291689,23.392052
,27,113.291748,23.392004
,27,113.291801,23.392003
,27,113.290861,23.388404
,27,113.290735,23.388413
,27,113.290655,23.388389
,27,113.290601,23.388338
,27,113.290565,23.388236
,27,113.290352,23.387403
,27,113.290357,23.387333
,27,113.290386,23.387258
,27,113.290427,23.387221
,27,113.290490,23.387197
,27,113.290542,23.387185
,27,113.289259,23.382276
,27,113.289040,23.382307
,27,113.288975,23.382268
,27,113.288932,23.382185
,27,113.288912,23.382116
,27,113.288884,23.382016
,27,113.288887,23.381940
,27,113.288927,23.381877
,27,113.289035,23.381834
,27,113.288145,23.382076
,27,113.288237,23.382073
,27,113.288311,23.382112
,27,113.288336,23.382179
,27,113.288367,23.382261
,27,113.288586,23.382820
,27,113.288740,23.383389
,27,113.288859,23.384046
,27,113.289085,23.384920
,27,113.289326,23.385535
,27,113.289437,23.385986
,27,113.289553,23.386620
,27,113.289781,23.387497
,27,113.290010,23.388385
,27,113.290244,23.389252
,27,113.290510,23.389916
,27,113.290707,23.390706
,27,113.290816,23.391365
,27,113.291050,23.392231
,27,113.291118,23.392459
,27,113.291351,23.393315
,27,113.291550,23.393839
,27,113.291696,23.394359
,27,113.291803,23.395088
,27,113.291803,23.395099
,27,113.292055,23.395945
,27,113.292288,23.396548
,27,113.292476,23.397241
,27,113.292566,23.397872
,27,113.292878,23.398772
,27,113.292945,23.398777
,27,113.293536,23.398641
,27,113.289094,23.382532
,27,113.289159,23.382514
,27,113.289269,23.382924
,27,113.289246,23.382983
,27,113.289169,23.382957
,27,113.289126,23.382898
,27,113.289079,23.382727
,27,113.289040,23.382588
,27,113.289094,23.382532
,28,113.311814,23.409005
,28,113.311812,23.408996
,28,113.311790,23.409000
,28,113.311751,23.408997
,28,113.311716,23.408986
,28,113.311699,23.408968
,28,113.311688,23.408935
,28,113.311431,23.407924
,28,113.311168,23.406981
,28,113.310915,23.406340
,28,113.310667,23.405205
,28,113.310578,23.404536
,28,113.310374,23.403878
,28,113.310333,23.403867
,28,113.310294,23.403850
,28,113.310259,23.403827
,28,113.310228,23.403799
,28,113.310202,23.403766
,28,113.310182,23.403729
,28,113.310168,23.403689
,28,113.310162,23.403647
,28,113.310162,23.403605
,28,113.310168,23.403564
,28,113.310182,23.403524
,28,113.310202,23.403487
,28,113.310030,23.402779
,28,113.310054,23.402768
,28,113.309948,23.402523
,28,113.309917,23.402288
,28,113.309647,23.401359
,28,113.309441,23.400911
,28,113.309399,23.400563
,28,113.309380,23.400411
,28,113.309124,23.399453
,28,113.308869,23.398850
,28,113.308741,23.398410
,28,113.308657,23.397742
,28,113.308400,23.396804
,28,113.308116,23.396131
,28,113.308037,23.395448
,28,113.307775,23.394493
,28,113.307520,23.393883
,28,113.306625,23.390554
,28,113.306522,23.389876
,28,113.306262,23.388945
,28,113.306216,23.388771
,28,113.305963,23.387833
,28,113.305701,23.387176
,28,113.305505,23.386475
,28,113.305422,23.385820
,28,113.305167,23.384872
,28,113.305166,23.384866
,28,113.304944,23.384046
,28,113.304684,23.383101
,28,113.304418,23.382484
,28,113.304329,23.382124
,28,113.304237,23.381427
,28,113.303984,23.380495
,28,113.303717,23.379870
,28,113.303609,23.379451
,28,113.303511,23.378726
,28,113.303261,23.377792
,28,113.302972,23.376816
,28,113.302972,23.376764
,28,113.302990,23.376719
,28,113.302297,23.377679
,28,113.302342,23.377667
,28,113.302396,23.377672
,28,113.302426,23.377694
,28,113.302460,23.377749
,28,113.302517,23.377967
,28,113.302798,23.378926
,28,113.302802,23.378935
,28,113.303043,23.379529
,28,113.303165,23.380039
,28,113.303245,23.380644
,28,113.303527,23.381601
,28,113.303762,23.382210
,28,113.303867,23.382590
,28,113.303956,23.383258
,28,113.304203,23.384169
,28,113.304204,23.384171
,28,113.304211,23.384198
,28,113.304218,23.384227
,28,113.304435,23.385030
,28,113.304711,23.386001
,28,113.304965,23.386647
,28,113.305161,23.387371
,28,113.305249,23.388001
,28,113.305477,23.388889
,28,113.305478,23.388890
,28,113.305491,23.388943
,28,113.305533,23.389111
,28,113.305791,23.390056
,28,113.306034,23.390626
,28,113.306149,23.391037
,28,113.306238,23.391711
,28,113.306518,23.392680
,28,113.306772,23.393327
,28,113.306955,23.394053
,28,113.307037,23.394676
,28,113.307283,23.395609
,28,113.307562,23.396268
,28,113.307659,23.397011
,28,113.307648,23.397053
,28,113.307615,23.397084
,28,113.307567,23.397096
,28,113.307521,23.397093
,28,113.307483,23.397070
,28,113.307362,23.397195
,28,113.307538,23.397855
,28,113.307697,23.397903
,28,113.307710,23.397892
,28,113.307745,23.397860
,28,113.307791,23.397845
,28,113.307841,23.397845
,28,113.307874,23.397861
,28,113.307902,23.397902
,28,113.308160,23.398506
,28,113.308281,23.398954
,28,113.308382,23.399657
,28,113.308369,23.399708
,28,113.308336,23.399746
,28,113.308291,23.399757
,28,113.308246,23.399755
,28,113.308203,23.399732
,28,113.308088,23.399855
,28,113.308266,23.400515
,28,113.308426,23.400575
,28,113.308459,23.400526
,28,113.308500,23.400506
,28,113.308555,23.400504
,28,113.308593,23.400523
,28,113.308623,23.400552
,28,113.308836,23.401046
,28,113.308907,23.401579
,28,113.308890,23.401613
,28,113.308864,23.401640
,28,113.308820,23.401654
,28,113.308776,23.401653
,28,113.308721,23.401635
,28,113.308609,23.401747
,28,113.308798,23.402460
,28,113.308882,23.402511
,28,113.308964,23.402445
,28,113.309002,23.402407
,28,113.309038,23.402393
,28,113.309077,23.402391
,28,113.309106,23.402397
,28,113.309131,23.402410
,28,113.309149,23.402433
,28,113.309262,23.402701
,28,113.309275,23.402810
,28,113.309294,23.402961
,28,113.309324,23.402954
,28,113.309627,23.403822
,28,113.309644,23.403921
,28,113.309863,23.404564
,28,113.309900,23.404639
,28,113.309993,23.404831
,28,113.310028,23.404979
,28,113.310365,23.406396
,28,113.310522,23.407139
,28,113.310838,23.408363
,28,113.311029,23.409044
,28,113.311044,23.409107
,28,113.311044,23.409176
,28,113.311044,23.409178
,28,113.311814,23.409005
,29,113.291785,23.395869
,29,113.291861,23.395836
,29,113.291935,23.395836
,29,113.292007,23.395880
,29,113.292055,23.395945
,29,113.291803,23.395099
,29,113.291806,23.395168
,29,113.291766,23.395226
,29,113.291692,23.395260
,29,113.291616,23.395260
,29,113.291555,23.395218
,29,113.291505,23.395158
,29,113.291755,23.396016
,29,113.291748,23.395940
,29,113.291785,23.395869
,30,113.291095,23.393248
,30,113.291152,23.393220
,30,113.291237,23.393220
,30,113.291298,23.393248
,30,113.291351,23.393315
,30,113.291118,23.392459
,30,113.291124,23.392538
,30,113.291076,23.392607
,30,113.290993,23.392639
,30,113.290910,23.392637
,30,113.290849,23.392593
,30,113.290807,23.392518
,30,113.291043,23.393395
,30,113.291050,23.393315
,30,113.291095,23.393248
,31,113.290803,23.392160
,31,113.290870,23.392132
,31,113.290938,23.392138
,31,113.291009,23.392170
,31,113.291050,23.392231
,31,113.290816,23.391365
,31,113.290820,23.391448
,31,113.290783,23.391513
,31,113.290709,23.391557
,31,113.290619,23.391557
,31,113.290565,23.391515
,31,113.290512,23.391426
,31,113.290748,23.392299
,31,113.290754,23.392219
,31,113.290803,23.392160
,32,113.289971,23.389178
,32,113.290054,23.389148
,32,113.290130,23.389150
,32,113.290194,23.389189
,32,113.290244,23.389252
,32,113.290010,23.388385
,32,113.290011,23.388473
,32,113.289975,23.388537
,32,113.289894,23.388572
,32,113.289805,23.388571
,32,113.289737,23.388531
,32,113.289701,23.388461
,32,113.289927,23.389324
,32,113.289936,23.389249
,32,113.289971,23.389178
,33,113.289513,23.387414
,33,113.289591,23.387381
,33,113.289671,23.387381
,33,113.289741,23.387424
,33,113.289781,23.387497
,33,113.289553,23.386620
,33,113.289553,23.386694
,33,113.289508,23.386761
,33,113.289430,23.386801
,33,113.289343,23.386797
,33,113.289283,23.386759
,33,113.289241,23.386694
,33,113.289465,23.387564
,33,113.289475,23.387482
,33,113.289513,23.387414
,34,113.288886,23.384820
,34,113.288980,23.384809
,34,113.289040,23.384847
,34,113.289085,23.384920
,34,113.288859,23.384046
,34,113.288862,23.384113
,34,113.288827,23.384183
,34,113.288740,23.384220
,34,113.288651,23.384218
,34,113.288599,23.384185
,34,113.288550,23.384113
,34,113.288770,23.384991
,34,113.288777,23.384922
,34,113.288809,23.384862
,34,113.288886,23.384820
,35,113.292627,23.398700
,35,113.292660,23.398694
,35,113.292694,23.398696
,35,113.292727,23.398727
,35,113.292735,23.398760
,35,113.292878,23.398772
,35,113.292566,23.397872
,35,113.292572,23.397944
,35,113.292533,23.398004
,35,113.292461,23.398040
,35,113.292378,23.398040
,35,113.292314,23.398009
,35,113.292264,23.397930
,35,113.292611,23.398876
,35,113.292595,23.398749
,35,113.292602,23.398721
,35,113.292627,23.398700
,36,113.288662,23.381228
,36,113.288640,23.381143
,36,113.288636,23.381072
,36,113.288678,23.381010
,36,113.288760,23.380974
,36,113.287895,23.381207
,36,113.287918,23.381201
,36,113.287942,23.381199
,36,113.287967,23.381201
,36,113.287991,23.381207
,36,113.288013,23.381218
,36,113.288033,23.381232
,36,113.288050,23.381249
,36,113.288064,23.381269
,36,113.288074,23.381292
,36,113.288081,23.381315
,36,113.288082,23.381339
,36,113.288080,23.381364
,36,113.288074,23.381388
,36,113.288064,23.381410
,36,113.288050,23.381430
,36,113.288032,23.381447
,36,113.288012,23.381461
,36,113.287990,23.381471
,36,113.287967,23.381478
,36,113.287997,23.381471
,36,113.288847,23.381328
,36,113.288771,23.381323
,36,113.288724,23.381302
,36,113.288703,23.381294
,36,113.288662,23.381228
,37,113.305663,23.375589
,37,113.305387,23.374511
,37,113.304685,23.374684
,37,113.304889,23.375456
,37,113.304960,23.375743
,37,113.305663,23.375589
,38,113.311639,23.407882
,38,113.311379,23.406935
,38,113.311385,23.406979
,38,113.311373,23.407019
,38,113.311344,23.407038
,38,113.311305,23.407048
,38,113.311255,23.407052
,38,113.311217,23.407039
,38,113.311190,23.407015
,38,113.311168,23.406981
,38,113.311431,23.407924
,38,113.311421,23.407887
,38,113.311436,23.407845
,38,113.311467,23.407808
,38,113.311507,23.407796
,38,113.311557,23.407798
,38,113.311602,23.407815
,38,113.311623,23.407844
,38,113.311639,23.407882
,39,113.312471,23.407536
,39,113.313249,23.407345
,39,113.313318,23.407346
,39,113.313396,23.407371
,39,113.313444,23.407415
,39,113.313488,23.407491
,39,113.313553,23.407472
,39,113.313268,23.406410
,39,113.313186,23.406433
,39,113.313189,23.406493
,39,113.313169,23.406562
,39,113.313117,23.406626
,39,113.313045,23.406669
,39,113.312265,23.406866
,39,113.312217,23.406863
,39,113.312175,23.406850
,39,113.312139,23.406812
,39,113.312376,23.407666
,39,113.312374,23.407618
,39,113.312386,23.407580
,39,113.312427,23.407550
,39,113.312471,23.407536
,40,113.311826,23.409755
,40,113.311916,23.409656
,40,113.314004,23.409153
,40,113.313864,23.408632
,40,113.313783,23.408329
,40,113.313707,23.408345
,40,113.313716,23.408389
,40,113.313710,23.408438
,40,113.313688,23.408497
,40,113.313650,23.408543
,40,113.313584,23.408591
,40,113.313546,23.408599
,40,113.312778,23.408789
,40,113.311814,23.409005
,40,113.311044,23.409178
,40,113.311013,23.409241
,40,113.310968,23.409292
,40,113.310911,23.409327
,40,113.310077,23.409498
,40,113.310094,23.409574
,40,113.309819,23.409636
,40,113.309835,23.409730
,40,113.309873,23.409721
,40,113.309987,23.410179
,40,113.311826,23.409755
,41,113.310784,23.404502
,41,113.310603,23.403799
,41,113.310572,23.403827
,41,113.310537,23.403850
,41,113.310498,23.403867
,41,113.310458,23.403878
,41,113.310415,23.403881
,41,113.310374,23.403878
,41,113.310578,23.404536
,41,113.310579,23.404467
,41,113.310602,23.404429
,41,113.310643,23.404413
,41,113.310690,23.404412
,41,113.310727,23.404427
,41,113.310753,23.404447
,41,113.310784,23.404502
,42,113.311193,23.402346
,42,113.311661,23.400589
,42,113.311703,23.400579
,42,113.311131,23.398473
,42,113.311037,23.398501
,42,113.311103,23.398897
,42,113.311152,23.399184
,42,113.311159,23.399460
,42,113.311154,23.399787
,42,113.311112,23.400209
,42,113.311020,23.400618
,42,113.310950,23.400800
,42,113.310832,23.401108
,42,113.310791,23.401179
,42,113.310733,23.401207
,42,113.310671,23.401200
,42,113.310622,23.401174
,42,113.310594,23.401133
,42,113.311114,23.403257
,42,113.311095,23.403018
,42,113.311111,23.402760
,42,113.311112,23.402736
,42,113.311158,23.402518
,42,113.311193,23.402346
,43,113.309627,23.403822
,43,113.309324,23.402954
,43,113.309324,23.403017
,43,113.309304,23.403057
,43,113.309231,23.403090
,43,113.309136,23.403098
,43,113.309109,23.403220
,43,113.300819,23.405151
,43,113.294926,23.406499
,43,113.294806,23.406426
,43,113.294706,23.406438
,43,113.294661,23.406423
,43,113.294625,23.406357
,43,113.294811,23.407267
,43,113.294883,23.407252
,43,113.294881,23.407226
,43,113.294899,23.407176
,43,113.294938,23.407143
,43,113.295708,23.406875
,43,113.308678,23.403860
,43,113.309409,23.403772
,43,113.309495,23.403777
,43,113.309533,23.403798
,43,113.309559,23.403834
,43,113.309627,23.403822
,44,113.310458,23.403375
,44,113.310278,23.402779
,44,113.310267,23.402808
,44,113.310232,23.402840
,44,113.310180,23.402863
,44,113.310129,23.402863
,44,113.310084,23.402846
,44,113.310043,23.402808
,44,113.310030,23.402779
,44,113.310202,23.403487
,44,113.310228,23.403454
,44,113.310259,23.403425
,44,113.310294,23.403402
,44,113.310333,23.403385
,44,113.310374,23.403375
,44,113.310415,23.403371
,44,113.310458,23.403375
,45,113.310129,23.402243
,45,113.309856,23.401306
,45,113.309859,23.401368
,45,113.309838,23.401406
,45,113.309806,23.401433
,45,113.309770,23.401441
,45,113.309726,23.401437
,45,113.309682,23.401416
,45,113.309647,23.401359
,45,113.309917,23.402288
,45,113.309917,23.402224
,45,113.309942,23.402187
,45,113.309985,23.402162
,45,113.310046,23.402158
,45,113.310095,23.402184
,45,113.310129,23.402243
,46,113.309590,23.400378
,46,113.309325,23.399412
,46,113.309331,23.399459
,46,113.309315,23.399506
,46,113.309280,23.399536
,46,113.309247,23.399543
,46,113.309198,23.399542
,46,113.309159,23.399520
,46,113.309135,23.399487
,46,113.309124,23.399453
,46,113.309380,23.400411
,46,113.309374,23.400354
,46,113.309396,23.400316
,46,113.309437,23.400293
,46,113.309482,23.400286
,46,113.309533,23.400304
,46,113.309566,23.400329
,46,113.309590,23.400378
,47,113.308870,23.397708
,47,113.308601,23.396736
,47,113.308596,23.396804
,47,113.308579,23.396847
,47,113.308543,23.396872
,47,113.308489,23.396878
,47,113.308429,23.396855
,47,113.308400,23.396804
,47,113.308657,23.397742
,47,113.308657,23.397688
,47,113.308674,23.397646
,47,113.308715,23.397616
,47,113.308758,23.397609
,47,113.308797,23.397614
,47,113.308833,23.397633
,47,113.308859,23.397671
,47,113.308870,23.397708
,48,113.307115,23.395558
,48,113.307167,23.395536
,48,113.307217,23.395536
,48,113.307258,23.395549
,48,113.307283,23.395609
,48,113.307037,23.394676
,48,113.307029,23.394747
,48,113.307008,23.394773
,48,113.306964,23.394791
,48,113.306900,23.394794
,48,113.306854,23.394774
,48,113.306823,23.394720
,48,113.307084,23.395656
,48,113.307091,23.395599
,48,113.307115,23.395558
,49,113.308246,23.395409
,49,113.307987,23.394438
,49,113.307993,23.394492
,49,113.307964,23.394540
,49,113.307922,23.394569
,49,113.307861,23.394573
,49,113.307803,23.394547
,49,113.307775,23.394493
,49,113.308037,23.395448
,49,113.308041,23.395376
,49,113.308060,23.395340
,49,113.308117,23.395314
,49,113.308171,23.395318
,49,113.308214,23.395357
,49,113.308246,23.395409
,50,113.306361,23.392586
,50,113.306434,23.392584
,50,113.306487,23.392610
,50,113.306518,23.392680
,50,113.306238,23.391711
,50,113.306247,23.391774
,50,113.306220,23.391821
,50,113.306166,23.391849
,50,113.306095,23.391849
,50,113.306050,23.391827
,50,113.306026,23.391766
,50,113.306280,23.392710
,50,113.306284,23.392651
,50,113.306305,23.392613
,50,113.306361,23.392586
,51,113.310396,23.398276
,51,113.310578,23.397634
,51,113.310714,23.397084
,51,113.310751,23.397072
,51,113.310175,23.394949
,51,113.310059,23.394973
,51,113.310148,23.395330
,51,113.310181,23.395639
,51,113.310194,23.396079
,51,113.310175,23.396469
,51,113.310159,23.396771
,51,113.310074,23.397097
,51,113.309874,23.397610
,51,113.309843,23.397658
,51,113.309804,23.397679
,51,113.309767,23.397690
,51,113.309718,23.397688
,51,113.309671,23.397668
,51,113.309652,23.397635
,51,113.309634,23.397593
,51,113.310127,23.399732
,51,113.310117,23.399605
,51,113.310117,23.399433
,51,113.310154,23.399185
,51,113.310194,23.399035
,51,113.310396,23.398276
,52,113.311038,23.398131
,52,113.310886,23.397571
,52,113.310578,23.397634
,52,113.310396,23.398276
,52,113.311038,23.398131
,53,113.309150,23.395521
,53,113.309713,23.393439
,53,113.309762,23.393429
,53,113.309210,23.391397
,53,113.309268,23.391837
,53,113.309300,23.392081
,53,113.309320,23.392447
,53,113.309315,23.392810
,53,113.309303,23.393060
,53,113.309244,23.393404
,53,113.309190,23.393620
,53,113.308990,23.394223
,53,113.308965,23.394281
,53,113.308929,23.394323
,53,113.308878,23.394346
,53,113.308813,23.394360
,53,113.308741,23.394352
,53,113.308682,23.394322
,53,113.308642,23.394284
,53,113.308613,23.394225
,53,113.309101,23.396035
,53,113.309112,23.395806
,53,113.309150,23.395521
,54,113.309184,23.391300
,54,113.308711,23.389559
,54,113.308681,23.389566
,54,113.307146,23.388016
,54,113.307075,23.387945
,54,113.307009,23.387878
,54,113.306949,23.387805
,54,113.306903,23.387747
,54,113.306846,23.387663
,54,113.306803,23.387584
,54,113.306770,23.387508
,54,113.307297,23.389360
,54,113.307291,23.389293
,54,113.307309,23.389237
,54,113.307350,23.389176
,54,113.307403,23.389156
,54,113.307457,23.389136
,54,113.307524,23.389141
,54,113.307578,23.389145
,54,113.307647,23.389179
,54,113.307987,23.389491
,54,113.308431,23.389992
,54,113.308777,23.390500
,54,113.308969,23.390916
,54,113.309184,23.391300
,55,113.308294,23.388021
,55,113.307715,23.385890
,55,113.307684,23.385899
,55,113.306346,23.384549
,55,113.306121,23.384295
,55,113.305996,23.384132
,55,113.305877,23.383939
,55,113.306474,23.385951
,55,113.306467,23.385886
,55,113.306480,23.385840
,55,113.306510,23.385803
,55,113.306557,23.385782
,55,113.306629,23.385782
,55,113.306694,23.385827
,55,113.307124,23.386196
,55,113.307335,23.386427
,55,113.307524,23.386668
,55,113.307699,23.386929
,55,113.307893,23.387275
,55,113.308026,23.387563
,55,113.308147,23.387931
,55,113.308185,23.388048
,55,113.308294,23.388021
,56,113.305633,23.389974
,56,113.305702,23.389967
,56,113.305758,23.389991
,56,113.305791,23.390056
,56,113.305533,23.389111
,56,113.305532,23.389168
,56,113.305509,23.389206
,56,113.305469,23.389233
,56,113.305414,23.389248
,56,113.305363,23.389234
,56,113.305327,23.389202
,56,113.305312,23.389151
,56,113.305560,23.390078
,56,113.305583,23.390006
,56,113.305633,23.389974
,57,113.306738,23.389846
,57,113.306473,23.388898
,57,113.306473,23.388938
,57,113.306459,23.388990
,57,113.306432,23.389016
,57,113.306400,23.389025
,57,113.306346,23.389028
,57,113.306313,23.389016
,57,113.306281,23.388989
,57,113.306262,23.388945
,57,113.306522,23.389876
,57,113.306513,23.389816
,57,113.306538,23.389761
,57,113.306588,23.389736
,57,113.306658,23.389740
,57,113.306702,23.389766
,57,113.306724,23.389797
,57,113.306738,23.389846
,58,113.305346,23.388851
,58,113.305396,23.388844
,58,113.305443,23.388856
,58,113.305477,23.388889
,58,113.305249,23.388001
,58,113.305238,23.388070
,58,113.305205,23.388110
,58,113.305152,23.388126
,58,113.305092,23.388122
,58,113.305054,23.388101
,58,113.305014,23.388038
,58,113.305273,23.389002
,58,113.305270,23.388961
,58,113.305286,23.388910
,58,113.305308,23.388871
,58,113.305346,23.388851
,59,113.306433,23.388736
,59,113.306182,23.387767
,59,113.306191,23.387827
,59,113.306167,23.387885
,59,113.306126,23.387917
,59,113.306084,23.387927
,59,113.306028,23.387917
,59,113.305990,23.387892
,59,113.305963,23.387833
,59,113.306216,23.388771
,59,113.306213,23.388729
,59,113.306223,23.388692
,59,113.306260,23.388658
,59,113.306311,23.388643
,59,113.306352,23.388644
,59,113.306392,23.388664
,59,113.306413,23.388701
,59,113.306433,23.388736
,60,113.304513,23.385882
,60,113.304589,23.385875
,60,113.304649,23.385894
,60,113.304680,23.385949
,60,113.304711,23.386001
,60,113.304435,23.385030
,60,113.304439,23.385100
,60,113.304402,23.385148
,60,113.304352,23.385168
,60,113.304286,23.385168
,60,113.304243,23.385152
,60,113.304222,23.385123
,60,113.304210,23.385085
,60,113.304459,23.386031
,60,113.304449,23.385967
,60,113.304471,23.385919
,60,113.304513,23.385882
,61,113.305644,23.385794
,61,113.305385,23.384802
,61,113.305379,23.384868
,61,113.305351,23.384919
,61,113.305301,23.384943
,61,113.305244,23.384943
,61,113.305201,23.384928
,61,113.305180,23.384905
,61,113.305167,23.384872
,61,113.305422,23.385820
,61,113.305425,23.385745
,61,113.305441,23.385696
,61,113.305505,23.385666
,61,113.305578,23.385675
,61,113.305620,23.385722
,61,113.305644,23.385794
,62,113.304032,23.384149
,62,113.304082,23.384119
,62,113.304129,23.384119
,62,113.304179,23.384142
,62,113.304203,23.384169
,62,113.303956,23.383258
,62,113.303952,23.383320
,62,113.303930,23.383369
,62,113.303890,23.383394
,62,113.303842,23.383400
,62,113.303794,23.383394
,62,113.303755,23.383361
,62,113.303738,23.383310
,62,113.304005,23.384252
,62,113.304005,23.384192
,62,113.304032,23.384149
,63,113.305166,23.384011
,63,113.304909,23.383048
,63,113.304901,23.383104
,63,113.304878,23.383150
,63,113.304837,23.383177
,63,113.304783,23.383185
,63,113.304733,23.383165
,63,113.304704,23.383137
,63,113.304684,23.383101
,63,113.304944,23.384046
,63,113.304944,23.383982
,63,113.304964,23.383927
,63,113.305024,23.383897
,63,113.305083,23.383903
,63,113.305130,23.383922
,63,113.305146,23.383963
,63,113.305166,23.384011
,64,113.307339,23.384505
,64,113.306777,23.382434
,64,113.306757,23.382438
,64,113.305462,23.381131
,64,113.305307,23.380953
,64,113.305148,23.380770
,64,113.305014,23.380576
,64,113.304919,23.380409
,64,113.304819,23.380179
,64,113.305521,23.382440
,64,113.305531,23.382364
,64,113.305568,23.382311
,64,113.305616,23.382287
,64,113.305698,23.382271
,64,113.305763,23.382293
,64,113.306199,23.382718
,64,113.306563,23.383160
,64,113.306871,23.383643
,64,113.307088,23.384086
,64,113.307241,23.384524
,64,113.307339,23.384505
,65,113.305294,23.378180
,65,113.305385,23.378176
,65,113.305487,23.378215
,65,113.305540,23.378280
,65,113.305563,23.378345
,65,113.305660,23.378321
,65,113.305363,23.377227
,65,113.305275,23.377245
,65,113.305276,23.377335
,65,113.305256,23.377387
,65,113.305205,23.377457
,65,113.305137,23.377501
,65,113.304349,23.377680
,65,113.304274,23.377675
,65,113.304229,23.377644
,65,113.304191,23.377593
,65,113.304452,23.378489
,65,113.304462,23.378410
,65,113.304506,23.378366
,65,113.305294,23.378180
,66,113.303342,23.381514
,66,113.303387,23.381508
,66,113.303454,23.381514
,66,113.303489,23.381538
,66,113.303527,23.381601
,66,113.303245,23.380644
,66,113.303253,23.380700
,66,113.303238,23.380749
,66,113.303197,23.380773
,66,113.303139,23.380788
,66,113.303094,23.380786
,66,113.303062,23.380765
,66,113.303044,23.380735
,66,113.303032,23.380703
,66,113.303286,23.381641
,66,113.303288,23.381582
,66,113.303304,23.381545
,66,113.303342,23.381514
,67,113.304454,23.381378
,67,113.304195,23.380445
,67,113.304198,23.380495
,67,113.304180,23.380524
,67,113.304153,23.380548
,67,113.304122,23.380560
,67,113.304066,23.380567
,67,113.304024,23.380558
,67,113.303998,23.380533
,67,113.303984,23.380495
,67,113.304237,23.381427
,67,113.304240,23.381355
,67,113.304262,23.381308
,67,113.304301,23.381279
,67,113.304358,23.381275
,67,113.304416,23.381299
,67,113.304437,23.381343
,67,113.304454,23.381378
,68,113.302588,23.378820
,68,113.302636,23.378808
,68,113.302689,23.378816
,68,113.302739,23.378840
,68,113.302777,23.378876
,68,113.302798,23.378926
,68,113.302517,23.377967
,68,113.302515,23.378023
,68,113.302488,23.378069
,68,113.302444,23.378097
,68,113.302394,23.378102
,68,113.302354,23.378090
,68,113.302323,23.378068
,68,113.302301,23.378023
,68,113.302551,23.378962
,68,113.302543,23.378896
,68,113.302556,23.378853
,68,113.302588,23.378820
,69,113.303730,23.378678
,69,113.303480,23.377730
,69,113.303484,23.377789
,69,113.303466,23.377828
,69,113.303436,23.377855
,69,113.303399,23.377870
,69,113.303347,23.377872
,69,113.303295,23.377854
,69,113.303273,23.377829
,69,113.303261,23.377792
,69,113.303511,23.378726
,69,113.303513,23.378676
,69,113.303523,23.378642
,69,113.303543,23.378614
,69,113.303588,23.378594
,69,113.303643,23.378592
,69,113.303688,23.378615
,69,113.303714,23.378646
,69,113.303730,23.378678
,70,113.311377,23.406923
,70,113.311379,23.406935
,70,113.311383,23.406950
,70,113.311377,23.406923
,71,113.303953,23.376466
,71,113.303993,23.376441
,71,113.303066,23.376675
,71,113.303121,23.376675
,71,113.303164,23.376699
,71,113.303187,23.376733
,71,113.303211,23.376771
,71,113.303480,23.377730
,71,113.303730,23.378678
,71,113.304012,23.379356
,71,113.304123,23.379783
,71,113.304195,23.380445
,71,113.304454,23.381378
,71,113.304465,23.381401
,71,113.304724,23.382032
,71,113.304814,23.382401
,71,113.304909,23.383048
,71,113.305166,23.384011
,71,113.305385,23.384802
,71,113.305644,23.385794
,71,113.305905,23.386413
,71,113.306086,23.387093
,71,113.306182,23.387767
,71,113.306433,23.388736
,71,113.306473,23.388898
,71,113.306738,23.389846
,71,113.307015,23.390495
,71,113.307904,23.393799
,71,113.307987,23.394438
,71,113.308246,23.395409
,71,113.308517,23.396082
,71,113.308601,23.396736
,71,113.308870,23.397708
,71,113.309113,23.398311
,71,113.309245,23.398767
,71,113.309325,23.399412
,71,113.309590,23.400378
,71,113.309770,23.400805
,71,113.309856,23.401306
,71,113.310129,23.402243
,71,113.310278,23.402779
,71,113.310458,23.403375
,71,113.310498,23.403385
,71,113.310537,23.403402
,71,113.310572,23.403425
,71,113.310603,23.403454
,71,113.310629,23.403487
,71,113.310649,23.403524
,71,113.310662,23.403564
,71,113.310669,23.403601
,71,113.310670,23.403605
,71,113.310670,23.403647
,71,113.310662,23.403689
,71,113.310649,23.403729
,71,113.310629,23.403766
,71,113.310603,23.403799
,71,113.310784,23.404502
,71,113.311042,23.405116
,71,113.311292,23.406264
,71,113.311377,23.406923
,71,113.311383,23.406950
,71,113.311639,23.407882
,71,113.311889,23.408888
,71,113.311884,23.408923
,71,113.311867,23.408960
,71,113.311827,23.408993
,71,113.311812,23.408996
,71,113.311814,23.409005
,71,113.312778,23.408789
,71,113.312730,23.408789
,71,113.312695,23.408772
,71,113.312665,23.408741
,71,113.312652,23.408710
,71,113.312376,23.407666
,71,113.312139,23.406812
,71,113.311838,23.406099
,71,113.311585,23.405094
,71,113.311335,23.404101
,71,113.311176,23.403492
,71,113.311171,23.403475
,71,113.311114,23.403257
,71,113.310594,23.401133
,71,113.310580,23.401096
,71,113.310288,23.400440
,71,113.310185,23.400045
,71,113.310166,23.399972
,71,113.310138,23.399865
,71,113.310127,23.399732
,71,113.309634,23.397593
,71,113.309352,23.396961
,71,113.309101,23.396035
,71,113.308613,23.394225
,71,113.307297,23.389360
,71,113.306770,23.387508
,71,113.306769,23.387505
,71,113.306740,23.387422
,71,113.306720,23.387333
,71,113.306672,23.387047
,71,113.306552,23.386615
,71,113.306474,23.385951
,71,113.305877,23.383939
,71,113.305793,23.383730
,71,113.305733,23.383537
,71,113.305616,23.383108
,71,113.305521,23.382440
,71,113.304819,23.380179
,71,113.304710,23.379764
,71,113.304531,23.379150
,71,113.304452,23.378489
,71,113.304191,23.377593
,71,113.303934,23.376547
,71,113.303938,23.376502
,71,113.303953,23.376466
,72,113.296698,23.407511
,72,113.300862,23.406536
,72,113.303976,23.405838
,72,113.307038,23.405131
,72,113.307768,23.405029
,72,113.308569,23.404811
,72,113.309698,23.404512
,72,113.309713,23.404508
,72,113.309780,23.404510
,72,113.309820,23.404527
,72,113.309863,23.404564
,72,113.309644,23.403921
,72,113.309611,23.403979
,72,113.309533,23.404021
,72,113.308840,23.404260
,72,113.302608,23.405729
,72,113.296127,23.407229
,72,113.295451,23.407351
,72,113.294938,23.407418
,72,113.294882,23.407399
,72,113.294839,23.407380
,72,113.294818,23.407345
,72,113.295030,23.408079
,72,113.295041,23.408006
,72,113.295077,23.407949
,72,113.295158,23.407912
,72,113.295576,23.407780
,72,113.295852,23.407693
,72,113.296698,23.407511
,73,113.289574,23.381645
,73,113.292012,23.381080
,73,113.292429,23.380965
,73,113.294219,23.380581
,73,113.296427,23.380076
,73,113.298914,23.379486
,73,113.300227,23.379175
,73,113.301025,23.378986
,73,113.301679,23.378932
,73,113.301771,23.378942
,73,113.301831,23.378966
,73,113.301868,23.379021
,73,113.301884,23.379044
,73,113.301702,23.378338
,73,113.301679,23.378243
,73,113.301660,23.378319
,73,113.301619,23.378386
,73,113.301551,23.378418
,73,113.300779,23.378647
,73,113.294665,23.380073
,73,113.289570,23.381245
,73,113.288847,23.381328
,73,113.287997,23.381471
,73,113.287967,23.381478
,73,113.287942,23.381480
,73,113.287919,23.381478
,73,113.287897,23.381473
,73,113.287876,23.381464
,73,113.287857,23.381451
,73,113.287840,23.381436
,73,113.287843,23.381444
,73,113.288037,23.382254
,73,113.288035,23.382178
,73,113.288082,23.382108
,73,113.288145,23.382076
,73,113.289035,23.381834
,73,113.289574,23.381645
,74,113.305560,23.390078
,74,113.305312,23.389151
,74,113.305273,23.389002
,74,113.305014,23.388038
,74,113.304765,23.387465
,74,113.304562,23.386734
,74,113.304459,23.386031
,74,113.304210,23.385085
,74,113.304005,23.384252
,74,113.303738,23.383310
,74,113.303470,23.382659
,74,113.303375,23.382288
,74,113.303286,23.381641
,74,113.303032,23.380703
,74,113.302772,23.380094
,74,113.302636,23.379611
,74,113.302551,23.378962
,74,113.302301,23.378023
,74,113.302243,23.377802
,74,113.302243,23.377741
,74,113.302263,23.377706
,74,113.302297,23.377679
,74,113.301436,23.378058
,74,113.301522,23.378058
,74,113.301595,23.378095
,74,113.301652,23.378158
,74,113.301662,23.378189
,74,113.301671,23.378218
,74,113.301679,23.378243
,74,113.301702,23.378338
,74,113.301884,23.379044
,74,113.301992,23.379421
,74,113.302054,23.379701
,74,113.302214,23.380262
,74,113.303273,23.384399
,74,113.303523,23.385363
,74,113.304351,23.388997
,74,113.304370,23.388996
,74,113.304449,23.389011
,74,113.304529,23.389062
,74,113.304592,23.389150
,74,113.304633,23.389250
,74,113.304659,23.389370
,74,113.304646,23.389463
,74,113.304592,23.389527
,74,113.304520,23.389561
,74,113.304479,23.389561
,74,113.305666,23.394610
,74,113.305928,23.395724
,74,113.306133,23.396597
,74,113.307171,23.396356
,74,113.307084,23.395656
,74,113.306823,23.394720
,74,113.306567,23.394124
,74,113.306378,23.393400
,74,113.306280,23.392710
,74,113.306026,23.391766
,74,113.305758,23.391108
,74,113.305656,23.390687
,74,113.305560,23.390078
,75,113.289400,23.380771
,75,113.292147,23.380134
,75,113.300690,23.378152
,75,113.301436,23.378058
,75,113.302297,23.377679
,75,113.302990,23.376719
,75,113.303022,23.376688
,75,113.303066,23.376675
,75,113.303993,23.376441
,75,113.304814,23.376245
,75,113.304873,23.376242
,75,113.304948,23.376267
,75,113.305006,23.376330
,75,113.305040,23.376383
,75,113.305129,23.376365
,75,113.304960,23.375743
,75,113.304889,23.375456
,75,113.304773,23.375617
,75,113.302517,23.376147
,75,113.302340,23.376238
,75,113.302216,23.376357
,75,113.302156,23.376457
,75,113.302117,23.376522
,75,113.302026,23.376707
,75,113.301703,23.377234
,75,113.301553,23.377470
,75,113.300931,23.377699
,75,113.296910,23.378604
,75,113.291209,23.379934
,75,113.288529,23.380544
,75,113.287767,23.380653
,75,113.287680,23.380658
,75,113.287636,23.380625
,75,113.287576,23.380552
,75,113.287804,23.381314
,75,113.287810,23.381291
,75,113.287821,23.381268
,75,113.287835,23.381248
,75,113.287852,23.381231
,75,113.287872,23.381217
,75,113.287895,23.381207
,75,113.288760,23.380974
,75,113.289400,23.380771
,76,113.320161,23.402248
,76,113.319976,23.401570
,76,113.319922,23.401588
,76,113.319863,23.401596
,76,113.319800,23.401579
,76,113.319747,23.401520
,76,113.319530,23.400985
,76,113.318749,23.398170
,76,113.318665,23.397490
,76,113.318662,23.397441
,76,113.318672,23.397392
,76,113.318707,23.397354
,76,113.318746,23.397329
,76,113.317775,23.397601
,76,113.317813,23.397592
,76,113.317870,23.397599
,76,113.317906,23.397624
,76,113.317938,23.397702
,76,113.318205,23.398361
,76,113.318401,23.399086
,76,113.318475,23.399718
,76,113.318488,23.399715
,76,113.318752,23.400685
,76,113.318753,23.400686
,76,113.318999,23.401657
,76,113.318999,23.401661
,76,113.319003,23.401660
,76,113.319260,23.402615
,76,113.319259,23.402617
,76,113.319530,23.403269
,76,113.319817,23.404361
,76,113.319905,23.404980
,76,113.320169,23.405933
,76,113.320435,23.406911
,76,113.320428,23.406966
,76,113.320398,23.407012
,76,113.320359,23.407032
,76,113.321312,23.406833
,76,113.321253,23.406829
,76,113.321213,23.406803
,76,113.321178,23.406736
,76,113.320914,23.406130
,76,113.320592,23.404930
,76,113.320403,23.404284
,76,113.320094,23.403107
,76,113.320047,23.402786
,76,113.319988,23.402379
,76,113.320007,23.402315
,76,113.320051,23.402274
,76,113.320161,23.402248
,77,113.313630,23.400396
,77,113.313634,23.400457
,77,113.313615,23.400502
,77,113.313584,23.400530
,77,113.313527,23.400547
,77,113.313479,23.400544
,77,113.313417,23.400507
,77,113.312990,23.400151
,77,113.312627,23.399737
,77,113.312350,23.399303
,77,113.312084,23.398821
,77,113.311923,23.398301
,77,113.311829,23.398324
,77,113.312415,23.400487
,77,113.312473,23.400473
,77,113.313329,23.401361
,77,113.313857,23.401893
,77,113.314057,23.402125
,77,113.314203,23.402392
,77,113.313630,23.400396
,78,113.312344,23.397830
,78,113.311868,23.397331
,78,113.311578,23.397400
,78,113.311734,23.397977
,78,113.312344,23.397830
,79,113.312674,23.396888
,79,113.312684,23.396949
,79,113.312676,23.396986
,79,113.312640,23.397028
,79,113.312591,23.397043
,79,113.312532,23.397036
,79,113.312457,23.396991
,79,113.312051,23.396640
,79,113.311755,23.396325
,79,113.311494,23.395977
,79,113.311324,23.395680
,79,113.311131,23.395270
,79,113.310963,23.394782
,79,113.310874,23.394804
,79,113.311464,23.396982
,79,113.311517,23.396967
,79,113.311868,23.397331
,79,113.312344,23.397830
,79,113.312970,23.398454
,79,113.313145,23.398689
,79,113.313279,23.398944
,79,113.312674,23.396888
,80,113.311857,23.393460
,80,113.311860,23.393543
,80,113.311834,23.393619
,80,113.311766,23.393671
,80,113.311684,23.393697
,80,113.311589,23.393690
,80,113.311524,23.393631
,80,113.311319,23.393447
,80,113.311012,23.393170
,80,113.310720,23.392826
,80,113.310497,23.392546
,80,113.310294,23.392157
,80,113.310178,23.391934
,80,113.310081,23.391684
,80,113.310030,23.391691
,80,113.310462,23.393284
,80,113.310494,23.393278
,80,113.311053,23.393853
,80,113.311472,23.394285
,80,113.311946,23.394773
,80,113.312176,23.395021
,80,113.312277,23.395191
,80,113.312358,23.395396
,80,113.311857,23.393460
,81,113.310534,23.388604
,81,113.310044,23.386721
,81,113.310062,23.386895
,81,113.310042,23.387155
,81,113.309988,23.387352
,81,113.309434,23.389386
,81,113.309406,23.389391
,81,113.309839,23.390987
,81,113.309866,23.390983
,81,113.309832,23.390726
,81,113.309814,23.390240
,81,113.309844,23.389850
,81,113.309887,23.389479
,81,113.309927,23.389284
,81,113.310160,23.388591
,81,113.310206,23.388508
,81,113.310275,23.388476
,81,113.310361,23.388464
,81,113.310450,23.388474
,81,113.310513,23.388527
,81,113.310534,23.388604
,82,113.309521,23.385248
,82,113.309022,23.383191
,82,113.309027,23.383397
,82,113.309012,23.383635
,82,113.308956,23.383840
,82,113.308447,23.385704
,82,113.308408,23.385713
,82,113.308988,23.387852
,82,113.309097,23.387823
,82,113.309029,23.387568
,82,113.308974,23.387253
,82,113.308934,23.386722
,82,113.308965,23.386433
,82,113.309000,23.386103
,82,113.309050,23.385821
,82,113.309264,23.385253
,82,113.309285,23.385208
,82,113.309320,23.385173
,82,113.309369,23.385148
,82,113.309418,23.385147
,82,113.309464,23.385162
,82,113.309499,23.385196
,82,113.309521,23.385248
,83,113.308608,23.381718
,83,113.308041,23.380081
,83,113.308045,23.380171
,83,113.308037,23.380237
,83,113.307512,23.382170
,83,113.307451,23.382183
,83,113.308043,23.384364
,83,113.308122,23.384343
,83,113.308006,23.383716
,83,113.307991,23.383284
,83,113.308008,23.382925
,83,113.308075,23.382496
,83,113.308144,23.382215
,83,113.308330,23.381708
,83,113.308365,23.381661
,83,113.308403,23.381634
,83,113.308462,23.381623
,83,113.308532,23.381631
,83,113.308572,23.381660
,83,113.308608,23.381718
,84,113.307017,23.375843
,84,113.306761,23.374972
,84,113.306748,23.375035
,84,113.306701,23.375074
,84,113.305946,23.375359
,84,113.305619,23.375419
,84,113.305663,23.375589
,84,113.305836,23.376228
,84,113.305866,23.376221
,84,113.305891,23.376149
,84,113.305929,23.376086
,84,113.305974,23.376012
,84,113.306015,23.375975
,84,113.306105,23.375939
,84,113.306860,23.375760
,84,113.306943,23.375748
,84,113.306993,23.375784
,84,113.307017,23.375843
,85,113.315345,23.404196
,85,113.315262,23.403495
,85,113.315006,23.402580
,85,113.314800,23.402082
,85,113.314733,23.401582
,85,113.314487,23.400639
,85,113.314219,23.399949
,85,113.313812,23.398484
,85,113.313719,23.397711
,85,113.313729,23.397626
,85,113.313757,23.397564
,85,113.313816,23.397516
,85,113.313651,23.396919
,85,113.313548,23.396883
,85,113.313500,23.396833
,85,113.313465,23.396742
,85,113.313502,23.396402
,85,113.313109,23.395066
,85,113.313036,23.395070
,85,113.312980,23.395042
,85,113.312748,23.394482
,85,113.312618,23.394049
,85,113.312529,23.393614
,85,113.312513,23.393262
,85,113.312525,23.393068
,85,113.312571,23.392909
,85,113.312192,23.391543
,85,113.312136,23.391555
,85,113.312082,23.391545
,85,113.312043,23.391515
,85,113.311743,23.390834
,85,113.311477,23.389821
,85,113.311526,23.389493
,85,113.311594,23.389275
,85,113.311292,23.388200
,85,113.311214,23.388214
,85,113.311141,23.388210
,85,113.311071,23.388190
,85,113.311014,23.388137
,85,113.310881,23.387626
,85,113.310817,23.386939
,85,113.310827,23.386874
,85,113.310853,23.386810
,85,113.310915,23.386743
,85,113.310807,23.386189
,85,113.310708,23.386185
,85,113.310649,23.386165
,85,113.310587,23.386103
,85,113.310269,23.385434
,85,113.310142,23.384977
,85,113.310140,23.384902
,85,113.310176,23.384840
,85,113.310245,23.384793
,85,113.310333,23.384769
,85,113.310047,23.383690
,85,113.309832,23.383438
,85,113.309721,23.383287
,85,113.309646,23.383150
,85,113.309401,23.382167
,85,113.309325,23.381486
,85,113.309339,23.381454
,85,113.309369,23.381423
,85,113.309439,23.381386
,85,113.309103,23.380038
,85,113.308962,23.379861
,85,113.308808,23.379626
,85,113.308644,23.379260
,85,113.308473,23.378574
,85,113.308398,23.377940
,85,113.307588,23.374799
,85,113.307506,23.374767
,85,113.307261,23.374151
,85,113.307145,23.373781
,85,113.306555,23.373902
,85,113.306679,23.374335
,85,113.306761,23.374972
,85,113.307017,23.375843
,85,113.307254,23.376404
,85,113.307394,23.376931
,85,113.307926,23.378928
,85,113.307993,23.379564
,85,113.307985,23.379647
,85,113.307945,23.379734
,85,113.308041,23.380081
,85,113.308608,23.381718
,85,113.308709,23.382044
,85,113.308875,23.382456
,85,113.308979,23.382883
,85,113.309022,23.383191
,85,113.309521,23.385248
,85,113.309779,23.385875
,85,113.310044,23.386721
,85,113.310534,23.388604
,85,113.310740,23.389339
,85,113.310881,23.389915
,85,113.310978,23.390535
,85,113.311253,23.391608
,85,113.311504,23.392218
,85,113.311684,23.392850
,85,113.311857,23.393460
,85,113.312358,23.395396
,85,113.312593,23.396262
,85,113.312674,23.396888
,85,113.313279,23.398944
,85,113.313395,23.399235
,85,113.313532,23.399731
,85,113.313630,23.400396
,85,113.314203,23.402392
,85,113.314459,23.403607
,85,113.314604,23.403883
,85,113.314665,23.403866
,85,113.314851,23.404538
,85,113.315202,23.405604
,85,113.315472,23.406492
,85,113.315636,23.407288
,85,113.315706,23.408011
,85,113.315703,23.408074
,85,113.315658,23.408119
,85,113.316593,23.407913
,85,113.316536,23.407908
,85,113.316485,23.407888
,85,113.316454,23.407836
,85,113.316206,23.407212
,85,113.315345,23.404196
,86,113.317190,23.402194
,86,113.317131,23.402199
,86,113.317056,23.402171
,86,113.317006,23.402128
,86,113.316963,23.402047
,86,113.316861,23.402066
,86,113.316634,23.401238
,86,113.316733,23.401209
,86,113.316733,23.401122
,86,113.316762,23.401053
,86,113.316819,23.400996
,86,113.316902,23.400958
,86,113.315556,23.401268
,86,113.315649,23.401268
,86,113.315718,23.401286
,86,113.315779,23.401331
,86,113.315831,23.401400
,86,113.315930,23.401390
,86,113.316147,23.402227
,86,113.316060,23.402250
,86,113.316076,23.402313
,86,113.316047,23.402396
,86,113.315986,23.402455
,86,113.315924,23.402491
,86,113.317190,23.402194
,87,113.316695,23.400275
,87,113.316612,23.400272
,87,113.316542,23.400245
,87,113.316496,23.400209
,87,113.316459,23.400162
,87,113.316448,23.400122
,87,113.316347,23.400150
,87,113.315676,23.397706
,87,113.314967,23.397868
,87,113.315624,23.400305
,87,113.315525,23.400337
,87,113.315539,23.400383
,87,113.315535,23.400455
,87,113.315495,23.400516
,87,113.315417,23.400571
,87,113.316695,23.400275
,88,113.317325,23.402823
,88,113.318146,23.402717
,88,113.318237,23.402723
,88,113.318284,23.402743
,88,113.318315,23.402828
,88,113.318071,23.401877
,88,113.318076,23.401950
,88,113.318054,23.402000
,88,113.317983,23.402045
,88,113.317248,23.402190
,88,113.317190,23.402194
,88,113.315924,23.402491
,88,113.315166,23.402673
,88,113.315079,23.402673
,88,113.315032,23.402636
,88,113.315006,23.402580
,88,113.315262,23.403495
,88,113.315267,23.403426
,88,113.315298,23.403382
,88,113.315351,23.403351
,88,113.316119,23.403091
,88,113.317325,23.402823
,89,113.316902,23.400958
,89,113.317636,23.400783
,89,113.317733,23.400784
,89,113.317766,23.400824
,89,113.317803,23.400869
,89,113.317534,23.399945
,89,113.317533,23.400013
,89,113.317514,23.400061
,89,113.317467,23.400090
,89,113.316695,23.400275
,89,113.315417,23.400571
,89,113.314641,23.400748
,89,113.314568,23.400748
,89,113.314518,23.400718
,89,113.314487,23.400639
,89,113.314733,23.401582
,89,113.314748,23.401506
,89,113.314781,23.401459
,89,113.314833,23.401433
,89,113.315556,23.401268
,89,113.316902,23.400958
,90,113.319990,23.405857
,90,113.320040,23.405835
,90,113.320086,23.405837
,90,113.320133,23.405860
,90,113.320154,23.405903
,90,113.320169,23.405933
,90,113.319905,23.404980
,90,113.319903,23.405036
,90,113.319879,23.405080
,90,113.319837,23.405105
,90,113.319795,23.405108
,90,113.319756,23.405097
,90,113.319726,23.405072
,90,113.319699,23.405020
,90,113.319962,23.405979
,90,113.319962,23.405936
,90,113.319962,23.405895
,90,113.319990,23.405857
,91,113.319116,23.402535
,91,113.319161,23.402528
,91,113.319204,23.402538
,91,113.319240,23.402576
,91,113.319259,23.402617
,91,113.319259,23.402617
,91,113.319260,23.402615
,91,113.319003,23.401660
,91,113.318999,23.401661
,91,113.319002,23.401715
,91,113.318985,23.401755
,91,113.318949,23.401784
,91,113.318910,23.401793
,91,113.318868,23.401788
,91,113.318830,23.401771
,91,113.318799,23.401715
,91,113.319056,23.402667
,91,113.319057,23.402606
,91,113.319076,23.402559
,91,113.319116,23.402535
,92,113.318592,23.400601
,92,113.318639,23.400592
,92,113.318681,23.400598
,92,113.318715,23.400618
,92,113.318736,23.400656
,92,113.318752,23.400685
,92,113.318488,23.399715
,92,113.318475,23.399718
,92,113.318475,23.399719
,92,113.318475,23.399784
,92,113.318456,23.399824
,92,113.318422,23.399843
,92,113.318380,23.399850
,92,113.318351,23.399843
,92,113.318316,23.399818
,92,113.318283,23.399770
,92,113.318541,23.400718
,92,113.318542,23.400672
,92,113.318557,23.400630
,92,113.318592,23.400601
,93,113.320676,23.397048
,93,113.320449,23.396240
,93,113.316845,23.397048
,93,113.317449,23.399298
,93,113.317534,23.399945
,93,113.317803,23.400869
,93,113.318007,23.401392
,93,113.318071,23.401877
,93,113.318315,23.402828
,93,113.318569,23.403416
,93,113.318873,23.404528
,93,113.319202,23.405736
,93,113.319405,23.406480
,93,113.319499,23.407111
,93,113.319495,23.407196
,93,113.319463,23.407236
,93,113.320359,23.407032
,93,113.320314,23.407035
,93,113.320275,23.407024
,93,113.320246,23.407000
,93,113.320225,23.406946
,93,113.319962,23.405979
,93,113.319699,23.405020
,93,113.319436,23.404444
,93,113.319144,23.403360
,93,113.319056,23.402667
,93,113.318799,23.401715
,93,113.318541,23.400718
,93,113.318283,23.399770
,93,113.317999,23.399122
,93,113.317808,23.398380
,93,113.317720,23.397731
,93,113.317725,23.397670
,93,113.317741,23.397634
,93,113.317775,23.397601
,93,113.318746,23.397329
,93,113.319671,23.397114
,93,113.319674,23.397121
,93,113.319702,23.397120
,93,113.319726,23.397127
,93,113.319744,23.397143
,93,113.319755,23.397171
,93,113.319754,23.397192
,93,113.319742,23.397215
,93,113.319719,23.397231
,93,113.319664,23.397242
,93,113.319674,23.397288
,93,113.320676,23.397048
,94,113.314721,23.408992
,94,113.318662,23.408074
,94,113.318830,23.408034
,94,113.319039,23.407996
,94,113.319645,23.407942
,94,113.319691,23.407948
,94,113.319722,23.407970
,94,113.319764,23.408098
,94,113.320494,23.407948
,94,113.320475,23.407852
,94,113.320482,23.407805
,94,113.320515,23.407776
,94,113.320566,23.407756
,94,113.320614,23.407759
,94,113.320653,23.407778
,94,113.320685,23.407824
,94,113.320708,23.407899
,94,113.321459,23.407715
,94,113.321433,23.407612
,94,113.321438,23.407577
,94,113.321447,23.407552
,94,113.321464,23.407528
,94,113.322227,23.407244
,94,113.324440,23.406755
,94,113.324227,23.405954
,94,113.324111,23.405983
,94,113.324079,23.406101
,94,113.324022,23.406185
,94,113.323946,23.406226
,94,113.323303,23.406375
,94,113.323241,23.406391
,94,113.322240,23.406602
,94,113.322173,23.406626
,94,113.321312,23.406833
,94,113.320359,23.407032
,94,113.319463,23.407236
,94,113.319405,23.407260
,94,113.318747,23.407492
,94,113.317408,23.407817
,94,113.316593,23.407913
,94,113.315658,23.408119
,94,113.314881,23.408281
,94,113.314794,23.408284
,94,113.314716,23.408257
,94,113.314654,23.408208
,94,113.314619,23.408128
,94,113.314491,23.408142
,94,113.314721,23.408991
,94,113.314721,23.408992
,95,113.294317,23.408133
,95,113.294373,23.408129
,95,113.294387,23.408140
,95,113.294444,23.408185
,95,113.294510,23.408303
,95,113.294215,23.407417
,95,113.294218,23.407441
,95,113.294215,23.407464
,95,113.294209,23.407487
,95,113.294200,23.407508
,95,113.294186,23.407527
,95,113.294169,23.407544
,95,113.294150,23.407557
,95,113.294129,23.407567
,95,113.294122,23.407569
,95,113.293326,23.407800
,95,113.292431,23.407988
,95,113.292338,23.407974
,95,113.292266,23.407932
,95,113.292207,23.407864
,95,113.292165,23.407772
,95,113.292135,23.407779
,95,113.292322,23.408470
,95,113.294317,23.408133
,96,113.323098,23.406222
,96,113.323131,23.406181
,96,113.323181,23.406156
,96,113.323269,23.406136
,96,113.323226,23.405946
,96,113.322074,23.406180
,96,113.322083,23.406228
,96,113.322149,23.406220
,96,113.322190,23.406242
,96,113.322225,23.406286
,96,113.322290,23.406528
,96,113.322270,23.406570
,96,113.322240,23.406602
,96,113.323241,23.406391
,96,113.323180,23.406387
,96,113.323132,23.406364
,96,113.323101,23.406326
,96,113.323091,23.406276
,96,113.323098,23.406222
,97,113.292401,23.408595
,97,113.292504,23.408439
,97,113.292322,23.408470
,97,113.291740,23.408616
,97,113.292009,23.409595
,97,113.292577,23.409470
,97,113.292377,23.408737
,97,113.292373,23.408668
,97,113.292401,23.408595
