"FID_","ID","NAME","X","Y"
,1,"31",113.808164,22.651354
,2,"32",113.808491,22.650710
,3,"33",113.808745,22.650259
,4,"34",113.808998,22.649789
,5,"13",113.812385,22.649296
,6,"15",113.811814,22.649046
,7,"17",113.811102,22.648548
,8,"19",113.810486,22.648372
,9,"21",113.809857,22.647933
,10,"23",113.809891,22.647444
,11,"25",113.810089,22.647065
,12,"24",113.810562,22.646636
,13,"22",113.811116,22.646801
,14,"20",113.811656,22.647132
,15,"18",113.812237,22.647429
,16,"16",113.812757,22.647660
,17,"14",113.813263,22.647942
,18,"02",113.815157,22.645332
,19,"04",113.814524,22.644998
,20,"06",113.814004,22.644666
,21,"08",113.813397,22.644446
,22,"10",113.812932,22.644767
,23,"11",113.812741,22.645143
,24,"09",113.812581,22.645673
,25,"07",113.813146,22.646061
,26,"05",113.813603,22.646247
,27,"03",113.814102,22.646451
,28,"01",113.814516,22.646827
,29,"26",113.811550,22.645242
,30,"27",113.811357,22.644680
,31,"28",113.811977,22.644515
,32,"29",113.811754,22.643943
,33,"30",113.812333,22.643747
,34,"52",113.812920,22.642652
,35,"54",113.813166,22.642223
,36,"56",113.813405,22.641783
,37,"58",113.813665,22.641344
,38,"60",113.813907,22.640911
,39,"62",113.814124,22.640463
,40,"64",113.814382,22.640020
,41,"66",113.814666,22.639536
,42,"51",113.814304,22.643068
,43,"53",113.814637,22.642496
,44,"55",113.814937,22.641856
,45,"57",113.815279,22.641283
,46,"59",113.815635,22.640693
,47,"61",113.815932,22.640069
,48,"63",113.816247,22.639469
,49,"65",113.816569,22.638837
,50,"67",113.816939,22.638271
,51,"69",113.817235,22.637663
,52,"68",113.815297,22.638386
,53,"70",113.815578,22.637919
,54,"72",113.815819,22.637420
,55,"74",113.816112,22.636957
,56,"76",113.816371,22.636467
,57,"78",113.816646,22.636001
,58,"89",113.818083,22.636445
,59,"88",113.818516,22.636683
,60,"87",113.818951,22.636864
,61,"86",113.819384,22.637081
,62,"90",113.819260,22.634679
,63,"91",113.818910,22.634444
,64,"92",113.818530,22.634271
,65,"93",113.818171,22.634062
,66,"94",113.818807,22.633282
,67,"95",113.818931,22.632905
,68,"96",113.819138,22.632556
,69,"97",113.819295,22.632192
,70,"98",113.820383,22.632768
,71,"100",113.819873,22.633688
,72,"99",113.820151,22.633246
,73,"101",113.820613,22.632179
,74,"103",113.821079,22.631424
,75,"102",113.819560,22.630786
,76,"105",113.821362,22.630823
,77,"104",113.819783,22.630186
,78,"106",113.820006,22.629722
,79,"108",113.820333,22.629146
,80,"110",113.820550,22.628685
,81,"107",113.821782,22.630111
,82,"109",113.822115,22.629529
,83,"112",113.820864,22.628106
,84,"111",113.822542,22.628833
,85,"113",113.822672,22.628156
,86,"115",113.823186,22.627532
,87,"117",113.823311,22.626825
,88,"114",113.821835,22.626612
,89,"116",113.821966,22.626125
,90,"118",113.822383,22.625574
,91,"120",113.822588,22.625107
,92,"122",113.822909,22.624530
,93,"123",113.824606,22.624893
,94,"121",113.824023,22.625530
,95,"119",113.823876,22.626196
,96,"123B",113.824462,22.624688
,97,"123A",113.824210,22.625123
,98,"121B",113.824059,22.625410
,99,"121A",113.823820,22.625759
,100,"119B",113.823689,22.625950
,101,"117B",113.823377,22.626555
,102,"117A",113.823111,22.627035
,103,"115B",113.822958,22.627293
,104,"115A",113.822748,22.627691
,105,"113B",113.822601,22.627973
,106,"113A",113.822407,22.628320
,107,"111B",113.822268,22.628532
,108,"111A",113.821969,22.628947
,109,"109B",113.821802,22.629230
,110,"109A",113.821576,22.629588
,111,"107B",113.821442,22.629808
,112,"107A",113.821228,22.630278
,113,"105B",113.821054,22.630531
,114,"105A",113.820851,22.630912
,115,"103B",113.820735,22.631092
,116,"38B",113.808879,22.651667
,117,"38",113.809029,22.651737
,118,"38A",113.809095,22.651779
,119,"36B",113.809302,22.651886
,120,"36",113.809387,22.651933
,121,"36A",113.809511,22.652029
,122,"39",113.808317,22.652738
,123,"37",113.808527,22.652837
,124,"35",113.808806,22.652980
,125,"301",113.811744,22.629111
,126,"302",113.811500,22.629644
,127,"303",113.811152,22.630195
,128,"304",113.810565,22.630285
,129,"305",113.810079,22.630231
,130,"306",113.809698,22.630192
,131,"307",113.809290,22.630157
,132,"308",113.808879,22.630094
,133,"309",113.808145,22.630179
,134,"321",113.807637,22.630812
,135,"323",113.807300,22.631556
,136,"325",113.807195,22.632215
,137,"327",113.807302,22.632583
,138,"329",113.807500,22.632960
,139,"331",113.807887,22.633160
,140,"333",113.808263,22.633353
,141,"335",113.808640,22.633561
,142,"337",113.809207,22.633780
,143,"338",113.808749,22.634782
,144,"336",113.807985,22.635071
,145,"334",113.807398,22.634822
,146,"332",113.806997,22.634664
,147,"330",113.806621,22.634472
,148,"328",113.806143,22.634479
,149,"339",113.805640,22.634557
,150,"341",113.805314,22.634920
,151,"343",113.805136,22.635313
,152,"345",113.804940,22.635667
,153,"347",113.804744,22.636061
,154,"349",113.804527,22.636491
,155,"363",113.806041,22.636433
,156,"364",113.806500,22.636642
,157,"365",113.807021,22.636893
,158,"366",113.807538,22.637153
,159,"369",113.807008,22.637996
,160,"368",113.806326,22.637715
,161,"367",113.805661,22.637436
,162,"350A",113.803293,22.636584
,163,"350",113.803124,22.636474
,164,"350B",113.802640,22.636327
,165,"348",113.803034,22.635530
,166,"346",113.803383,22.634886
,167,"344",113.803495,22.634427
,168,"342",113.803761,22.634023
,169,"340",113.803964,22.633583
,170,"351",113.803741,22.633125
,171,"353",113.803375,22.632924
,172,"355",113.802980,22.632733
,173,"357",113.802607,22.632551
,174,"359",113.802181,22.632392
,175,"361A",113.801652,22.632222
,176,"361",113.801600,22.631861
,177,"361B",113.801404,22.631731
,178,"362A",113.802086,22.631159
,179,"362",113.802250,22.630965
,180,"362B",113.802255,22.630565
,181,"360",113.802929,22.630837
,182,"358",113.803467,22.631073
,183,"356",113.803856,22.631263
,184,"354",113.804274,22.631394
,185,"352",113.804668,22.631534
,186,"326",113.805189,22.631236
,187,"324",113.805618,22.630687
,188,"322",113.806076,22.630023
,189,"320",113.806149,22.629266
,190,"314",113.805658,22.628534
,191,"315",113.805139,22.628059
,192,"316",113.804653,22.627663
,193,"317A",113.804293,22.627303
,194,"317",113.804242,22.627056
,195,"317B",113.804396,22.626888
,196,"318",113.804874,22.626513
,197,"319",113.805172,22.625953
,198,"376",113.800131,22.634685
,199,"375",113.800792,22.634986
,200,"374",113.801432,22.635374
,201,"370",113.802067,22.634507
,202,"371",113.801607,22.634327
,203,"372",113.801079,22.634078
,204,"373",113.800561,22.633826
,205,"516",113.797711,22.638978
,206,"515",113.798223,22.639230
,207,"514",113.798737,22.639483
,208,"513",113.799256,22.639724
,209,"512",113.799785,22.639829
,210,"511",113.800113,22.640012
,211,"510",113.800474,22.640173
,212,"509",113.800837,22.640339
,213,"508",113.801691,22.640757
,214,"507",113.802048,22.640906
,215,"506",113.802405,22.641082
,216,"505",113.802766,22.641250
,217,"504",113.803172,22.641544
,218,"503",113.803682,22.641784
,219,"502",113.804209,22.642024
,220,"501",113.804719,22.642282
,221,"386",113.817095,22.619548
,222,"385",113.816804,22.620191
,223,"384",113.816484,22.620806
,224,"383",113.816164,22.621422
,225,"382",113.815837,22.622039
,226,"381",113.815520,22.622660
,227,"380",113.815155,22.623264
