"FID_","ID","X","Y"
,1,113.824424,22.627341
,1,113.825692,22.627949
,1,113.827056,22.625427
,1,113.825803,22.624828
,1,113.824424,22.627341
,2,113.826008,22.627972
,2,113.826166,22.628042
,2,113.826236,22.627905
,2,113.826090,22.627837
,2,113.826008,22.627972
,3,113.818794,22.635895
,3,113.820563,22.636739
,3,113.820597,22.636679
,3,113.820637,22.636691
,3,113.820727,22.636516
,3,113.818916,22.635657
,3,113.818794,22.635895
,4,113.818961,22.635603
,4,113.820786,22.636471
,4,113.820955,22.636161
,4,113.819141,22.635299
,4,113.818961,22.635603
,5,113.820657,22.636722
,5,113.820737,22.636757
,5,113.821083,22.636119
,5,113.819197,22.635228
,5,113.819166,22.635296
,5,113.820964,22.636155
,5,113.820657,22.636722
,6,113.820428,22.636791
,6,113.820614,22.636874
,6,113.820648,22.636806
,6,113.820466,22.636726
,6,113.820428,22.636791
,7,113.819788,22.635067
,7,113.820037,22.635188
,7,113.820115,22.635048
,7,113.819862,22.634928
,7,113.819788,22.635067
,8,113.819518,22.635019
,8,113.819661,22.635080
,8,113.819765,22.634879
,8,113.819625,22.634812
,8,113.819518,22.635019
,9,113.819728,22.634622
,9,113.820303,22.634856
,9,113.820618,22.634273
,9,113.820039,22.634022
,9,113.819728,22.634622
,10,113.820401,22.634951
,10,113.820541,22.635016
,10,113.820908,22.634377
,10,113.821001,22.634419
,10,113.821037,22.634334
,10,113.820806,22.634224
,10,113.820401,22.634951
,11,113.820316,22.635379
,11,113.820446,22.635439
,11,113.820482,22.635365
,11,113.820353,22.635306
,11,113.820316,22.635379
,12,113.820020,22.635275
,12,113.820130,22.635329
,12,113.820164,22.635253
,12,113.820054,22.635205
,12,113.820020,22.635275
,13,113.820668,22.635537
,13,113.821201,22.635777
,13,113.821491,22.635244
,13,113.821401,22.635213
,13,113.821386,22.635238
,13,113.821316,22.635212
,13,113.821114,22.635564
,13,113.821050,22.635539
,13,113.821058,22.635521
,13,113.820762,22.635380
,13,113.820668,22.635537
,14,113.821294,22.634965
,14,113.821474,22.635041
,14,113.821761,22.634515
,14,113.821854,22.634565
,14,113.821997,22.634331
,14,113.821888,22.634280
,14,113.821913,22.634225
,14,113.821746,22.634153
,14,113.821294,22.634965
,15,113.821112,22.634848
,15,113.821271,22.634918
,15,113.821723,22.634086
,15,113.821566,22.634016
,15,113.821112,22.634848
,16,113.821055,22.634327
,16,113.821121,22.634356
,16,113.821225,22.634159
,16,113.821161,22.634129
,16,113.821055,22.634327
,17,113.821149,22.634116
,17,113.821229,22.634156
,17,113.821357,22.633918
,17,113.821281,22.633879
,17,113.821149,22.634116
,18,113.820909,22.633445
,18,113.820947,22.633466
,18,113.820937,22.633487
,18,113.820991,22.633517
,18,113.821003,22.633491
,18,113.821155,22.633561
,18,113.821146,22.633582
,18,113.821197,22.633609
,18,113.821207,22.633586
,18,113.821252,22.633612
,18,113.821242,22.633630
,18,113.821392,22.633704
,18,113.821406,22.633680
,18,113.821419,22.633685
,18,113.821442,22.633644
,18,113.821476,22.633661
,18,113.821495,22.633622
,18,113.820952,22.633363
,18,113.820909,22.633445
,19,113.820976,22.633326
,19,113.821053,22.633367
,19,113.821297,22.632948
,19,113.821223,22.632907
,19,113.820976,22.633326
,20,113.821119,22.633408
,20,113.821180,22.633439
,20,113.821372,22.633105
,20,113.821308,22.633070
,20,113.821119,22.633408
,21,113.821243,22.633472
,21,113.821343,22.633527
,21,113.821354,22.633509
,21,113.821437,22.633548
,21,113.821425,22.633574
,21,113.821491,22.633599
,21,113.821579,22.633443
,21,113.821429,22.633390
,21,113.821450,22.633350
,21,113.821400,22.633326
,21,113.821481,22.633155
,21,113.821429,22.633131
,21,113.821243,22.633472
,22,113.821420,22.633315
,22,113.821478,22.633336
,22,113.821560,22.633171
,22,113.821504,22.633149
,22,113.821420,22.633315
,23,113.821516,22.633411
,23,113.821595,22.633443
,23,113.821677,22.633285
,23,113.821599,22.633247
,23,113.821516,22.633411
,24,113.821538,22.633607
,24,113.821607,22.633641
,24,113.821802,22.633289
,24,113.821857,22.633317
,24,113.821895,22.633252
,24,113.821759,22.633189
,24,113.821538,22.633607
,25,113.821642,22.633657
,25,113.821701,22.633686
,25,113.821801,22.633498
,25,113.821745,22.633473
,25,113.821642,22.633657
,26,113.821703,22.633695
,26,113.821807,22.633743
,26,113.821996,22.633404
,26,113.822283,22.633535
,26,113.822097,22.633887
,26,113.822195,22.633932
,26,113.822177,22.633973
,26,113.822233,22.633997
,26,113.822353,22.633777
,26,113.822303,22.633757
,26,113.822431,22.633528
,26,113.822313,22.633468
,26,113.822325,22.633449
,26,113.822030,22.633310
,26,113.822021,22.633329
,26,113.821923,22.633284
,26,113.821703,22.633695
,27,113.821543,22.633109
,27,113.821657,22.633169
,27,113.821692,22.633098
,27,113.821579,22.633038
,27,113.821543,22.633109
,28,113.819561,22.638087
,28,113.819854,22.638222
,28,113.820001,22.637981
,28,113.819694,22.637843
,28,113.819561,22.638087
,29,113.816907,22.639701
,29,113.818375,22.640404
,29,113.819059,22.639127
,29,113.817771,22.638477
,29,113.817534,22.638894
,29,113.817384,22.638815
,29,113.816907,22.639701
,30,113.817466,22.641256
,30,113.817623,22.640962
,30,113.818063,22.641102
,30,113.818233,22.640821
,30,113.817841,22.640553
,30,113.817864,22.640509
,30,113.816756,22.639979
,30,113.816336,22.640742
,30,113.817466,22.641256
,31,113.815923,22.641639
,31,113.816422,22.641865
,31,113.816629,22.641455
,31,113.816527,22.641414
,31,113.816595,22.641279
,31,113.816249,22.641136
,31,113.816189,22.641249
,31,113.816133,22.641226
,31,113.815923,22.641639
,32,113.816823,22.641860
,32,113.817302,22.642090
,32,113.817381,22.641985
,32,113.816890,22.641756
,32,113.816823,22.641860
,33,113.815052,22.643075
,33,113.815545,22.643294
,33,113.816286,22.641903
,33,113.815802,22.641678
,33,113.815052,22.643075
,34,113.816030,22.643401
,34,113.816484,22.643611
,34,113.816591,22.643400
,34,113.816610,22.643411
,34,113.817272,22.642201
,34,113.816791,22.641965
,34,113.816165,22.643078
,34,113.816199,22.643097
,34,113.816030,22.643401
,35,113.815667,22.644014
,35,113.816162,22.644242
,35,113.816391,22.643800
,35,113.815903,22.643577
,35,113.815667,22.644014
,36,113.816374,22.643910
,36,113.816568,22.644000
,36,113.816613,22.643918
,36,113.816416,22.643831
,36,113.816374,22.643910
,37,113.817403,22.642091
,37,113.817467,22.642115
,37,113.817530,22.641994
,37,113.817469,22.641971
,37,113.817403,22.642091
,38,113.816665,22.644497
,38,113.816683,22.644507
,38,113.816671,22.644536
,38,113.816833,22.644608
,38,113.816860,22.644559
,38,113.817017,22.644630
,38,113.817001,22.644665
,38,113.817028,22.644674
,38,113.817081,22.644577
,38,113.816743,22.644431
,38,113.816723,22.644461
,38,113.816693,22.644444
,38,113.816665,22.644497
,39,113.816885,22.644642
,39,113.816845,22.644717
,39,113.817286,22.644931
,39,113.817344,22.644828
,39,113.817036,22.644671
,39,113.817020,22.644702
,39,113.816885,22.644642
,40,113.816860,22.645071
,40,113.817010,22.645140
,40,113.817088,22.645001
,40,113.817019,22.644970
,40,113.816981,22.645040
,40,113.816898,22.645003
,40,113.816860,22.645071
,41,113.816686,22.645003
,41,113.816768,22.645036
,41,113.816920,22.644758
,41,113.816837,22.644718
,41,113.816686,22.645003
,42,113.816259,22.645154
,42,113.816406,22.645229
,42,113.816485,22.645091
,42,113.816395,22.645046
,42,113.816427,22.644984
,42,113.816367,22.644958
,42,113.816259,22.645154
,43,113.816853,22.645197
,43,113.816814,22.645272
,43,113.817004,22.645360
,43,113.817037,22.645287
,43,113.816853,22.645197
,44,113.814905,22.647777
,44,113.815008,22.647823
,44,113.815073,22.647693
,44,113.814970,22.647648
,44,113.814905,22.647777
,45,113.812532,22.651089
,45,113.813408,22.651494
,45,113.813965,22.650435
,45,113.813095,22.650038
,45,113.812532,22.651089
,46,113.808794,22.651307
,46,113.808903,22.651357
,46,113.809094,22.651006
,46,113.808987,22.650957
,46,113.808794,22.651307
,47,113.808908,22.651382
,47,113.809181,22.651508
,47,113.809368,22.651141
,47,113.809104,22.651018
,47,113.808908,22.651382
,48,113.809815,22.650590
,48,113.809840,22.650542
,48,113.809880,22.650561
,48,113.809943,22.650437
,48,113.809329,22.650147
,48,113.809269,22.650272
,48,113.809355,22.650313
,48,113.809320,22.650385
,48,113.809355,22.650401
,48,113.809317,22.650486
,48,113.809581,22.650603
,48,113.809633,22.650494
,48,113.809705,22.650525
,48,113.809722,22.650487
,48,113.809779,22.650513
,48,113.809753,22.650569
,48,113.809711,22.650550
,48,113.809581,22.650783
,48,113.809722,22.650848
,48,113.809848,22.650605
,48,113.809815,22.650590
,49,113.806676,22.652917
,49,113.806821,22.652984
,49,113.806859,22.652896
,49,113.806716,22.652834
,49,113.806676,22.652917
