"FID_","ID","X","Y"
,1,113.816034,22.624527
,1,113.815558,22.624306
,1,113.815502,22.624404
,1,113.814939,22.625410
,1,113.814028,22.627058
,1,113.813159,22.628651
,1,113.813132,22.628701
,1,113.813097,22.628743
,1,113.813051,22.628791
,1,113.813002,22.628820
,1,113.812954,22.628846
,1,113.812909,22.628855
,1,113.812849,22.628859
,1,113.812717,22.628855
,1,113.812681,22.628852
,1,113.811360,22.631344
,1,113.811372,22.631352
,1,113.811430,22.631417
,1,113.811457,22.631509
,1,113.811447,22.631597
,1,113.811394,22.631703
,1,113.811159,22.632120
,1,113.810986,22.632458
,1,113.810892,22.632545
,1,113.810819,22.632581
,1,113.810705,22.632581
,1,113.810705,22.632581
,1,113.810500,22.632967
,1,113.810505,22.632971
,1,113.810527,22.633030
,1,113.810497,22.633125
,1,113.810432,22.633172
,1,113.810393,22.633170
,1,113.810236,22.633465
,1,113.808520,22.636727
,1,113.807191,22.638964
,1,113.804491,22.637731
,1,113.804442,22.637819
,1,113.803167,22.637237
,1,113.803214,22.637151
,1,113.803044,22.637074
,1,113.799212,22.635233
,1,113.799805,22.634048
,1,113.800898,22.631903
,1,113.801399,22.631119
,1,113.802629,22.628510
,1,113.802736,22.628321
,1,113.802908,22.628007
,1,113.803003,22.627849
,1,113.803397,22.627201
,1,113.804351,22.625250
,1,113.804409,22.625146
,1,113.802029,22.624024
,1,113.801782,22.624473
,1,113.801850,22.624433
,1,113.801923,22.624409
,1,113.801998,22.624401
,1,113.802084,22.624404
,1,113.802149,22.624420
,1,113.802855,22.624774
,1,113.802897,22.624813
,1,113.802936,22.624867
,1,113.802965,22.624917
,1,113.802980,22.624997
,1,113.802980,22.625095
,1,113.802974,22.625136
,1,113.802894,22.625274
,1,113.802612,22.625797
,1,113.802536,22.625925
,1,113.802482,22.626016
,1,113.802000,22.626911
,1,113.801882,22.627194
,1,113.801548,22.627936
,1,113.800854,22.629195
,1,113.800298,22.630168
,1,113.798946,22.632601
,1,113.798884,22.632746
,1,113.798598,22.633281
,1,113.798587,22.633302
,1,113.798585,22.633305
,1,113.797080,22.636061
,1,113.796932,22.636319
,1,113.795419,22.639029
,1,113.795418,22.639032
,1,113.795394,22.639075
,1,113.794118,22.641418
,1,113.793690,22.642218
,1,113.792343,22.644625
,1,113.792177,22.644969
,1,113.791960,22.645344
,1,113.791912,22.645414
,1,113.790493,22.648008
,1,113.790348,22.648301
,1,113.789606,22.649644
,1,113.788975,22.650791
,1,113.788280,22.652051
,1,113.787869,22.652656
,1,113.787767,22.652786
,1,113.787698,22.652879
,1,113.787272,22.653681
,1,113.787226,22.653771
,1,113.787026,22.654139
,1,113.786838,22.654486
,1,113.786780,22.654588
,1,113.786453,22.655123
,1,113.787626,22.655676
,1,113.788607,22.653887
,1,113.788517,22.652179
,1,113.788524,22.652134
,1,113.788540,22.652057
,1,113.794524,22.641183
,1,113.794638,22.641007
,1,113.794807,22.640786
,1,113.794926,22.640615
,1,113.795039,22.640499
,1,113.795126,22.640477
,1,113.795219,22.640471
,1,113.795306,22.640493
,1,113.795373,22.640554
,1,113.795418,22.640619
,1,113.795431,22.640670
,1,113.795431,22.640744
,1,113.795428,22.640828
,1,113.795718,22.640969
,1,113.797297,22.638077
,1,113.797348,22.638006
,1,113.797404,22.637962
,1,113.797476,22.637939
,1,113.797554,22.637929
,1,113.797634,22.637939
,1,113.797708,22.637964
,1,113.797759,22.637991
,1,113.797797,22.638029
,1,113.797833,22.638096
,1,113.797855,22.638159
,1,113.797858,22.638242
,1,113.801265,22.639836
,1,113.801346,22.639689
,1,113.801973,22.639985
,1,113.801922,22.640083
,1,113.805266,22.641742
,1,113.805321,22.641639
,1,113.805611,22.641774
,1,113.805675,22.641845
,1,113.805701,22.641919
,1,113.805704,22.642006
,1,113.805646,22.642147
,1,113.805440,22.642691
,1,113.800535,22.651623
,1,113.802993,22.652779
,1,113.803217,22.652369
,1,113.803186,22.652387
,1,113.803123,22.652438
,1,113.803006,22.652457
,1,113.802884,22.652440
,1,113.802604,22.652296
,1,113.801979,22.652002
,1,113.801909,22.651954
,1,113.801859,22.651899
,1,113.801837,22.651801
,1,113.801845,22.651719
,1,113.801901,22.651615
,1,113.802009,22.651437
,1,113.802128,22.651386
,1,113.802276,22.651391
,1,113.802520,22.651482
,1,113.803116,22.651777
,1,113.803315,22.651885
,1,113.803349,22.651970
,1,113.803372,22.652088
,1,113.803715,22.651460
,1,113.803630,22.651516
,1,113.803540,22.651542
,1,113.803457,22.651539
,1,113.803148,22.651407
,1,113.802456,22.651069
,1,113.802385,22.651005
,1,113.802350,22.650934
,1,113.802347,22.650825
,1,113.802398,22.650696
,1,113.802498,22.650445
,1,113.802569,22.650294
,1,113.802636,22.650120
,1,113.802784,22.649853
,1,113.802945,22.649579
,1,113.803090,22.649364
,1,113.803354,22.649004
,1,113.803547,22.648749
,1,113.803759,22.648534
,1,113.804033,22.648283
,1,113.804348,22.648019
,1,113.804776,22.647746
,1,113.805339,22.647405
,1,113.805590,22.647253
,1,113.805818,22.647115
,1,113.805947,22.647041
,1,113.806024,22.647031
,1,113.806072,22.647067
,1,113.806097,22.647115
,1,113.806896,22.645656
,1,113.806745,22.645883
,1,113.806610,22.646086
,1,113.806494,22.646217
,1,113.806233,22.646488
,1,113.805928,22.646748
,1,113.805677,22.646948
,1,113.805300,22.647192
,1,113.804995,22.647353
,1,113.804859,22.647427
,1,113.804744,22.647488
,1,113.804637,22.647488
,1,113.804531,22.647475
,1,113.804464,22.647427
,1,113.804422,22.647372
,1,113.804399,22.647273
,1,113.804399,22.647205
,1,113.804419,22.647112
,1,113.804477,22.646916
,1,113.804557,22.646703
,1,113.804615,22.646568
,1,113.804662,22.646451
,1,113.804833,22.646132
,1,113.805313,22.645259
,1,113.805453,22.645008
,1,113.805598,22.644764
,1,113.805736,22.644569
,1,113.805948,22.644354
,1,113.806264,22.644108
,1,113.806698,22.643850
,1,113.807085,22.643608
,1,113.807533,22.643340
,1,113.807878,22.643133
,1,113.808098,22.642995
,1,113.808204,22.642940
,1,113.808269,22.642942
,1,113.808306,22.642964
,1,113.808344,22.643015
,1,113.809067,22.641695
,1,113.809068,22.641693
,1,113.809372,22.641138
,1,113.809319,22.641145
,1,113.809259,22.641149
,1,113.809203,22.641142
,1,113.808827,22.640952
,1,113.808368,22.640744
,1,113.809130,22.640290
,1,113.809477,22.640075
,1,113.809718,22.639933
,1,113.809866,22.639846
,1,113.809950,22.639814
,1,113.810011,22.639830
,1,113.810064,22.639876
,1,113.810864,22.638416
,1,113.810748,22.638350
,1,113.810735,22.638318
,1,113.810725,22.638225
,1,113.810700,22.637697
,1,113.810635,22.636626
,1,113.810619,22.636224
,1,113.810619,22.636053
,1,113.810638,22.635838
,1,113.810683,22.635619
,1,113.810729,22.635458
,1,113.810815,22.635262
,1,113.810951,22.634992
,1,113.811150,22.634641
,1,113.811292,22.634371
,1,113.811465,22.634065
,1,113.811838,22.633602
,1,113.811929,22.633486
,1,113.812025,22.633412
,1,113.812147,22.633376
,1,113.812254,22.633393
,1,113.812347,22.633457
,1,113.812398,22.633557
,1,113.812427,22.633679
,1,113.812479,22.634235
,1,113.812485,22.634564
,1,113.812463,22.634882
,1,113.812440,22.635120
,1,113.812376,22.635426
,1,113.812311,22.635635
,1,113.812213,22.635954
,1,113.812864,22.634767
,1,113.812817,22.634773
,1,113.812771,22.634757
,1,113.812743,22.634737
,1,113.812727,22.634712
,1,113.812717,22.634681
,1,113.812683,22.634069
,1,113.812658,22.633583
,1,113.812634,22.633216
,1,113.812607,22.632676
,1,113.812610,22.632425
,1,113.812633,22.632196
,1,113.812713,22.631855
,1,113.812816,22.631595
,1,113.813067,22.631157
,1,113.813475,22.630414
,1,113.813585,22.630279
,1,113.813739,22.630079
,1,113.813881,22.629905
,1,113.814010,22.629793
,1,113.814129,22.629770
,1,113.814248,22.629790
,1,113.814341,22.629844
,1,113.814399,22.629925
,1,113.814412,22.630050
,1,113.814473,22.630781
,1,113.814457,22.631160
,1,113.814428,22.631463
,1,113.814373,22.631736
,1,113.814299,22.632026
,1,113.814270,22.632138
,1,113.814201,22.632326
,1,113.814839,22.631159
,1,113.814769,22.631157
,1,113.814741,22.631150
,1,113.814720,22.631129
,1,113.814709,22.631105
,1,113.814692,22.630911
,1,113.814621,22.629616
,1,113.814618,22.629394
,1,113.814621,22.629172
,1,113.814643,22.628889
,1,113.814721,22.628506
,1,113.814830,22.628162
,1,113.814926,22.627898
,1,113.815071,22.627547
,1,113.815216,22.627242
,1,113.815380,22.626955
,1,113.815499,22.626746
,1,113.815668,22.626521
,1,113.815831,22.626299
,1,113.815930,22.626199
,1,113.816043,22.626161
,1,113.816155,22.626173
,1,113.816255,22.626209
,1,113.816480,22.626309
,1,113.816757,22.626450
,1,113.816992,22.626560
,1,113.817146,22.626640
,1,113.817195,22.626695
,1,113.817211,22.626746
,1,113.817226,22.626807
,1,113.817504,22.626299
,1,113.817407,22.626334
,1,113.817327,22.626325
,1,113.817253,22.626312
,1,113.817095,22.626228
,1,113.816345,22.625877
,1,113.816298,22.625839
,1,113.816265,22.625798
,1,113.816243,22.625765
,1,113.816233,22.625723
,1,113.816224,22.625675
,1,113.816225,22.625608
,1,113.816247,22.625546
,1,113.816290,22.625456
,1,113.816354,22.625338
,1,113.816419,22.625253
,1,113.816511,22.625204
,1,113.816611,22.625195
,1,113.816683,22.625208
,1,113.816808,22.625262
,1,113.817438,22.625559
,1,113.817626,22.625651
,1,113.817698,22.625704
,1,113.817733,22.625743
,1,113.817751,22.625783
,1,113.817764,22.625825
,1,113.817975,22.625440
,1,113.816097,22.624563
,1,113.816034,22.624527
,2,113.816050,22.625184
,2,113.815981,22.625317
,2,113.815904,22.625399
,2,113.815821,22.625441
,2,113.815714,22.625441
,2,113.815628,22.625424
,2,113.815536,22.625369
,2,113.815487,22.625325
,2,113.815443,22.625236
,2,113.815443,22.625130
,2,113.815497,22.625009
,2,113.815579,22.624868
,2,113.815692,22.624812
,2,113.815808,22.624787
,2,113.815907,22.624817
,2,113.816028,22.624903
,2,113.816067,22.624992
,2,113.816082,22.625090
,2,113.816050,22.625184
,3,113.815534,22.626105
,3,113.815345,22.626548
,3,113.815142,22.626987
,3,113.814964,22.627299
,3,113.814721,22.627648
,3,113.814568,22.627848
,3,113.814467,22.627902
,3,113.814314,22.627924
,3,113.814151,22.627851
,3,113.814096,22.627775
,3,113.814078,22.627652
,3,113.814222,22.627275
,3,113.814398,22.626867
,3,113.814645,22.626421
,3,113.814957,22.625970
,3,113.815048,22.625836
,3,113.815186,22.625760
,3,113.815327,22.625767
,3,113.815429,22.625818
,3,113.815516,22.625891
,3,113.815556,22.625981
,3,113.815534,22.626105
,4,113.813871,22.628991
,4,113.813777,22.629017
,4,113.813675,22.629017
,4,113.813595,22.628984
,4,113.813515,22.628922
,4,113.813468,22.628821
,4,113.813472,22.628734
,4,113.813533,22.628588
,4,113.813686,22.628316
,4,113.813769,22.628247
,4,113.813878,22.628225
,4,113.814002,22.628236
,4,113.814078,22.628276
,4,113.814143,22.628331
,4,113.814187,22.628403
,4,113.814202,22.628487
,4,113.814191,22.628570
,4,113.814136,22.628672
,4,113.814005,22.628879
,4,113.813944,22.628948
,4,113.813871,22.628991
,5,113.813595,22.629616
,5,113.813515,22.629834
,5,113.813319,22.630270
,5,113.813272,22.630389
,5,113.812967,22.630821
,5,113.812854,22.630996
,5,113.812771,22.631079
,5,113.812677,22.631126
,5,113.812520,22.631130
,5,113.812390,22.631057
,5,113.812321,22.630981
,5,113.812306,22.630894
,5,113.812317,22.630774
,5,113.812415,22.630531
,5,113.812523,22.630320
,5,113.812626,22.630077
,5,113.812878,22.629715
,5,113.813046,22.629483
,5,113.813169,22.629360
,5,113.813278,22.629328
,5,113.813417,22.629354
,5,113.813526,22.629438
,5,113.813581,22.629514
,5,113.813595,22.629616
,6,113.811859,22.632623
,6,113.811762,22.632628
,6,113.811639,22.632616
,6,113.811542,22.632551
,6,113.811492,22.632463
,6,113.811474,22.632383
,6,113.811494,22.632283
,6,113.811522,22.632205
,6,113.811873,22.631601
,6,113.811962,22.631498
,6,113.812100,22.631445
,6,113.812246,22.631476
,6,113.812353,22.631525
,6,113.812398,22.631605
,6,113.812411,22.631721
,6,113.812389,22.631823
,6,113.812211,22.632161
,6,113.812019,22.632512
,6,113.811952,22.632586
,6,113.811859,22.632623
,7,113.811571,22.633341
,7,113.811509,22.633442
,7,113.811444,22.633517
,7,113.811385,22.633563
,7,113.811243,22.633598
,7,113.811122,22.633565
,7,113.811059,22.633527
,7,113.810975,22.633442
,7,113.810964,22.633382
,7,113.810956,22.633312
,7,113.810963,22.633272
,7,113.811000,22.633164
,7,113.811092,22.633026
,7,113.811199,22.632961
,7,113.811304,22.632946
,7,113.811433,22.632982
,7,113.811555,22.633084
,7,113.811588,22.633149
,7,113.811598,22.633239
,7,113.811592,22.633281
,7,113.811571,22.633341
,8,113.809864,22.636258
,8,113.809754,22.636265
,8,113.809627,22.636226
,8,113.809535,22.636125
,8,113.809491,22.636042
,8,113.809500,22.635937
,8,113.809544,22.635819
,8,113.809644,22.635570
,8,113.809815,22.635232
,8,113.809864,22.635121
,8,113.809917,22.635029
,8,113.810318,22.634334
,8,113.810586,22.633961
,8,113.810720,22.633909
,8,113.810872,22.633920
,8,113.811018,22.633990
,8,113.811059,22.634089
,8,113.811088,22.634183
,8,113.811012,22.634404
,8,113.810767,22.634964
,8,113.810481,22.635448
,8,113.810213,22.635861
,8,113.810021,22.636124
,8,113.809957,22.636194
,8,113.809864,22.636258
,9,113.809604,22.636883
,9,113.809545,22.637043
,9,113.809331,22.637523
,9,113.809034,22.638103
,9,113.808691,22.638698
,9,113.808332,22.639209
,9,113.808210,22.639377
,9,113.808034,22.639415
,9,113.807882,22.639354
,9,113.807806,22.639293
,9,113.807752,22.639141
,9,113.807813,22.638927
,9,113.808103,22.638309
,9,113.808225,22.638072
,9,113.808420,22.637763
,9,113.808668,22.637302
,9,113.809042,22.636730
,9,113.809171,22.636592
,9,113.809286,22.636554
,9,113.809446,22.636592
,9,113.809568,22.636684
,9,113.809601,22.636778
,9,113.809604,22.636883
,10,113.806880,22.639339
,10,113.806961,22.639427
,10,113.806994,22.639550
,10,113.806979,22.639623
,10,113.806929,22.639712
,10,113.806799,22.639797
,10,113.806650,22.639790
,10,113.806268,22.639660
,10,113.805866,22.639524
,10,113.805251,22.639233
,10,113.804685,22.638890
,10,113.804555,22.638800
,10,113.804464,22.638710
,10,113.804450,22.638578
,10,113.804508,22.638452
,10,113.804604,22.638378
,10,113.804703,22.638343
,10,113.804870,22.638370
,10,113.805305,22.638530
,10,113.805844,22.638744
,10,113.806238,22.638943
,10,113.806760,22.639252
,10,113.806880,22.639339
,11,113.803933,22.638402
,11,113.803822,22.638428
,11,113.803600,22.638384
,11,113.803263,22.638268
,11,113.802850,22.638113
,11,113.802344,22.637878
,11,113.802144,22.637753
,11,113.802055,22.637689
,11,113.801847,22.637571
,11,113.801700,22.637478
,11,113.801594,22.637376
,11,113.801585,22.637274
,11,113.801585,22.637198
,11,113.801660,22.637087
,11,113.801776,22.637016
,11,113.801935,22.637012
,11,113.802313,22.637150
,11,113.802633,22.637261
,11,113.802912,22.637389
,11,113.803294,22.637567
,11,113.803600,22.637749
,11,113.803902,22.637935
,11,113.804027,22.638033
,11,113.804058,22.638109
,11,113.804058,22.638206
,11,113.804053,22.638282
,11,113.804009,22.638344
,11,113.803933,22.638402
,12,113.801152,22.637007
,12,113.801013,22.637085
,12,113.800850,22.637077
,12,113.800626,22.636995
,12,113.800170,22.636840
,12,113.799551,22.636559
,12,113.798764,22.636104
,12,113.798697,22.636026
,12,113.798664,22.635915
,12,113.798666,22.635822
,12,113.798736,22.635712
,12,113.798842,22.635651
,12,113.798948,22.635639
,12,113.799147,22.635700
,12,113.799436,22.635797
,12,113.799742,22.635895
,12,113.800215,22.636119
,12,113.800671,22.636372
,12,113.801062,22.636604
,12,113.801164,22.636690
,12,113.801205,22.636783
,12,113.801209,22.636897
,12,113.801152,22.637007
,13,113.798136,22.635710
,13,113.798051,22.635722
,13,113.797959,22.635696
,13,113.797916,22.635675
,13,113.797886,22.635653
,13,113.797834,22.635611
,13,113.797811,22.635562
,13,113.797797,22.635507
,13,113.797795,22.635448
,13,113.797811,22.635384
,13,113.797844,22.635333
,13,113.797904,22.635278
,13,113.797955,22.635256
,13,113.798057,22.635244
,13,113.798152,22.635266
,13,113.798239,22.635313
,13,113.798284,22.635371
,13,113.798312,22.635422
,13,113.798318,22.635491
,13,113.798308,22.635556
,13,113.798290,22.635601
,13,113.798257,22.635645
,13,113.798203,22.635686
,13,113.798136,22.635710
,14,113.797829,22.636436
,14,113.797790,22.636467
,14,113.797732,22.636501
,14,113.797663,22.636515
,14,113.797612,22.636518
,14,113.797539,22.636510
,14,113.797462,22.636473
,14,113.797400,22.636421
,14,113.797367,22.636363
,14,113.797356,22.636321
,14,113.797356,22.636232
,14,113.797392,22.636150
,14,113.797448,22.636092
,14,113.797520,22.636055
,14,113.797613,22.636048
,14,113.797689,22.636059
,14,113.797764,22.636097
,14,113.797829,22.636149
,14,113.797867,22.636202
,14,113.797875,22.636257
,14,113.797879,22.636322
,14,113.797857,22.636391
,14,113.797829,22.636436
,15,113.798444,22.636444
,15,113.798545,22.636437
,15,113.798763,22.636507
,15,113.799304,22.636711
,15,113.799965,22.637019
,15,113.800374,22.637245
,15,113.800676,22.637428
,15,113.800735,22.637515
,15,113.800759,22.637633
,15,113.800728,22.637764
,15,113.800672,22.637841
,15,113.800572,22.637886
,15,113.800440,22.637886
,15,113.800277,22.637837
,15,113.800017,22.637747
,15,113.799744,22.637650
,15,113.799439,22.637524
,15,113.799137,22.637380
,15,113.798846,22.637224
,15,113.798559,22.637054
,15,113.798347,22.636929
,15,113.798240,22.636829
,15,113.798229,22.636701
,15,113.798243,22.636590
,15,113.798320,22.636496
,15,113.798444,22.636444
,16,113.797393,22.637230
,16,113.797364,22.637261
,16,113.797330,22.637286
,16,113.797293,22.637306
,16,113.797253,22.637320
,16,113.797212,22.637327
,16,113.797170,22.637327
,16,113.797128,22.637321
,16,113.797088,22.637309
,16,113.797051,22.637290
,16,113.797017,22.637265
,16,113.796987,22.637236
,16,113.796962,22.637202
,16,113.796943,22.637164
,16,113.796930,22.637124
,16,113.796923,22.637083
,16,113.796923,22.637041
,16,113.796926,22.637011
,16,113.796934,22.636993
,16,113.796945,22.636969
,16,113.796957,22.636956
,16,113.796971,22.636942
,16,113.797000,22.636912
,16,113.797034,22.636886
,16,113.797072,22.636867
,16,113.797112,22.636854
,16,113.797154,22.636848
,16,113.797196,22.636849
,16,113.797238,22.636857
,16,113.797277,22.636872
,16,113.797314,22.636893
,16,113.797347,22.636919
,16,113.797375,22.636951
,16,113.797397,22.636987
,16,113.797414,22.637026
,16,113.797423,22.637067
,16,113.797426,22.637109
,16,113.797422,22.637151
,16,113.797410,22.637192
,16,113.797393,22.637230
,17,113.797831,22.637325
,17,113.798001,22.637256
,17,113.798124,22.637263
,17,113.798441,22.637356
,17,113.798927,22.637533
,17,113.799459,22.637780
,17,113.799844,22.637996
,17,113.800107,22.638173
,17,113.800253,22.638266
,17,113.800297,22.638321
,17,113.800315,22.638375
,17,113.800323,22.638428
,17,113.800307,22.638544
,17,113.800258,22.638627
,17,113.800168,22.638682
,17,113.800014,22.638690
,17,113.799883,22.638659
,17,113.799497,22.638528
,17,113.798819,22.638251
,17,113.798626,22.638153
,17,113.798433,22.638042
,17,113.798086,22.637834
,17,113.797854,22.637711
,17,113.797777,22.637549
,17,113.797770,22.637456
,17,113.797831,22.637325
,18,113.796982,22.637891
,18,113.796980,22.637934
,18,113.796973,22.637978
,18,113.796951,22.638031
,18,113.796910,22.638107
,18,113.796868,22.638157
,18,113.796804,22.638208
,18,113.796733,22.638235
,18,113.796666,22.638237
,18,113.796599,22.638219
,18,113.796540,22.638185
,18,113.796491,22.638153
,18,113.796447,22.638103
,18,113.796423,22.638033
,18,113.796419,22.637940
,18,113.796435,22.637890
,18,113.796475,22.637819
,18,113.796520,22.637757
,18,113.796587,22.637706
,18,113.796635,22.637685
,18,113.796719,22.637670
,18,113.796798,22.637684
,18,113.796879,22.637722
,18,113.796925,22.637759
,18,113.796958,22.637801
,18,113.796976,22.637848
,18,113.796982,22.637891
,19,113.800889,22.638629
,19,113.801025,22.638626
,19,113.801153,22.638662
,19,113.801507,22.638782
,19,113.801907,22.638931
,19,113.802522,22.639234
,19,113.802950,22.639493
,19,113.803124,22.639613
,19,113.803183,22.639723
,19,113.803191,22.639810
,19,113.803173,22.639890
,19,113.803107,22.639969
,19,113.803012,22.640023
,19,113.802860,22.640026
,19,113.802704,22.639982
,19,113.802140,22.639795
,19,113.801466,22.639487
,19,113.801070,22.639239
,19,113.800925,22.639149
,19,113.800861,22.639111
,19,113.800751,22.639031
,19,113.800699,22.638934
,19,113.800699,22.638849
,19,113.800725,22.638772
,19,113.800784,22.638693
,19,113.800889,22.638629
,20,113.803700,22.639990
,20,113.803857,22.639974
,20,113.804045,22.640015
,20,113.804314,22.640108
,20,113.804673,22.640224
,20,113.805243,22.640508
,20,113.805541,22.640671
,20,113.805819,22.640854
,20,113.805989,22.640956
,20,113.806056,22.641024
,20,113.806117,22.641146
,20,113.806104,22.641261
,20,113.806002,22.641376
,20,113.805880,22.641410
,20,113.805751,22.641390
,20,113.805548,22.641336
,20,113.805033,22.641159
,20,113.804287,22.640814
,20,113.803635,22.640374
,20,113.803588,22.640305
,20,113.803557,22.640188
,20,113.803598,22.640071
,20,113.803700,22.639990
,21,113.806581,22.641324
,21,113.806670,22.641305
,21,113.806771,22.641324
,21,113.806897,22.641387
,21,113.806986,22.641477
,21,113.807005,22.641564
,21,113.806990,22.641654
,21,113.806940,22.641737
,21,113.806870,22.641785
,21,113.806784,22.641815
,21,113.806687,22.641810
,21,113.806575,22.641763
,21,113.806510,22.641726
,21,113.806453,22.641663
,21,113.806432,22.641581
,21,113.806440,22.641475
,21,113.806490,22.641389
,21,113.806581,22.641324
,22,113.807562,22.641335
,22,113.807707,22.641198
,22,113.807862,22.641070
,22,113.808030,22.640959
,22,113.808163,22.640874
,22,113.808231,22.640894
,22,113.808462,22.641014
,22,113.808819,22.641176
,22,113.808976,22.641280
,22,113.809061,22.641410
,22,113.809095,22.641533
,22,113.809067,22.641694
,22,113.808856,22.641982
,22,113.808581,22.642305
,22,113.808257,22.642595
,22,113.807898,22.642877
,22,113.807514,22.643121
,22,113.807188,22.643290
,22,113.807056,22.643367
,22,113.806976,22.643396
,22,113.806865,22.643398
,22,113.806766,22.643367
,22,113.806686,22.643309
,22,113.806657,22.643263
,22,113.806633,22.643188
,22,113.806645,22.643053
,22,113.806732,22.642826
,22,113.806875,22.642431
,22,113.806988,22.642199
,22,113.807217,22.641779
,22,113.807355,22.641586
,22,113.807439,22.641463
,22,113.807562,22.641335
,23,113.806132,22.643380
,23,113.805856,22.643869
,23,113.805580,22.644372
,23,113.804796,22.645802
,23,113.804209,22.646852
,23,113.803948,22.647330
,23,113.803810,22.647577
,23,113.803647,22.647814
,23,113.803529,22.647972
,23,113.803391,22.648139
,23,113.803302,22.648174
,23,113.803149,22.648179
,23,113.803011,22.648124
,23,113.802957,22.648050
,23,113.802927,22.647957
,23,113.802952,22.647804
,23,113.803045,22.647582
,23,113.803282,22.647089
,23,113.803466,22.646754
,23,113.803659,22.646411
,23,113.804817,22.644297
,23,113.805072,22.643844
,23,113.805442,22.643154
,23,113.805723,22.642675
,23,113.805960,22.642335
,23,113.806123,22.642143
,23,113.806246,22.642113
,23,113.806340,22.642128
,23,113.806438,22.642187
,23,113.806517,22.642266
,23,113.806547,22.642335
,23,113.806556,22.642444
,23,113.806389,22.642794
,23,113.806132,22.643380
,24,113.807314,22.640986
,24,113.807217,22.641010
,24,113.807139,22.641008
,24,113.807042,22.640978
,24,113.806935,22.640910
,24,113.806891,22.640850
,24,113.806873,22.640754
,24,113.806891,22.640673
,24,113.806935,22.640592
,24,113.806990,22.640544
,24,113.807102,22.640512
,24,113.807196,22.640515
,24,113.807298,22.640554
,24,113.807371,22.640606
,24,113.807428,22.640673
,24,113.807445,22.640735
,24,113.807449,22.640804
,24,113.807431,22.640866
,24,113.807385,22.640939
,24,113.807314,22.640986
,25,113.806445,22.640564
,25,113.806318,22.640590
,25,113.806206,22.640580
,25,113.805912,22.640498
,25,113.805571,22.640391
,25,113.805301,22.640280
,25,113.804783,22.640025
,25,113.804325,22.639756
,25,113.804199,22.639679
,25,113.804091,22.639608
,25,113.804015,22.639507
,25,113.804000,22.639385
,25,113.804025,22.639293
,25,113.804106,22.639197
,25,113.804208,22.639151
,25,113.804391,22.639181
,25,113.804798,22.639313
,25,113.805195,22.639466
,25,113.805683,22.639685
,25,113.806064,22.639908
,25,113.806420,22.640127
,25,113.806532,22.640249
,25,113.806552,22.640351
,25,113.806542,22.640458
,25,113.806445,22.640564
,26,113.808445,22.640219
,26,113.808390,22.640144
,26,113.808366,22.640058
,26,113.808370,22.639996
,26,113.808387,22.639904
,26,113.808452,22.639702
,26,113.808527,22.639511
,26,113.808660,22.639165
,26,113.809133,22.638309
,26,113.809472,22.637693
,26,113.809797,22.637293
,26,113.809906,22.637139
,26,113.810016,22.637036
,26,113.810115,22.637012
,26,113.810214,22.637012
,26,113.810300,22.637036
,26,113.810392,22.637111
,26,113.810416,22.637190
,26,113.810430,22.637320
,26,113.810474,22.637697
,26,113.810498,22.638121
,26,113.810461,22.638600
,26,113.810420,22.638860
,26,113.810365,22.639086
,26,113.810242,22.639233
,26,113.810040,22.639418
,26,113.809834,22.639579
,26,113.809472,22.639846
,26,113.809047,22.640086
,26,113.808801,22.640226
,26,113.808698,22.640267
,26,113.808554,22.640260
,26,113.808445,22.640219
,27,113.807748,22.640193
,27,113.807650,22.640218
,27,113.807567,22.640206
,27,113.807521,22.640190
,27,113.807487,22.640174
,27,113.807409,22.640133
,27,113.807343,22.640059
,27,113.807321,22.639998
,27,113.807316,22.639916
,27,113.807350,22.639825
,27,113.807387,22.639764
,27,113.807450,22.639725
,27,113.807545,22.639703
,27,113.807621,22.639711
,27,113.807716,22.639745
,27,113.807799,22.639789
,27,113.807874,22.639869
,27,113.807891,22.639964
,27,113.807865,22.640062
,27,113.807821,22.640145
,27,113.807748,22.640193
,28,113.803562,22.639160
,28,113.803425,22.639233
,28,113.803280,22.639228
,28,113.803068,22.639155
,28,113.802693,22.639033
,28,113.801879,22.638663
,28,113.801666,22.638527
,28,113.801417,22.638378
,28,113.801242,22.638273
,28,113.801147,22.638129
,28,113.801150,22.637984
,28,113.801237,22.637869
,28,113.801372,22.637816
,28,113.801504,22.637824
,28,113.801826,22.637941
,28,113.802086,22.638021
,28,113.802373,22.638139
,28,113.802781,22.638328
,28,113.803083,22.638501
,28,113.803520,22.638770
,28,113.803595,22.638845
,28,113.803637,22.638923
,28,113.803630,22.639005
,28,113.803612,22.639095
,28,113.803562,22.639160
,29,113.802067,22.650600
,29,113.801913,22.650698
,29,113.801765,22.650698
,29,113.801635,22.650630
,29,113.801578,22.650562
,29,113.801548,22.650490
,29,113.801544,22.650409
,29,113.801574,22.650329
,29,113.801703,22.650020
,29,113.801833,22.649743
,29,113.801951,22.649506
,29,113.802073,22.649281
,29,113.802295,22.648942
,29,113.802492,22.648647
,29,113.802621,22.648523
,29,113.802831,22.648505
,29,113.802972,22.648573
,29,113.803040,22.648684
,29,113.803046,22.648819
,29,113.802923,22.649121
,29,113.802775,22.649460
,29,113.802622,22.649757
,29,113.802455,22.650051
,29,113.802208,22.650402
,29,113.802067,22.650600
,30,113.801646,22.651357
,30,113.801589,22.651471
,30,113.801498,22.651590
,30,113.801385,22.651607
,30,113.801271,22.651601
,30,113.801163,22.651561
,30,113.801090,22.651499
,30,113.801044,22.651368
,30,113.801044,22.651323
,30,113.801067,22.651227
,30,113.801169,22.651090
,30,113.801288,22.651028
,30,113.801424,22.651022
,30,113.801549,22.651073
,30,113.801623,22.651158
,30,113.801646,22.651249
,30,113.801646,22.651357
,31,113.795711,22.640117
,31,113.795667,22.640131
,31,113.795574,22.640127
,31,113.795489,22.640092
,31,113.795448,22.640069
,31,113.795403,22.640020
,31,113.795374,22.639953
,31,113.795374,22.639887
,31,113.795382,22.639815
,31,113.795442,22.639689
,31,113.795888,22.638885
,31,113.795977,22.638728
,31,113.796033,22.638649
,31,113.796091,22.638610
,31,113.796184,22.638575
,31,113.796291,22.638579
,31,113.796372,22.638610
,31,113.796430,22.638668
,31,113.796457,22.638724
,31,113.796471,22.638765
,31,113.796475,22.638831
,31,113.796469,22.638889
,31,113.796430,22.638972
,31,113.796368,22.639087
,31,113.796308,22.639201
,31,113.796256,22.639285
,31,113.796070,22.639634
,31,113.795927,22.639901
,31,113.795859,22.640015
,31,113.795818,22.640057
,31,113.795754,22.640102
,31,113.795711,22.640117
,32,113.788280,22.653380
,32,113.788233,22.653386
,32,113.788200,22.653382
,32,113.788149,22.653349
,32,113.788102,22.653308
,32,113.788079,22.653269
,32,113.788063,22.653203
,32,113.788063,22.653137
,32,113.788065,22.653114
,32,113.788073,22.653092
,32,113.788100,22.653037
,32,113.788143,22.652975
,32,113.788208,22.652938
,32,113.788264,22.652938
,32,113.788307,22.652959
,32,113.788324,22.652998
,32,113.788326,22.653031
,32,113.788324,22.653090
,32,113.788324,22.653175
,32,113.788328,22.653238
,32,113.788328,22.653290
,32,113.788328,22.653327
,32,113.788311,22.653360
,32,113.788280,22.653380
,33,113.787483,22.655109
,33,113.787412,22.655130
,33,113.787327,22.655130
,33,113.787248,22.655107
,33,113.787202,22.655079
,33,113.787167,22.655041
,33,113.787127,22.654980
,33,113.787121,22.654934
,33,113.787115,22.654897
,33,113.787117,22.654843
,33,113.787155,22.654760
,33,113.787384,22.654343
,33,113.787665,22.653836
,33,113.787715,22.653783
,33,113.787786,22.653747
,33,113.787867,22.653726
,33,113.787958,22.653735
,33,113.788029,22.653757
,33,113.788093,22.653795
,33,113.788132,22.653846
,33,113.788144,22.653894
,33,113.788150,22.653945
,33,113.788144,22.653995
,33,113.788134,22.654064
,33,113.788059,22.654206
,33,113.787620,22.654988
,33,113.787584,22.655045
,33,113.787541,22.655083
,33,113.787483,22.655109
,34,113.799596,22.632223
,34,113.799714,22.632180
,34,113.799812,22.632184
,34,113.799886,22.632200
,34,113.799961,22.632270
,34,113.800004,22.632364
,34,113.799996,22.632474
,34,113.799961,22.632584
,34,113.799906,22.632717
,34,113.799900,22.632723
,34,113.799867,22.632799
,34,113.799769,22.633054
,34,113.799561,22.633453
,34,113.799252,22.634045
,34,113.798970,22.634456
,34,113.798750,22.634746
,34,113.798648,22.634844
,34,113.798527,22.634887
,34,113.798437,22.634887
,34,113.798362,22.634856
,34,113.798296,22.634805
,34,113.798253,22.634734
,34,113.798253,22.634625
,34,113.798311,22.634452
,34,113.798413,22.634170
,34,113.798640,22.633712
,34,113.799001,22.633034
,34,113.799181,22.632756
,34,113.799357,22.632521
,34,113.799522,22.632282
,34,113.799596,22.632223
,35,113.801085,22.629486
,35,113.801237,22.629430
,35,113.801362,22.629462
,35,113.801437,22.629513
,35,113.801488,22.629621
,35,113.801488,22.629718
,35,113.801418,22.629951
,35,113.801265,22.630319
,35,113.801185,22.630524
,35,113.801022,22.630790
,35,113.800775,22.631251
,35,113.800487,22.631624
,35,113.800380,22.631777
,35,113.800315,22.631817
,35,113.800241,22.631839
,35,113.800154,22.631838
,35,113.800077,22.631824
,35,113.799988,22.631749
,35,113.799932,22.631661
,35,113.799941,22.631554
,35,113.800110,22.631076
,35,113.800296,22.630684
,35,113.800520,22.630274
,35,113.800818,22.629815
,35,113.801085,22.629486
,36,113.802523,22.626951
,36,113.802630,22.626930
,36,113.802681,22.626932
,36,113.802777,22.626973
,36,113.802850,22.627051
,36,113.802877,22.627102
,36,113.802877,22.627186
,36,113.802867,22.627245
,36,113.802815,22.627392
,36,113.802699,22.627701
,36,113.802593,22.627960
,36,113.802352,22.628387
,36,113.802207,22.628591
,36,113.802070,22.628775
,36,113.801947,22.628951
,36,113.801855,22.629053
,36,113.801788,22.629092
,36,113.801706,22.629100
,36,113.801635,22.629094
,36,113.801565,22.629067
,36,113.801496,22.629018
,36,113.801445,22.628947
,36,113.801437,22.628894
,36,113.801452,22.628784
,36,113.801501,22.628631
,36,113.801555,22.628479
,36,113.801669,22.628177
,36,113.801796,22.627946
,36,113.802051,22.627521
,36,113.802152,22.627384
,36,113.802307,22.627173
,36,113.802452,22.626984
,36,113.802523,22.626951
,37,113.803493,22.625183
,37,113.803615,22.625180
,37,113.803715,22.625195
,37,113.803806,22.625284
,37,113.803846,22.625348
,37,113.803849,22.625457
,37,113.803828,22.625530
,37,113.803703,22.625758
,37,113.803319,22.626449
,37,113.803249,22.626531
,37,113.803189,22.626565
,37,113.803116,22.626580
,37,113.803052,22.626583
,37,113.802960,22.626568
,37,113.802881,22.626516
,37,113.802842,22.626452
,37,113.802817,22.626385
,37,113.802811,22.626327
,37,113.802823,22.626267
,37,113.802864,22.626194
,37,113.803271,22.625451
,37,113.803380,22.625268
,37,113.803493,22.625183
,38,113.786780,22.654588
,38,113.786722,22.654654
,38,113.786597,22.654718
,38,113.786513,22.654732
,38,113.786423,22.654732
,38,113.786359,22.654723
,38,113.786308,22.654712
,38,113.785729,22.654437
,38,113.785645,22.654397
,38,113.785569,22.654350
,38,113.785526,22.654278
,38,113.785509,22.654237
,38,113.785509,22.654167
,38,113.785287,22.654573
,38,113.786453,22.655123
,38,113.786780,22.654588
,39,113.787698,22.652879
,39,113.787614,22.652928
,39,113.787530,22.652960
,39,113.787449,22.652975
,39,113.787388,22.652972
,39,113.787316,22.652954
,39,113.787255,22.652931
,39,113.787153,22.652882
,39,113.786884,22.652755
,39,113.786693,22.652671
,39,113.786609,22.652624
,39,113.786531,22.652566
,39,113.786499,22.652520
,39,113.786470,22.652471
,39,113.786471,22.652411
,39,113.786153,22.652991
,39,113.786230,22.652975
,39,113.786317,22.652966
,39,113.786401,22.652975
,39,113.786534,22.653030
,39,113.786806,22.653151
,39,113.787064,22.653279
,39,113.787174,22.653345
,39,113.787237,22.653434
,39,113.787275,22.653519
,39,113.787278,22.653606
,39,113.787272,22.653681
,39,113.787698,22.652879
,40,113.791912,22.645414
,40,113.791802,22.645575
,40,113.791605,22.645848
,40,113.791495,22.645987
,40,113.791413,22.646068
,40,113.791347,22.646094
,40,113.791277,22.646102
,40,113.791220,22.646108
,40,113.791130,22.646094
,40,113.791046,22.646042
,40,113.790973,22.645952
,40,113.790950,22.645906
,40,113.790941,22.645827
,40,113.790921,22.645538
,40,113.790915,22.645066
,40,113.790927,22.644872
,40,113.790933,22.644750
,40,113.790970,22.644539
,40,113.791008,22.644336
,40,113.791051,22.644142
,40,113.791123,22.643922
,40,113.790491,22.645076
,40,113.790571,22.645100
,40,113.790611,22.645153
,40,113.790634,22.645213
,40,113.790652,22.645570
,40,113.790724,22.646916
,40,113.790707,22.647206
,40,113.790692,22.647301
,40,113.790652,22.647501
,40,113.790588,22.647736
,40,113.790493,22.648008
,40,113.791912,22.645414
,41,113.793690,22.642218
,41,113.793281,22.642764
,41,113.793208,22.642850
,41,113.793118,22.642891
,41,113.793053,22.642907
,41,113.792947,22.642906
,41,113.792870,22.642875
,41,113.792800,22.642824
,41,113.792750,22.642764
,41,113.792727,22.642712
,41,113.792708,22.642645
,41,113.792698,22.642531
,41,113.792686,22.642303
,41,113.792683,22.641689
,41,113.792693,22.641602
,41,113.792703,22.641503
,41,113.792719,22.641396
,41,113.792740,22.641270
,41,113.792768,22.641122
,41,113.792807,22.640975
,41,113.792846,22.640827
,41,113.792874,22.640728
,41,113.792266,22.641837
,41,113.792317,22.641850
,41,113.792356,22.641873
,41,113.792392,22.641905
,41,113.792414,22.641946
,41,113.792426,22.642401
,41,113.792452,22.642780
,41,113.792491,22.643525
,41,113.792484,22.643805
,41,113.792480,22.643997
,41,113.792439,22.644228
,41,113.792408,22.644386
,41,113.792343,22.644625
,41,113.793690,22.642218
,42,113.795394,22.639075
,42,113.795329,22.639188
,42,113.795095,22.639502
,42,113.795028,22.639594
,42,113.794984,22.639643
,42,113.794936,22.639687
,42,113.794876,22.639711
,42,113.794789,22.639730
,42,113.794713,22.639726
,42,113.794646,22.639719
,42,113.794587,22.639691
,42,113.794496,22.639596
,42,113.794481,22.639563
,42,113.794470,22.639479
,42,113.794446,22.639062
,42,113.794420,22.638669
,42,113.794495,22.638613
,42,113.794735,22.638465
,42,113.795062,22.638261
,42,113.795195,22.638185
,42,113.795282,22.638157
,42,113.795366,22.638153
,42,113.795444,22.638161
,42,113.795507,22.638183
,42,113.795559,22.638229
,42,113.795607,22.638287
,42,113.795635,22.638348
,42,113.795637,22.638398
,42,113.795635,22.638472
,42,113.795603,22.638556
,42,113.795559,22.638671
,42,113.795488,22.638843
,42,113.795419,22.639029
,42,113.796932,22.636319
,42,113.796804,22.636541
,42,113.796537,22.636960
,42,113.796453,22.637045
,42,113.796363,22.637137
,42,113.796244,22.637234
,42,113.796158,22.637297
,42,113.796054,22.637380
,42,113.795871,22.637488
,42,113.795180,22.637908
,42,113.794807,22.638138
,42,113.794661,22.638222
,42,113.794609,22.638253
,42,113.794560,22.638261
,42,113.794521,22.638253
,42,113.794495,22.638232
,42,113.794470,22.638196
,42,113.794469,22.638164
,42,113.794478,22.638084
,42,113.794493,22.637941
,42,113.794509,22.637872
,42,113.794521,22.637807
,42,113.794539,22.637745
,42,113.794566,22.637640
,42,113.793653,22.639307
,42,113.793762,22.639198
,42,113.793850,22.639107
,42,113.793918,22.639043
,42,113.793980,22.638988
,42,113.794022,22.638960
,42,113.794071,22.638941
,42,113.794112,22.638942
,42,113.794144,22.638952
,42,113.794183,22.638970
,42,113.794200,22.638998
,42,113.794205,22.639087
,42,113.794223,22.639620
,42,113.794278,22.640685
,42,113.794267,22.640803
,42,113.794258,22.640899
,42,113.794247,22.640988
,42,113.794224,22.641106
,42,113.794190,22.641242
,42,113.794118,22.641418
,42,113.795394,22.639075
,43,113.797080,22.636061
,43,113.798585,22.633305
,43,113.798411,22.633572
,43,113.798209,22.633784
,43,113.798094,22.633902
,43,113.797944,22.634036
,43,113.797762,22.634186
,43,113.797583,22.634306
,43,113.797340,22.634451
,43,113.797066,22.634612
,43,113.796534,22.634933
,43,113.796389,22.635022
,43,113.796235,22.635118
,43,113.796151,22.635165
,43,113.796101,22.635184
,43,113.796067,22.635189
,43,113.796010,22.635183
,43,113.795983,22.635163
,43,113.795967,22.635144
,43,113.795950,22.635115
,43,113.795276,22.636344
,43,113.795376,22.636220
,43,113.795469,22.636106
,43,113.795571,22.635991
,43,113.795676,22.635880
,43,113.795811,22.635763
,43,113.796001,22.635598
,43,113.796207,22.635450
,43,113.796311,22.635376
,43,113.796485,22.635262
,43,113.796645,22.635158
,43,113.796769,22.635090
,43,113.796873,22.635016
,43,113.796956,22.634989
,43,113.797033,22.634979
,43,113.797099,22.634977
,43,113.797178,22.634990
,43,113.797254,22.635030
,43,113.797314,22.635091
,43,113.797344,22.635139
,43,113.797366,22.635192
,43,113.797378,22.635258
,43,113.797373,22.635344
,43,113.797248,22.635626
,43,113.797080,22.636061
,44,113.798946,22.632601
,44,113.800298,22.630168
,44,113.800118,22.630415
,44,113.799932,22.630626
,44,113.799829,22.630724
,44,113.799712,22.630826
,44,113.799569,22.630937
,44,113.799432,22.631035
,44,113.799230,22.631158
,44,113.798947,22.631337
,44,113.798576,22.631558
,44,113.798296,22.631728
,44,113.798092,22.631840
,44,113.797959,22.631923
,44,113.797894,22.631958
,44,113.797855,22.631966
,44,113.797822,22.631969
,44,113.797798,22.631960
,44,113.797768,22.631949
,44,113.797740,22.631930
,44,113.797717,22.631891
,44,113.797020,22.633162
,44,113.797140,22.633013
,44,113.797203,22.632937
,44,113.797295,22.632831
,44,113.797438,22.632683
,44,113.797590,22.632553
,44,113.797720,22.632436
,44,113.797959,22.632247
,44,113.798289,22.632029
,44,113.798441,22.631932
,44,113.798609,22.631825
,44,113.798745,22.631769
,44,113.798854,22.631769
,44,113.798956,22.631788
,44,113.799039,22.631832
,44,113.799106,22.631908
,44,113.799128,22.631951
,44,113.799139,22.632003
,44,113.799149,22.632082
,44,113.799119,22.632203
,44,113.799012,22.632447
,44,113.798946,22.632601
,45,113.802482,22.626016
,45,113.802441,22.626073
,45,113.802382,22.626123
,45,113.802312,22.626155
,45,113.802223,22.626175
,45,113.802093,22.626179
,45,113.801961,22.626140
,45,113.801444,22.625882
,45,113.801318,22.625808
,45,113.801259,22.625754
,45,113.801216,22.625684
,45,113.801205,22.625636
,45,113.801192,22.625551
,45,113.800827,22.626215
,45,113.800944,22.626173
,45,113.801055,22.626173
,45,113.801159,22.626184
,45,113.801315,22.626257
,45,113.801839,22.626507
,45,113.801928,22.626570
,45,113.801978,22.626642
,45,113.802002,22.626724
,45,113.802015,22.626822
,45,113.802000,22.626911
,45,113.802482,22.626016
,46,113.807873,22.648116
,46,113.807268,22.649229
,46,113.806434,22.650761
,46,113.806037,22.651471
,46,113.805519,22.652300
,46,113.805384,22.652370
,46,113.805334,22.652384
,46,113.805190,22.652375
,46,113.805036,22.652305
,46,113.804742,22.652156
,46,113.804389,22.652002
,46,113.804285,22.651937
,46,113.804235,22.651882
,46,113.804168,22.651766
,46,113.803918,22.652220
,46,113.804024,22.652211
,46,113.804138,22.652222
,46,113.804268,22.652264
,46,113.804555,22.652394
,46,113.804985,22.652602
,46,113.805136,22.652696
,46,113.805187,22.652759
,46,113.805231,22.652849
,46,113.805218,22.652962
,46,113.805166,22.653069
,46,113.805113,22.653153
,46,113.805065,22.653225
,46,113.805021,22.653273
,46,113.804950,22.653304
,46,113.804859,22.653321
,46,113.804748,22.653306
,46,113.804650,22.653269
,46,113.804448,22.653189
,46,113.804089,22.653011
,46,113.803905,22.652918
,46,113.803756,22.652828
,46,113.803703,22.652744
,46,113.803678,22.652658
,46,113.803482,22.653016
,46,113.805103,22.653774
,46,113.806054,22.652038
,46,113.806024,22.652025
,46,113.806168,22.651758
,46,113.806143,22.651728
,46,113.807382,22.649466
,46,113.807764,22.648872
,46,113.807826,22.648799
,46,113.807897,22.648758
,46,113.807993,22.648739
,46,113.808112,22.648758
,46,113.808191,22.648811
,46,113.808246,22.648880
,46,113.808270,22.648940
,46,113.808502,22.648536
,46,113.808406,22.648543
,46,113.808328,22.648529
,46,113.808227,22.648470
,46,113.808168,22.648389
,46,113.808154,22.648283
,46,113.808171,22.648193
,46,113.808238,22.648036
,46,113.808364,22.647785
,46,113.808465,22.647561
,46,113.808812,22.646934
,46,113.809273,22.646089
,46,113.809424,22.645832
,46,113.809581,22.645597
,46,113.809684,22.645437
,46,113.809777,22.645317
,46,113.809903,22.645264
,46,113.810009,22.645272
,46,113.810096,22.645295
,46,113.810163,22.645353
,46,113.810194,22.645390
,46,113.810198,22.645441
,46,113.810411,22.645048
,46,113.810347,22.645065
,46,113.810294,22.645068
,46,113.810230,22.645051
,46,113.810177,22.645015
,46,113.810124,22.644956
,46,113.810076,22.644875
,46,113.810073,22.644808
,46,113.810082,22.644738
,46,113.810140,22.644573
,46,113.810294,22.644257
,46,113.810431,22.643994
,46,113.810655,22.643574
,46,113.810792,22.643350
,46,113.810913,22.643160
,46,113.811038,22.642959
,46,113.811131,22.642838
,46,113.811212,22.642771
,46,113.811332,22.642738
,46,113.811444,22.642760
,46,113.811508,22.642796
,46,113.811556,22.642861
,46,113.811587,22.642914
,46,113.811594,22.642953
,46,113.811938,22.642433
,46,113.811881,22.642478
,46,113.811833,22.642508
,46,113.811757,22.642539
,46,113.811674,22.642539
,46,113.811606,22.642531
,46,113.811522,22.642469
,46,113.811475,22.642402
,46,113.811455,22.642338
,46,113.811455,22.642248
,46,113.811492,22.642159
,46,113.811629,22.641840
,46,113.812012,22.641093
,46,113.812630,22.639977
,46,113.813148,22.639067
,46,113.813402,22.638670
,46,113.813520,22.638547
,46,113.813607,22.638527
,46,113.813685,22.638530
,46,113.813797,22.638564
,46,113.813881,22.638631
,46,113.813926,22.638737
,46,113.813931,22.638810
,46,113.813900,22.638949
,46,113.814344,22.638122
,46,113.814225,22.638253
,46,113.814133,22.638304
,46,113.814018,22.638306
,46,113.813937,22.638287
,46,113.813858,22.638253
,46,113.813805,22.638189
,46,113.813775,22.638083
,46,113.813788,22.638004
,46,113.813836,22.637862
,46,113.814180,22.637151
,46,113.814617,22.636365
,46,113.815047,22.635596
,46,113.815210,22.635349
,46,113.815350,22.635117
,46,113.815470,22.634991
,46,113.815573,22.634963
,46,113.815691,22.634983
,46,113.815764,22.635025
,46,113.815839,22.635100
,46,113.815864,22.635156
,46,113.815876,22.635280
,46,113.816143,22.634802
,46,113.816035,22.634801
,46,113.815943,22.634770
,46,113.815853,22.634725
,46,113.815786,22.634672
,46,113.815736,22.634611
,46,113.815719,22.634502
,46,113.815758,22.634393
,46,113.816229,22.633442
,46,113.817074,22.631900
,46,113.817228,22.631681
,46,113.817412,22.631418
,46,113.817503,22.631381
,46,113.817606,22.631363
,46,113.817761,22.631428
,46,113.817911,22.631545
,46,113.818095,22.631204
,46,113.817979,22.631199
,46,113.817865,22.631164
,46,113.817780,22.631085
,46,113.817741,22.631015
,46,113.817716,22.630915
,46,113.817746,22.630806
,46,113.817835,22.630572
,46,113.817979,22.630279
,46,113.818407,22.629488
,46,113.819103,22.628200
,46,113.819655,22.627205
,46,113.819869,22.626957
,46,113.820004,22.626867
,46,113.820128,22.626862
,46,113.820232,22.626892
,46,113.820357,22.626972
,46,113.820411,22.627046
,46,113.820687,22.626551
,46,113.820590,22.626579
,46,113.820421,22.626569
,46,113.820188,22.626459
,46,113.819576,22.626201
,46,113.818483,22.625678
,46,113.818234,22.626131
,46,113.818362,22.626111
,46,113.818492,22.626111
,46,113.818651,22.626166
,46,113.818974,22.626315
,46,113.819228,22.626439
,46,113.819387,22.626534
,46,113.819486,22.626663
,46,113.819536,22.626778
,46,113.819536,22.626922
,46,113.819327,22.627280
,46,113.817356,22.630854
,46,113.816746,22.631982
,46,113.815970,22.633394
,46,113.814776,22.635529
,46,113.813835,22.637293
,46,113.812044,22.640536
,46,113.810108,22.644057
,46,113.809239,22.645649
,46,113.808191,22.647532
,46,113.807873,22.648116
,47,113.807873,22.648116
,47,113.807823,22.648181
,47,113.807751,22.648297
,47,113.807670,22.648425
,47,113.807595,22.648542
,47,113.807533,22.648632
,47,113.807467,22.648710
,47,113.807404,22.648741
,47,113.807351,22.648755
,47,113.807301,22.648762
,47,113.807250,22.648758
,47,113.807192,22.648745
,47,113.807138,22.648717
,47,113.807086,22.648685
,47,113.807054,22.648630
,47,113.807033,22.648573
,47,113.807021,22.648498
,47,113.807002,22.648300
,47,113.806978,22.647943
,47,113.806968,22.647538
,47,113.806982,22.647288
,47,113.806996,22.647078
,47,113.807030,22.646845
,47,113.807059,22.646687
,47,113.807088,22.646572
,47,113.807122,22.646446
,47,113.807152,22.646328
,47,113.806616,22.647303
,47,113.806636,22.647304
,47,113.806656,22.647329
,47,113.806680,22.647357
,47,113.806687,22.647386
,47,113.806697,22.647538
,47,113.806707,22.647771
,47,113.806727,22.648126
,47,113.806738,22.648381
,47,113.806751,22.648539
,47,113.806773,22.648668
,47,113.806814,22.648747
,47,113.806865,22.648826
,47,113.806923,22.648889
,47,113.806988,22.648933
,47,113.807086,22.648981
,47,113.807172,22.649023
,47,113.807227,22.649064
,47,113.807254,22.649118
,47,113.807268,22.649177
,47,113.807268,22.649229
,47,113.807873,22.648116
,48,113.809494,22.645182
,48,113.809792,22.644635
,48,113.809703,22.644739
,48,113.809605,22.644792
,48,113.809497,22.644792
,48,113.809385,22.644763
,48,113.809332,22.644724
,48,113.809299,22.644666
,48,113.809255,22.644486
,48,113.809217,22.644018
,48,113.809199,22.643494
,48,113.809232,22.643161
,48,113.809249,22.642955
,48,113.809302,22.642696
,48,113.809380,22.642394
,48,113.809413,22.642288
,48,113.809446,22.642188
,48,113.809473,22.642098
,48,113.808784,22.643354
,48,113.808806,22.643335
,48,113.808830,22.643327
,48,113.808861,22.643331
,48,113.808904,22.643356
,48,113.808915,22.643376
,48,113.808925,22.643414
,48,113.808927,22.643456
,48,113.808931,22.643617
,48,113.808962,22.643952
,48,113.808972,22.644408
,48,113.809002,22.644641
,48,113.809058,22.644803
,48,113.809169,22.644914
,48,113.809443,22.645061
,48,113.809494,22.645182
,49,113.812790,22.636053
,49,113.813025,22.635784
,49,113.813272,22.635544
,49,113.813558,22.635326
,49,113.813910,22.635061
,49,113.814269,22.634864
,49,113.814516,22.634716
,49,113.814701,22.634619
,49,113.814812,22.634606
,49,113.814903,22.634619
,49,113.814981,22.634659
,49,113.815042,22.634721
,49,113.815076,22.634782
,49,113.815082,22.634845
,49,113.815068,22.634931
,49,113.815016,22.635046
,49,113.814929,22.635255
,49,113.815379,22.634452
,49,113.815306,22.634477
,49,113.815242,22.634481
,49,113.815195,22.634473
,49,113.815102,22.634433
,49,113.814987,22.634376
,49,113.814868,22.634352
,49,113.814691,22.634350
,49,113.814568,22.634393
,49,113.814350,22.634540
,49,113.814079,22.634693
,49,113.813577,22.634996
,49,113.813506,22.635040
,49,113.813461,22.635071
,49,113.813431,22.635081
,49,113.813395,22.635081
,49,113.813361,22.635061
,49,113.813346,22.635038
,49,113.812790,22.636053
,50,113.814756,22.632469
,50,113.815088,22.632106
,50,113.815352,22.631864
,50,113.815659,22.631630
,50,113.816178,22.631302
,50,113.816618,22.631051
,50,113.816765,22.631006
,50,113.816862,22.631015
,50,113.816956,22.631051
,50,113.817005,22.631106
,50,113.817053,22.631177
,50,113.817060,22.631233
,50,113.817060,22.631307
,50,113.817018,22.631401
,50,113.816893,22.631710
,50,113.817356,22.630854
,50,113.817277,22.630882
,50,113.817209,22.630886
,50,113.817122,22.630860
,50,113.817021,22.630811
,50,113.816895,22.630762
,50,113.816752,22.630759
,50,113.816580,22.630792
,50,113.816424,22.630869
,50,113.816233,22.630993
,50,113.815915,22.631187
,50,113.815637,22.631356
,50,113.815492,22.631439
,50,113.815457,22.631459
,50,113.815426,22.631471
,50,113.815407,22.631475
,50,113.815379,22.631471
,50,113.815353,22.631466
,50,113.815329,22.631456
,50,113.815317,22.631446
,50,113.814756,22.632469
,51,113.820687,22.626551
,51,113.820411,22.627046
,51,113.820430,22.627117
,51,113.820425,22.627170
,51,113.820409,22.627244
,51,113.819961,22.628142
,51,113.819201,22.629531
,51,113.818413,22.630843
,51,113.818294,22.631068
,51,113.818236,22.631137
,51,113.818162,22.631171
,51,113.818095,22.631204
,51,113.817911,22.631545
,51,113.817931,22.631598
,51,113.817937,22.631660
,51,113.817915,22.631724
,51,113.816661,22.633987
,51,113.816262,22.634590
,51,113.816698,22.634812
,51,113.817014,22.634194
,51,113.817358,22.633652
,51,113.817495,22.633554
,51,113.817636,22.633563
,51,113.817820,22.633634
,51,113.817980,22.633709
,51,113.818062,22.633745
,51,113.818331,22.633258
,51,113.818244,22.633304
,51,113.818131,22.633280
,51,113.818051,22.633247
,51,113.817881,22.633139
,51,113.817810,22.633064
,51,113.817773,22.632941
,51,113.818348,22.631768
,51,113.822855,22.623509
,51,113.822568,22.623387
,51,113.821301,22.625670
,51,113.821108,22.625998
,51,113.820883,22.626342
,51,113.820770,22.626507
,51,113.820687,22.626551
,52,113.808278,22.652418
,52,113.808492,22.652036
,52,113.808417,22.652077
,52,113.808353,22.652095
,52,113.808268,22.652084
,52,113.808175,22.652043
,52,113.807489,22.651730
,52,113.807374,22.651667
,52,113.807347,22.651637
,52,113.807342,22.651589
,52,113.807235,22.651788
,52,113.808055,22.652163
,52,113.808223,22.652244
,52,113.808268,22.652323
,52,113.808278,22.652418
